0.363002	0.400000	0.211989
0.397402	0.395082	0.302094
0.460428	0.388525	0.351820
0.525499	0.383607	0.365902
0.558576	0.377049	0.343470
0.566514	0.372131	0.314681
0.563267	0.368853	0.323280
0.547390	0.354098	0.322782
0.518523	0.316393	0.273180
0.500120	0.267213	0.243519
0.503488	0.218033	0.262463
0.504330	0.168852	0.250374
0.499880	0.134426	0.209870
0.501684	0.162295	0.226446
0.517320	0.231148	0.278290
0.557614	0.296721	0.312812
0.594539	0.359016	0.350449
0.606567	0.424590	0.402667
0.606327	0.468852	0.417124
0.605244	0.488525	0.395813
0.627977	0.493443	0.419242
0.661775	0.490164	0.472582
0.683426	0.483606	0.515329
0.683305	0.478688	0.517572
0.659129	0.472131	0.472831
0.626173	0.467213	0.435693
0.587804	0.462295	0.406032
0.543782	0.457377	0.361167
0.494948	0.452459	0.316550
0.441304	0.440983	0.291874
0.409430	0.429508	0.282901
0.412677	0.414754	0.282652
0.407626	0.401639	0.263460
0.390065	0.390164	0.218719
0.383570	0.375410	0.154287
0.382608	0.360656	0.093719
0.375391	0.347541	0.067921
0.380683	0.340983	0.067423
0.406663	0.340983	0.083126
0.420736	0.340983	0.094840
0.416045	0.340983	0.097458
0.399808	0.344262	0.094217
0.376955	0.354098	0.089855
0.354102	0.365574	0.089855
0.330407	0.375410	0.099826
0.306832	0.386885	0.125498
0.320063	0.398361	0.181830
0.375271	0.409836	0.260344
0.416767	0.421311	0.298106
0.439620	0.432787	0.291251
0.452009	0.439344	0.248504
0.455497	0.442623	0.212488
0.451528	0.437705	0.220837
0.451768	0.431147	0.243519
0.460669	0.421311	0.263709
0.476305	0.409836	0.269691
0.487611	0.401639	0.265454
0.476786	0.401639	0.263584
0.465119	0.411475	0.264457
0.473057	0.424590	0.269940
0.499519	0.439344	0.299227
0.532235	0.459016	0.330384
0.548112	0.473770	0.309322
0.544142	0.488525	0.255484
0.520447	0.503279	0.190429
0.488814	0.514754	0.141326
0.453933	0.521312	0.115528
0.407746	0.531148	0.084995
0.365408	0.539344	0.051471
0.357590	0.545902	0.026545
0.359755	0.554098	0.009721
0.343878	0.560656	0.000000
0.346404	0.568852	0.051969
0.383931	0.575410	0.179088
0.425307	0.585246	0.258848
0.461030	0.591803	0.282278
0.487371	0.591803	0.288883
0.518764	0.588524	0.296859
0.567958	0.578688	0.315429
0.640245	0.567213	0.309571
0.715781	0.557377	0.276545
0.756074	0.547541	0.228315
0.766057	0.537705	0.177841
0.751624	0.527869	0.136466
0.712774	0.516394	0.099452
0.658768	0.503279	0.068918
0.622083	0.488525	0.060568
0.592976	0.473770	0.063185
0.546187	0.460655	0.056830
0.495069	0.447541	0.041999
0.452610	0.431147	0.020439
0.416767	0.424590	0.025548
0.389945	0.424590	0.073529
0.392831	0.427869	0.118644
0.420014	0.431147	0.147433
0.437695	0.434426	0.167124
0.448039	0.439344	0.173604
0.459707	0.440983	0.159148
0.467044	0.444262	0.150673
0.466081	0.444262	0.169865
0.468727	0.444262	0.199277
0.484845	0.442623	0.238784
0.528266	0.439344	0.344965
0.603560	0.439344	0.485045
0.710729	0.439344	0.567547
0.821025	0.439344	0.579761
0.910272	0.439344	0.528290
0.973057	0.437705	0.477443
1.000000	0.434426	0.431206
0.974621	0.434426	0.369890
0.918451	0.434426	0.307453
0.860356	0.434426	0.263958
0.791917	0.434759	0.228066
0.701708	0.437417	0.185444
0.615588	0.440407	0.148679
0.565552	0.443398	0.133724
0.525860	0.446389	0.124626
0.471614	0.449379	0.103938
0.414241	0.452370	0.084247
0.361799	0.455361	0.075399
0.322949	0.458352	0.072782
0.305388	0.461343	0.075399
0.305749	0.464333	0.097582
0.321265	0.467324	0.142697
0.340871	0.470315	0.186690
0.361559	0.473305	0.219965
0.389584	0.476296	0.241276
0.421337	0.479286	0.251620
0.445754	0.482277	0.252368
0.470291	0.485268	0.258101
0.505894	0.488258	0.288260
0.553284	0.491250	0.328639
0.608732	0.494240	0.365653
0.645417	0.497231	0.371012
0.661174	0.500222	0.355932
0.672360	0.503212	0.374501
0.674886	0.506203	0.399053
0.659851	0.506557	0.383848
0.628699	0.486885	0.347084
0.585398	0.434426	0.304337
0.556411	0.378689	0.272682
0.549796	0.326229	0.256356
0.540534	0.278688	0.223579
0.542699	0.262295	0.217597
0.595983	0.303278	0.344342
0.657566	0.373771	0.480309
0.684388	0.440983	0.505733
0.684989	0.506557	0.492024
0.694010	0.573770	0.498504
0.782896	0.640984	0.601820
0.840751	0.690164	0.685319
0.779288	0.696721	0.658026
0.643974	0.660656	0.589232
0.501443	0.593442	0.517946
0.442627	0.529508	0.480932
0.416045	0.465574	0.474078
0.388742	0.401639	0.491775
0.365287	0.336065	0.527044
0.351335	0.272131	0.577393
0.351095	0.208197	0.635469
0.343637	0.144262	0.661017
0.325595	0.075410	0.642198
0.299254	0.004918	0.582253
0.274356	0.000000	0.535768
0.251022	0.063934	0.514332
0.218547	0.134426	0.486167
0.178855	0.206557	0.446785
0.135915	0.277049	0.394816
0.096344	0.340983	0.341351
0.063988	0.393443	0.289133
0.041015	0.444262	0.212363
0.025259	0.495082	0.136341
0.010705	0.549180	0.124501
0.000481	0.595082	0.147557
0.000000	0.624590	0.169865
0.029829	0.639344	0.200773
0.095141	0.640984	0.247134
0.181261	0.640984	0.327517
0.272552	0.645902	0.396934
0.352778	0.645902	0.403539
0.418451	0.652459	0.392323
0.473899	0.660656	0.384222
0.542338	0.670492	0.371884
0.612942	0.681967	0.356680
0.667549	0.691803	0.340354
0.697859	0.701639	0.311939
0.700625	0.711475	0.268569
0.687034	0.722951	0.231181
0.663459	0.734426	0.207004
0.635675	0.749180	0.197657
0.611378	0.763934	0.200523
0.600313	0.778688	0.211989
0.594780	0.793443	0.229063
0.586721	0.804918	0.249751
0.574212	0.818033	0.268445
0.555208	0.832787	0.279910
0.526822	0.845902	0.290628
0.489175	0.847541	0.303714
0.453693	0.847541	0.317921
0.429035	0.842623	0.333001
0.424465	0.837705	0.345837
0.438898	0.832787	0.360793
0.455256	0.829508	0.394068
0.475223	0.824590	0.440803
0.510585	0.819672	0.486790
0.550758	0.816394	0.526545
0.578542	0.819672	0.553838
0.604162	0.829508	0.573654
0.639283	0.839344	0.591226
0.666226	0.850820	0.595962
0.674645	0.862295	0.583250
0.668511	0.870492	0.569292
0.648665	0.877049	0.559322
0.609935	0.877049	0.545239
0.558215	0.877049	0.529786
0.509622	0.872131	0.524302
0.468968	0.868852	0.521560
0.440101	0.865574	0.505234
0.416045	0.862295	0.491401
0.389223	0.862295	0.500498
0.361920	0.863934	0.511715
0.336300	0.868852	0.507602
0.318619	0.875410	0.504985
0.312485	0.881967	0.514207
0.318980	0.888524	0.542124
0.333053	0.895082	0.581381
0.339187	0.900000	0.597832
0.337503	0.906557	0.595588
0.331970	0.906557	0.589357
0.331008	0.906557	0.586117
0.344599	0.906557	0.593719
0.375511	0.901639	0.610668
0.423863	0.900000	0.634596
0.464518	0.896721	0.654038
0.486890	0.895082	0.665130
0.500601	0.891803	0.675349
0.505773	0.891803	0.688559
0.495790	0.891803	0.710494
0.480876	0.891803	0.732428
0.478350	0.891803	0.739656
0.468006	0.891803	0.733300
0.430599	0.893442	0.714357
0.391027	0.896721	0.687313
0.364446	0.896721	0.656530
0.338465	0.896721	0.636839
0.311763	0.893442	0.637338
0.314169	0.891803	0.663385
0.353380	0.891803	0.707378
0.409791	0.888524	0.725199
0.473418	0.886885	0.721585
0.532836	0.886885	0.732802
0.590690	0.886885	0.747507
0.656002	0.886885	0.742273
0.708203	0.886885	0.727941
0.728891	0.888524	0.715105
0.725403	0.891803	0.694417
0.702670	0.891803	0.663385
0.673202	0.888524	0.631730
0.641328	0.886885	0.606929
0.601516	0.881967	0.604187
0.555689	0.881967	0.612537
0.507578	0.877049	0.605683
0.460308	0.877049	0.593220
0.415925	0.872131	0.589108
0.388501	0.872131	0.594965
0.392230	0.870492	0.612039
0.402815	0.867213	0.619516
0.404859	0.867213	0.606929
0.397402	0.867213	0.600199
0.385013	0.868852	0.607802
0.394154	0.872131	0.619641
0.421939	0.877049	0.631107
0.449844	0.881967	0.637463
0.470532	0.886885	0.630234
0.475824	0.891803	0.599701
0.477508	0.895082	0.581132
0.484364	0.896721	0.597458
0.501564	0.898360	0.611416
0.527784	0.901639	0.610170
0.543300	0.903279	0.606555
0.548472	0.906557	0.603315
0.552682	0.906557	0.601570
0.547149	0.911475	0.599327
0.518042	0.911475	0.593719
0.479071	0.916393	0.586117
0.445754	0.916393	0.578141
0.410994	0.919672	0.562687
0.370459	0.921311	0.534895
0.334015	0.922951	0.514955
0.308636	0.926229	0.515703
0.298051	0.927869	0.532527
0.303344	0.931148	0.561939
0.324513	0.931148	0.597084
0.349892	0.934426	0.627866
0.349771	0.936066	0.633599
0.341111	0.936066	0.626246
0.357950	0.936066	0.627617
0.381886	0.936066	0.635344
0.394275	0.936066	0.647433
0.411475	0.936066	0.654786
0.438537	0.936066	0.651047
0.448521	0.936066	0.632104
0.438056	0.936066	0.603066
0.420014	0.936066	0.581879
0.398484	0.936066	0.563684
0.376594	0.932787	0.533151
0.355184	0.931148	0.507727
0.333895	0.931148	0.514083
0.314650	0.929508	0.529786
0.299495	0.926229	0.536266
0.288549	0.931148	0.539506
0.283618	0.934426	0.543619
0.300337	0.939344	0.575150
0.340871	0.942623	0.633599
0.381886	0.945902	0.664382
0.414121	0.950820	0.663385
0.428675	0.950820	0.650548
0.436613	0.954099	0.636590
0.458985	0.955738	0.635095
0.477388	0.955738	0.624252
0.471855	0.960656	0.581505
0.451407	0.960656	0.542996
0.423262	0.960656	0.532403
0.404017	0.960656	0.526670
0.405701	0.960656	0.521810
0.437695	0.962295	0.545987
0.496512	0.965574	0.584123
0.572408	0.965574	0.590728
0.645297	0.965574	0.595214
0.691845	0.965574	0.641575
0.724561	0.965574	0.671236
0.750180	0.965574	0.648180
0.755834	0.965574	0.643445
0.739596	0.962295	0.671610
0.705918	0.965574	0.691052
0.671398	0.972131	0.698654
0.663098	0.977049	0.700399
0.669593	0.983607	0.706630
0.676930	0.988525	0.726570
0.681381	0.995082	0.731306
0.678494	0.998361	0.706256
0.661414	1.000000	0.661515
0.633029	1.000000	0.615155
0.612100	0.995082	0.618395
0.595502	0.995082	0.648679
0.573490	0.995082	0.656406
0.542218	0.993443	0.639083
0.495911	0.990164	0.592971
0.451287	0.990164	0.554088
0.419894	0.990164	0.546984
0.391508	0.990164	0.540379
0.364686	0.988525	0.526296
0.345802	0.985246	0.512587
0.337022	0.985246	0.515703
0.336781	0.985246	0.565553
0.359875	0.978689	0.646311
0.424224	0.973771	0.736914
0.500361	0.967213	0.794616
0.567356	0.959017	0.798480
0.616430	0.952459	0.812064
0.653837	0.945902	0.841974
0.708323	0.939344	0.855434
0.757638	0.932787	0.839980
0.774838	0.927869	0.788634
0.760524	0.919672	0.735917
0.717585	0.916393	0.701770
0.671037	0.914754	0.675723
0.626052	0.918033	0.651795
0.565432	0.921311	0.613285
0.498917	0.924590	0.567921
0.448160	0.926229	0.535020
0.408708	0.926229	0.513709
0.369858	0.926229	0.498131
0.349892	0.926229	0.498754
0.369618	0.927869	0.527542
0.413760	0.931148	0.588734
0.470050	0.931148	0.679212
0.529228	0.931148	0.741027
0.582271	0.931148	0.757353
0.613183	0.921311	0.763584
0.632548	0.901639	0.781406
0.675126	0.855738	0.844591
0.725884	0.800000	0.917996
0.762689	0.745901	0.956007
0.777845	0.690164	0.955259
0.768944	0.639344	0.918495
0.773635	0.616393	0.905409
0.796007	0.624590	0.932702
0.795405	0.632787	0.972832
0.772552	0.639344	1.000000
0.739235	0.644262	0.979686
0.688718	0.649180	0.930957
0.615468	0.657377	0.872881
0.543180	0.662295	0.830508
0.497474	0.668853	0.821660
0.529709	0.677049	0.855808
0.591172	0.683607	0.901047
0.614265	0.690164	0.917996
0.620279	0.696721	0.916874
0.613784	0.703279	0.897308
0.585518	0.704918	0.846959
0.559779	0.700000	0.813559
0.556050	0.685246	0.830633
0.551359	0.670492	0.804088
0.544503	0.652459	0.753116
0.541376	0.636066	0.741775
0.527784	0.621311	0.735419
0.496271	0.606557	0.717473
0.444672	0.591803	0.698031
0.386096	0.575410	0.673729
0.340269	0.557377	0.638086
0.297089	0.542623	0.593719
0.250902	0.531148	0.542622
0.215540	0.522951	0.480683
0.194371	0.516394	0.419367
0.180419	0.511475	0.394192
0.172119	0.504918	0.384222
0.167308	0.498361	0.354811
0.184508	0.493443	0.346959
0.229733	0.491803	0.376869
0.267260	0.488525	0.378116
0.292398	0.483606	0.358425
0.311643	0.483606	0.360419
0.333654	0.483606	0.370887
0.364566	0.486885	0.375872
0.392471	0.493443	0.366401
0.413760	0.498361	0.347956
0.428675	0.503279	0.343719
0.439981	0.508197	0.340105
0.450084	0.513115	0.319292
0.457301	0.516394	0.301097
0.465480	0.522951	0.300474
0.509983	0.527869	0.333873
0.579986	0.532787	0.374751
0.633269	0.537705	0.359920
0.671638	0.544262	0.329138
0.697017	0.547541	0.320788
0.689439	0.552459	0.290379
0.647342	0.549180	0.228564
0.620760	0.540984	0.204761
0.609694	0.527869	0.218345
0.584316	0.513115	0.230558
0.548352	0.501639	0.229187
0.508420	0.498361	0.199651
0.475704	0.498361	0.178215
0.459225	0.504918	0.197532
0.445273	0.514754	0.209497
0.425427	0.521312	0.190304
0.399447	0.529508	0.177592
0.374188	0.536066	0.185444
0.382367	0.544262	0.220588
0.410272	0.550820	0.267946
0.423142	0.560656	0.300474
0.425908	0.567213	0.313559
0.426269	0.567213	0.303963
0.429516	0.567213	0.303963
0.438778	0.567213	0.332627
0.441785	0.565574	0.359546
0.435049	0.562295	0.371510
0.422300	0.560656	0.359422
0.407024	0.557377	0.334995
0.395357	0.555738	0.322782
0.383690	0.552459	0.314556
0.367573	0.552459	0.300723
0.349771	0.547541	0.299726
0.331369	0.547541	0.319791
0.306351	0.547541	0.331007
0.279528	0.547541	0.332253
0.280731	0.547541	0.373878
0.300217	0.550820	0.426969
0.311884	0.552459	0.425100
0.314169	0.554098	0.393943
0.306110	0.557377	0.364407
0.296247	0.562295	0.346585
0.290714	0.568852	0.348205
0.293120	0.573770	0.361416
0.299976	0.578688	0.382478
0.298653	0.585246	0.412014
0.288549	0.590164	0.437064
0.270267	0.591803	0.437687
0.253548	0.591803	0.421859
0.248978	0.590164	0.399551
0.272913	0.586885	0.410768
0.325595	0.583606	0.456505
0.384532	0.581967	0.470962
0.435049	0.577049	0.461989
0.460548	0.577049	0.459497
0.472576	0.570492	0.454885
0.483642	0.563934	0.439058
0.494587	0.552459	0.438933
0.502646	0.540984	0.457129
0.489536	0.527869	0.422483
0.457782	0.516394	0.352193
0.423382	0.503279	0.330384
0.391027	0.491803	0.340852
0.365408	0.485246	0.341226
0.346043	0.483606	0.341849
0.332572	0.483606	0.355434
0.327039	0.483606	0.375125
