103.12	5.10	56.56
103.52	5.11	57.01
103.90	5.12	57.31
104.25	5.13	57.49
104.57	5.14	57.56
104.84	5.14	57.53
105.08	5.15	57.42
105.27	5.16	57.26
105.41	5.17	57.04
105.50	5.17	56.80
105.54	5.18	56.54
105.52	5.19	56.29
105.37	5.20	56.18
105.17	5.21	56.08
104.92	5.21	55.98
104.63	5.22	55.89
104.32	5.23	55.79
103.98	5.23	55.63
103.62	5.23	55.36
103.26	5.24	55.10
102.90	5.24	54.87
102.56	5.23	54.68
102.25	5.23	54.57
101.99	5.23	54.65
101.78	5.23	54.88
101.62	5.22	55.18
101.51	5.21	55.53
101.45	5.21	55.93
101.48	5.20	56.36
101.64	5.20	56.83
101.83	5.19	57.29
102.06	5.19	57.72
102.29	5.18	58.11
102.52	5.17	58.44
102.65	5.17	58.53
102.75	5.16	58.53
102.83	5.16	58.48
102.90	5.15	58.39
102.95	5.15	58.28
102.99	5.14	58.20
103.03	5.13	58.18
103.07	5.13	58.16
103.10	5.12	58.13
103.14	5.12	58.09
103.18	5.11	58.05
103.28	5.11	57.99
103.39	5.11	57.92
103.49	5.11	57.83
103.58	5.11	57.73
103.65	5.11	57.60
103.63	5.11	57.42
103.54	5.12	57.17
103.42	5.12	56.92
103.30	5.12	56.69
103.19	5.12	56.49
103.11	5.13	56.35
103.13	5.13	56.42
103.18	5.13	56.52
103.25	5.13	56.63
103.35	5.14	56.74
103.46	5.14	56.83
103.61	5.14	56.77
103.76	5.14	56.66
103.91	5.15	56.51
104.04	5.15	56.32
104.13	5.15	56.09
104.12	5.15	55.78
104.04	5.16	55.43
103.92	5.16	55.05
103.77	5.16	54.67
103.59	5.16	54.31
103.40	5.16	53.98
103.20	5.17	53.75
102.99	5.17	53.56
102.79	5.17	53.39
102.59	5.17	53.23
102.41	5.17	53.09
102.30	5.17	52.92
102.22	5.17	52.74
102.15	5.17	52.57
102.08	5.17	52.43
101.99	5.17	52.30
101.87	5.18	52.22
101.68	5.18	52.18
101.49	5.18	52.17
101.28	5.18	52.18
101.07	5.18	52.21
100.87	5.18	52.24
100.72	5.18	52.23
100.59	5.18	52.22
100.45	5.18	52.24
100.31	5.18	52.29
100.16	5.18	52.38
99.92	5.18	52.60
99.62	5.19	52.94
99.33	5.19	53.29
99.09	5.19	53.64
98.91	5.19	53.96
98.88	5.19	54.17
99.10	5.19	54.16
99.40	5.19	54.11
99.76	5.19	54.05
100.16	5.19	53.99
100.58	5.19	54.02
100.94	5.19	54.27
101.30	5.19	54.56
101.65	5.20	54.85
101.99	5.20	55.14
102.32	5.20	55.39
102.61	5.20	55.46
102.89	5.20	55.47
103.14	5.20	55.43
103.38	5.20	55.35
103.59	5.20	55.23
103.78	5.20	55.06
103.95	5.20	54.86
104.09	5.20	54.66
104.19	5.20	54.47
104.26	5.20	54.31
104.26	5.20	54.27
104.18	5.19	54.36
104.07	5.18	54.47
103.95	5.18	54.59
103.82	5.17	54.71
103.71	5.16	54.79
103.67	5.15	54.75
103.64	5.14	54.67
103.60	5.13	54.55
103.55	5.12	54.40
103.49	5.11	54.20
103.34	5.10	53.89
103.16	5.09	53.55
102.98	5.08	53.21
102.79	5.07	52.90
102.60	5.06	52.64
102.49	5.05	52.58
102.42	5.04	52.69
102.34	5.03	52.82
102.24	5.02	52.95
102.10	5.01	53.05
101.88	5.00	53.03
101.41	4.99	52.61
100.92	4.98	52.17
100.45	4.97	51.75
100.02	4.96	51.39
99.67	4.94	51.15
99.71	4.92	51.50
99.86	4.89	52.00
100.07	4.86	52.58
100.33	4.83	53.18
100.60	4.81	53.75
100.78	4.77	54.06
100.87	4.74	54.16
100.95	4.71	54.19
101.01	4.69	54.16
101.06	4.66	54.08
101.12	4.64	53.99
101.20	4.63	53.90
101.27	4.62	53.80
101.33	4.62	53.72
101.37	4.62	53.64
101.39	4.62	53.60
101.33	4.62	53.70
101.25	4.63	53.83
101.17	4.64	53.97
101.09	4.64	54.10
101.03	4.65	54.20
101.07	4.66	54.17
101.17	4.66	54.06
101.27	4.67	53.92
101.37	4.68	53.78
101.44	4.68	53.66
101.44	4.69	53.63
101.35	4.69	53.70
101.23	4.70	53.80
101.06	4.71	53.91
100.86	4.71	54.02
100.63	4.72	54.11
100.33	4.73	54.09
100.01	4.75	54.06
99.70	4.76	54.03
99.40	4.78	53.99
99.13	4.80	53.96
98.93	4.81	53.95
98.79	4.83	53.96
98.69	4.85	54.00
98.64	4.87	54.06
98.65	4.89	54.16
98.74	4.91	54.34
98.91	4.93	54.59
99.11	4.95	54.86
99.32	4.97	55.14
99.53	4.99	55.39
99.68	5.01	55.58
99.78	5.03	55.70
99.84	5.05	55.78
99.87	5.07	55.82
99.87	5.09	55.83
99.84	5.11	55.81
99.77	5.14	55.75
99.67	5.16	55.67
99.54	5.18	55.57
99.39	5.20	55.45
99.20	5.21	55.30
98.97	5.22	55.15
98.72	5.23	54.99
98.45	5.23	54.81
98.19	5.23	54.62
97.93	5.23	54.43
97.69	5.23	54.12
97.46	5.23	53.73
97.27	5.23	53.40
97.13	5.23	53.17
97.05	5.22	53.10
97.06	5.22	53.28
97.21	5.22	54.03
97.44	5.22	54.94
97.73	5.22	55.98
98.08	5.22	57.10
98.48	5.22	58.26
98.98	5.21	59.42
99.50	5.21	60.52
100.01	5.21	61.52
100.49	5.21	62.35
100.91	5.21	62.96
101.10	5.21	62.90
101.22	5.21	62.60
101.28	5.21	62.14
101.31	5.20	61.56
101.31	5.20	60.93
101.33	5.20	60.43
101.35	5.20	59.99
101.38	5.20	59.56
101.42	5.20	59.17
101.49	5.20	58.83
101.64	5.19	58.57
101.84	5.19	58.40
102.06	5.19	58.26
102.31	5.18	58.16
102.57	5.18	58.10
102.81	5.17	58.06
103.05	5.17	58.04
103.31	5.17	58.02
103.59	5.16	58.00
103.89	5.15	57.97
104.32	5.15	57.88
104.78	5.15	57.77
105.24	5.14	57.63
105.68	5.14	57.47
106.06	5.13	57.28
106.29	5.13	57.10
106.42	5.12	56.90
106.47	5.12	56.67
106.46	5.11	56.40
106.38	5.11	56.11
106.21	5.10	55.72
105.97	5.10	55.28
105.69	5.09	54.81
105.36	5.09	54.33
105.02	5.08	53.85
104.66	5.08	53.40
104.31	5.07	53.02
103.95	5.07	52.66
103.61	5.06	52.33
103.28	5.06	52.02
102.97	5.05	51.74
102.67	5.05	51.43
102.40	5.04	51.16
102.18	5.04	50.95
102.02	5.04	50.80
101.92	5.03	50.73
101.97	5.03	50.87
102.10	5.03	51.10
102.28	5.02	51.38
102.50	5.02	51.70
102.75	5.02	52.03
103.04	5.01	52.36
103.32	5.01	52.67
103.59	5.01	52.92
103.84	5.00	53.09
104.03	5.00	53.17
104.07	5.00	52.93
104.05	4.99	52.58
103.98	4.99	52.15
103.87	4.99	51.67
103.73	4.98	51.17
103.60	4.98	50.74
103.46	4.98	50.36
103.31	4.98	50.00
103.13	4.98	49.66
102.93	4.97	49.35
102.70	4.98	49.08
102.42	4.98	48.86
102.14	4.98	48.66
101.85	4.99	48.48
101.58	4.99	48.32
101.33	5.00	48.14
101.13	5.00	47.95
100.94	5.01	47.78
100.78	5.01	47.62
100.65	5.02	47.50
100.56	5.02	47.43
100.52	5.03	47.43
100.49	5.03	47.45
100.46	5.04	47.48
100.40	5.04	47.54
100.29	5.04	47.58
100.10	5.05	47.61
99.87	5.05	47.64
99.64	5.06	47.68
99.39	5.06	47.74
99.14	5.07	47.81
98.92	5.07	47.92
98.70	5.07	48.05
98.49	5.08	48.18
98.29	5.08	48.31
98.10	5.08	48.43
97.92	5.08	48.48
97.75	5.09	48.50
97.60	5.09	48.53
97.47	5.09	48.60
97.36	5.09	48.70
97.27	5.10	48.92
97.21	5.10	49.29
97.18	5.10	49.71
97.18	5.10	50.14
97.23	5.11	50.58
97.35	5.11	50.99
97.58	5.11	51.29
97.84	5.11	51.57
98.12	5.12	51.83
98.40	5.12	52.08
98.65	5.12	52.33
98.79	5.13	52.65
98.89	5.13	52.95
98.97	5.13	53.23
99.02	5.13	53.47
99.04	5.14	53.67
99.03	5.14	53.72
99.00	5.14	53.68
98.95	5.14	53.60
98.89	5.15	53.50
98.81	5.15	53.40
98.72	5.15	53.33
98.61	5.15	53.33
98.50	5.15	53.35
98.39	5.15	53.38
98.30	5.15	53.43
98.22	5.15	53.48
98.20	5.15	53.56
98.20	5.15	53.64
98.21	5.15	53.71
98.22	5.15	53.76
98.24	5.15	53.80
98.26	5.15	53.79
98.26	5.15	53.75
98.26	5.15	53.68
98.24	5.14	53.58
98.20	5.14	53.45
98.09	5.14	53.23
97.92	5.14	52.96
97.75	5.14	52.68
97.56	5.14	52.42
97.38	5.14	52.18
97.23	5.14	52.01
97.14	5.14	52.01
97.08	5.15	52.06
97.02	5.15	52.14
96.97	5.14	52.24
96.93	5.14	52.35
96.84	5.14	52.39
96.74	5.13	52.42
96.66	5.12	52.44
96.62	5.11	52.48
96.61	5.09	52.54
96.73	5.08	52.68
96.95	5.07	52.87
97.19	5.06	53.07
97.46	5.04	53.27
97.72	5.03	53.45
97.96	5.02	53.57
98.07	5.01	53.54
98.16	4.99	53.48
98.24	4.98	53.42
98.33	4.97	53.36
98.42	4.96	53.33
98.55	4.95	53.39
98.72	4.94	53.51
98.91	4.94	53.68
99.12	4.93	53.91
99.37	4.93	54.21
99.68	4.93	54.66
100.06	4.93	55.26
100.45	4.93	55.89
100.84	4.93	56.49
101.22	4.93	57.03
101.56	4.93	57.42
101.82	4.93	57.45
102.04	4.92	57.37
102.21	4.92	57.22
102.32	4.92	57.00
102.38	4.93	56.75
102.33	4.93	56.56
102.19	4.94	56.41
102.02	4.95	56.26
101.81	4.97	56.10
101.60	4.98	55.94
101.39	5.00	55.77
101.25	5.01	55.59
101.12	5.03	55.41
101.00	5.04	55.22
100.90	5.06	55.04
100.81	5.07	54.85
100.77	5.09	54.68
100.74	5.11	54.51
100.71	5.12	54.34
100.68	5.14	54.18
100.62	5.16	54.01
100.50	5.17	53.79
100.32	5.19	53.53
100.11	5.21	53.30
99.90	5.22	53.10
99.68	5.24	52.96
99.46	5.25	52.90
99.31	5.27	53.13
99.15	5.29	53.41
99.00	5.30	53.72
98.85	5.31	54.03
98.70	5.33	54.32
98.46	5.33	54.42
98.17	5.34	54.38
97.92	5.34	54.32
97.72	5.34	54.28
97.60	5.33	54.27
97.62	5.32	54.40
97.83	5.31	54.70
98.14	5.29	55.05
98.56	5.28	55.43
99.09	5.26	55.84
99.76	5.24	56.22
100.56	5.22	56.56
101.43	5.21	56.90
102.36	5.19	57.25
103.32	5.18	57.59
104.27	5.16	58.00
105.18	5.15	58.47
106.08	5.13	58.89
106.95	5.11	59.25
107.79	5.10	59.51
108.60	5.08	59.54
109.39	5.06	59.29
110.08	5.05	58.94
110.67	5.03	58.53
111.12	5.02	58.07
111.31	5.00	57.65
111.21	5.00	57.29
111.00	4.99	56.94
110.72	4.98	56.61
110.40	4.98	56.31
110.19	4.98	56.07
110.04	4.98	55.88
109.88	4.98	55.69
109.72	4.98	55.50
109.53	4.98	55.28
109.31	4.98	54.99
109.06	4.98	54.67
108.77	4.98	54.31
108.42	4.99	53.90
108.01	4.99	53.42
107.48	4.99	52.81
106.90	4.99	52.17
106.28	4.99	51.52
105.64	4.99	50.86
104.98	4.99	50.24
104.35	4.99	49.72
103.72	4.99	49.24
103.08	4.99	48.82
102.45	4.99	48.44
101.81	4.99	48.11
101.15	4.99	47.82
100.48	4.99	47.59
99.83	4.99	47.42
99.22	4.98	47.33
98.65	4.98	47.32
98.18	4.98	47.49
97.81	4.97	47.80
97.47	4.97	48.15
97.17	4.97	48.51
96.89	4.96	48.86
96.59	4.96	49.05
96.27	4.95	49.07
95.96	4.95	49.05
95.66	4.95	49.01
95.40	4.94	48.99
95.16	4.94	48.99
94.95	4.93	49.16
94.79	4.93	49.36
94.67	4.93	49.61
94.59	4.92	49.89
94.55	4.92	50.22
94.61	4.91	50.63
94.74	4.91	51.08
94.89	4.91	51.53
95.08	4.90	51.95
95.28	4.90	52.32
95.46	4.89	52.52
95.61	4.89	52.57
95.78	4.89	52.58
95.96	4.88	52.57
96.16	4.88	52.56
96.41	4.87	52.63
96.71	4.87	52.87
97.03	4.86	53.12
97.35	4.86	53.36
97.66	4.86	53.58
97.97	4.85	53.74
98.19	4.85	53.71
98.40	4.84	53.62
98.60	4.84	53.50
98.78	4.83	53.34
98.96	4.83	53.17
99.18	4.83	53.04
99.38	4.82	52.91
99.57	4.82	52.77
99.74	4.81	52.61
99.89	4.81	52.43
99.98	4.81	52.18
100.03	4.81	51.91
100.04	4.81	51.63
100.03	4.81	51.34
99.99	4.81	51.07
99.92	4.82	50.81
99.81	4.83	50.59
99.69	4.84	50.39
99.55	4.85	50.24
99.41	4.86	50.13
99.26	4.87	50.09
99.08	4.88	50.16
98.92	4.89	50.28
98.81	4.90	50.44
98.75	4.91	50.63
98.80	4.92	50.85
99.06	4.93	51.10
99.37	4.94	51.36
99.73	4.96	51.61
100.10	4.97	51.84
100.45	4.98	52.04
100.67	4.99	52.13
100.86	5.00	52.18
101.04	5.01	52.20
101.21	5.02	52.19
101.37	5.03	52.14
101.55	5.04	52.08
101.73	5.04	52.00
101.92	5.05	51.89
102.11	5.05	51.76
102.31	5.06	51.61
102.50	5.06	51.36
102.68	5.07	51.06
102.89	5.07	50.79
103.12	5.08	50.56
103.40	5.08	50.42
103.82	5.09	50.51
104.34	5.09	50.79
104.86	5.09	51.14
105.36	5.10	51.52
105.81	5.10	51.93
106.08	5.11	52.30
106.22	5.11	52.62
106.28	5.12	52.89
106.26	5.12	53.07
106.16	5.13	53.15
105.99	5.13	52.94
105.75	5.14	52.51
105.45	5.14	52.01
105.09	5.15	51.47
104.69	5.15	50.93
104.24	5.16	50.48
103.76	5.16	50.24
103.25	5.17	50.05
102.72	5.17	49.91
102.18	5.18	49.82
101.63	5.18	49.77
101.07	5.18	49.76
100.52	5.19	49.78
99.99	5.19	49.82
99.48	5.19	49.87
99.01	5.19	49.92
98.59	5.19	49.94
98.24	5.18	49.92
97.94	5.17	49.89
97.70	5.16	49.87
97.52	5.15	49.86
97.45	5.13	49.88
97.48	5.11	49.94
97.55	5.10	50.00
97.64	5.08	50.04
97.73	5.06	50.07
97.76	5.04	50.05
97.71	5.02	49.96
97.63	5.00	49.84
97.55	4.98	49.67
97.46	4.96	49.47
97.38	4.94	49.20
97.36	4.92	48.83
97.34	4.90	48.43
97.31	4.88	48.03
97.26	4.86	47.63
97.18	4.84	47.27
96.98	4.83	47.02
96.74	4.83	46.83
96.50	4.82	46.70
96.26	4.82	46.61
96.04	4.82	46.57
95.92	4.82	46.63
95.86	4.82	46.75
95.83	4.82	46.90
95.81	4.82	47.07
95.80	4.82	47.24
95.75	4.82	47.39
95.68	4.82	47.50
95.60	4.82	47.60
95.52	4.82	47.69
95.45	4.82	47.77
95.38	4.82	47.84
95.35	4.82	47.89
95.32	4.83	47.94
95.29	4.83	47.98
95.24	4.84	48.01
95.19	4.85	48.03
95.05	4.86	48.02
94.90	4.86	48.01
94.74	4.87	48.01
94.60	4.88	48.02
94.49	4.89	48.05
94.44	4.90	48.12
94.45	4.90	48.23
94.51	4.91	48.37
94.62	4.92	48.55
94.78	4.93	48.77
95.01	4.94	49.09
95.35	4.95	49.53
95.70	4.95	49.98
96.06	4.96	50.40
96.41	4.97	50.79
96.69	4.98	51.05
96.83	4.99	51.04
96.93	5.00	50.96
96.99	5.01	50.83
97.03	5.01	50.67
97.06	5.02	50.49
97.12	5.03	50.41
97.17	5.03	50.36
97.23	5.04	50.31
97.28	5.04	50.27
97.32	5.04	50.24
97.33	5.05	50.19
97.33	5.05	50.12
97.33	5.05	50.08
97.35	5.05	50.06
97.40	5.05	50.08
97.53	5.06	50.20
97.75	5.06	50.43
97.98	5.06	50.68
98.21	5.06	50.91
98.42	5.06	51.10
98.58	5.07	51.18
98.65	5.07	51.11
98.67	5.07	50.96
98.65	5.07	50.75
98.58	5.08	50.48
98.45	5.08	50.15
98.20	5.08	49.67
97.92	5.08	49.17
97.60	5.09	48.67
97.28	5.09	48.20
96.95	5.09	47.78
96.66	5.09	47.57
96.41	5.09	47.51
96.17	5.10	47.53
95.96	5.10	47.61
95.77	5.09	47.74
95.61	5.09	47.91
95.46	5.08	48.07
95.34	5.07	48.27
95.27	5.06	48.50
95.25	5.05	48.77
95.30	5.03	49.07
95.48	5.02	49.45
95.74	5.00	49.86
96.04	4.99	50.28
96.39	4.97	50.70
96.77	4.96	51.10
97.17	4.94	51.43
97.59	4.93	51.68
98.01	4.91	51.90
98.42	4.90	52.10
98.82	4.88	52.27
99.19	4.87	52.42
99.52	4.87	52.55
99.80	4.86	52.68
100.04	4.86	52.79
100.23	4.86	52.89
100.32	4.87	52.99
100.26	4.88	53.08
100.18	4.89	53.17
100.10	4.90	53.27
100.06	4.92	53.40
100.19	4.93	53.62
100.50	4.94	53.92
100.85	4.96	54.21
101.22	4.97	54.46
101.58	4.98	54.65
101.82	5.00	54.63
101.93	5.01	54.41
101.99	5.02	54.09
102.03	5.04	53.71
102.06	5.05	53.27
102.10	5.05	52.81
102.24	5.06	52.38
102.37	5.06	51.93
102.48	5.07	51.47
102.53	5.07	51.01
102.53	5.07	50.53
102.30	5.07	49.97
101.96	5.07	49.41
101.59	5.08	48.90
101.24	5.08	48.47
100.92	5.08	48.16
100.77	5.08	48.19
100.79	5.09	48.51
100.86	5.09	48.91
100.96	5.09	49.34
101.07	5.10	49.74
101.13	5.10	49.89
101.13	5.10	49.75
101.12	5.10	49.55
101.08	5.11	49.32
101.04	5.11	49.08
101.00	5.11	48.90
100.96	5.12	48.91
100.91	5.12	48.96
100.85	5.12	49.04
100.77	5.12	49.15
100.66	5.12	49.29
100.50	5.13	49.36
100.31	5.13	49.45
100.10	5.12	49.56
99.88	5.12	49.73
99.66	5.12	49.94
99.42	5.11	50.30
99.17	5.11	50.81
98.95	5.10	51.35
98.78	5.09	51.91
98.69	5.08	52.46
98.70	5.07	52.95
98.87	5.07	53.29
99.15	5.06	53.59
99.52	5.05	53.87
99.99	5.04	54.14
100.60	5.03	54.45
101.42	5.03	54.89
102.29	5.02	55.30
103.15	5.01	55.65
103.96	5.00	55.90
104.61	4.99	55.95
104.95	4.99	55.62
105.17	4.98	55.18
105.31	4.97	54.66
105.37	4.96	54.11
105.38	4.95	53.57
105.43	4.94	53.26
105.44	4.94	52.98
105.40	4.93	52.73
105.32	4.92	52.48
105.20	4.91	52.24
104.97	4.91	51.94
104.69	4.90	51.62
104.38	4.89	51.31
104.07	4.89	51.02
103.76	4.88	50.76
103.56	4.88	50.61
103.42	4.87	50.54
103.29	4.87	50.47
103.13	4.86	50.40
102.94	4.86	50.29
102.63	4.85	50.07
102.15	4.85	49.67
101.63	4.84	49.24
101.09	4.84	48.79
100.54	4.83	48.34
100.01	4.83	47.92
99.63	4.82	47.61
99.29	4.82	47.36
98.96	4.81	47.15
98.64	4.81	46.99
98.32	4.80	46.88
97.91	4.80	46.83
97.43	4.80	46.86
96.95	4.80	46.93
96.51	4.80	47.06
96.13	4.80	47.24
95.85	4.80	47.48
95.81	4.79	47.85
95.85	4.79	48.24
95.94	4.79	48.63
96.08	4.79	49.01
96.24	4.79	49.35
96.36	4.79	49.49
96.48	4.79	49.57
96.59	4.79	49.61
96.69	4.79	49.63
96.77	4.79	49.65
96.76	4.79	49.69
96.70	4.79	49.77
96.63	4.79	49.86
96.56	4.79	49.96
96.50	4.79	50.09
96.47	4.79	50.24
96.52	4.80	50.48
96.60	4.80	50.73
96.72	4.80	50.97
96.89	4.81	51.19
97.09	4.81	51.37
97.35	4.81	51.38
97.65	4.82	51.32
98.01	4.82	51.26
98.40	4.82	51.20
98.85	4.83	51.17
99.42	4.83	51.32
100.08	4.83	51.58
100.73	4.84	51.87
101.36	4.84	52.16
101.94	4.84	52.43
102.35	4.85	52.62
102.57	4.85	52.68
102.71	4.85	52.71
102.79	4.86	52.70
102.82	4.86	52.67
102.84	4.86	52.63
102.89	4.87	52.59
102.93	4.87	52.55
102.95	4.87	52.50
102.95	4.88	52.45
102.94	4.88	52.40
102.88	4.88	52.35
102.81	4.89	52.31
102.74	4.89	52.28
102.68	4.90	52.27
102.64	4.90	52.29
102.73	4.90	52.45
102.85	4.91	52.65
102.96	4.91	52.83
103.05	4.91	52.97
103.10	4.92	53.03
103.00	4.92	52.84
102.78	4.92	52.44
102.51	4.93	51.98
102.21	4.93	51.49
101.89	4.93	50.98
101.59	4.94	50.54
101.36	4.94	50.24
101.13	4.94	49.97
100.90	4.95	49.75
100.65	4.95	49.57
100.39	4.96	49.42
99.94	4.96	49.21
99.50	4.96	49.06
99.11	4.97	48.98
98.80	4.97	49.00
98.60	4.97	49.14
98.78	4.98	49.68
99.13	4.98	50.37
99.57	4.99	51.08
100.07	4.99	51.77
100.59	4.99	52.38
101.00	5.00	52.51
101.38	5.00	52.49
101.75	5.00	52.39
102.10	5.01	52.26
102.42	5.01	52.13
102.73	5.01	52.25
103.01	5.01	52.44
103.26	5.01	52.62
103.47	5.01	52.78
103.64	5.01	52.86
103.68	5.01	52.64
103.70	5.01	52.39
103.71	5.01	52.15
103.74	5.01	51.97
103.90	5.01	52.04
104.15	5.00	52.34
104.41	5.00	52.67
104.64	5.00	53.00
104.80	5.00	53.25
104.78	5.00	53.23
104.68	4.99	53.13
104.52	4.99	52.95
104.32	4.99	52.71
104.09	4.99	52.44
103.86	4.99	52.18
103.60	4.98	51.87
103.31	4.98	51.53
102.99	4.98	51.15
102.62	4.98	50.72
102.21	4.97	50.16
101.76	4.97	49.59
101.29	4.97	49.01
100.78	4.97	48.47
100.26	4.97	47.96
99.69	4.97	47.63
99.11	4.96	47.39
98.52	4.96	47.20
97.93	4.96	47.06
97.36	4.96	46.96
96.82	4.95	46.86
96.34	4.95	46.76
95.89	4.94	46.69
95.46	4.93	46.63
95.05	4.92	46.61
94.66	4.92	46.61
94.22	4.91	46.61
93.79	4.90	46.64
93.41	4.89	46.72
93.10	4.88	46.86
92.88	4.88	47.08
92.83	4.87	47.50
92.96	4.86	48.12
93.18	4.85	48.76
93.48	4.85	49.39
93.83	4.84	49.96
94.24	4.83	50.36
94.66	4.82	50.30
95.11	4.81	50.14
95.56	4.81	49.93
96.01	4.80	49.69
96.45	4.79	49.48
96.82	4.78	49.56
97.15	4.77	49.77
97.45	4.76	50.00
97.73	4.76	50.23
97.98	4.75	50.44
98.17	4.74	50.51
98.31	4.74	50.42
98.45	4.74	50.30
98.59	4.74	50.18
98.78	4.74	50.08
99.04	4.74	50.06
99.51	4.75	50.25
100.00	4.76	50.48
100.50	4.76	50.72
100.97	4.77	50.96
101.39	4.78	51.17
101.59	4.78	51.23
101.72	4.79	51.26
101.79	4.80	51.25
101.81	4.80	51.20
101.79	4.81	51.12
101.72	4.81	51.00
101.61	4.82	50.85
101.49	4.83	50.69
101.38	4.84	50.52
101.27	4.84	50.36
101.24	4.85	50.24
101.37	4.86	50.21
101.50	4.87	50.19
101.63	4.87	50.17
101.73	4.88	50.13
101.76	4.89	50.08
101.57	4.90	49.89
101.27	4.90	49.66
100.92	4.91	49.43
100.54	4.92	49.19
100.14	4.93	48.99
99.78	4.94	48.84
99.52	4.94	48.81
99.27	4.95	48.82
99.03	4.96	48.87
98.79	4.97	48.95
98.55	4.97	49.07
98.26	4.98	49.21
97.92	4.99	49.37
97.60	4.99	49.56
97.29	5.00	49.76
97.02	5.01	49.97
96.79	5.02	50.19
96.66	5.02	50.40
96.59	5.03	50.61
96.58	5.04	50.82
96.62	5.04	51.04
96.70	5.05	51.26
96.83	5.06	51.47
96.97	5.07	51.66
97.16	5.07	51.85
97.40	5.08	52.06
97.70	5.09	52.30
98.06	5.10	52.56
98.59	5.10	52.92
99.20	5.11	53.33
99.83	5.12	53.78
100.45	5.13	54.25
101.03	5.13	54.73
101.48	5.14	55.25
101.74	5.15	55.81
101.93	5.16	56.34
102.07	5.17	56.84
102.16	5.17	57.27
102.22	5.18	57.63
102.33	5.19	57.65
102.43	5.20	57.58
102.49	5.20	57.46
102.51	5.21	57.32
102.47	5.21	57.18
102.37	5.22	57.12
102.13	5.22	57.33
101.84	5.22	57.57
101.50	5.22	57.85
101.11	5.22	58.12
100.70	5.21	58.39
100.24	5.20	58.59
99.76	5.19	58.69
99.27	5.18	58.76
98.77	5.17	58.80
98.29	5.16	58.80
97.83	5.14	58.77
97.39	5.13	58.68
97.00	5.12	58.53
96.66	5.11	58.38
96.37	5.10	58.24
96.16	5.09	58.12
96.03	5.07	58.03
96.08	5.06	58.06
96.25	5.05	58.17
96.48	5.04	58.32
96.77	5.03	58.50
97.08	5.02	58.71
97.40	5.00	58.96
97.68	4.99	59.31
97.96	4.98	59.63
98.24	4.97	59.91
98.51	4.96	60.12
98.77	4.95	60.23
99.00	4.93	60.00
99.20	4.92	59.53
99.39	4.91	58.99
99.57	4.90	58.42
99.73	4.89	57.85
99.88	4.88	57.37
99.99	4.87	57.26
100.09	4.87	57.20
100.21	4.87	57.16
100.35	4.86	57.11
100.52	4.86	57.02
100.86	4.86	56.71
101.28	4.86	56.25
101.70	4.86	55.76
102.09	4.86	55.24
102.42	4.86	54.71
102.61	4.86	54.23
102.53	4.86	53.82
102.37	4.86	53.46
102.13	4.86	53.13
101.85	4.86	52.85
101.53	4.86	52.61
101.25	4.87	52.47
100.98	4.88	52.39
100.71	4.89	52.36
100.44	4.91	52.38
100.17	4.92	52.43
99.92	4.93	52.53
99.70	4.94	52.71
99.50	4.96	52.91
99.32	4.97	53.13
99.16	4.98	53.33
99.02	4.99	53.50
98.90	5.00	53.63
98.71	5.01	53.40
98.56	5.03	53.16
98.48	5.04	52.96
98.47	5.05	52.84
98.57	5.06	52.84
98.85	5.08	53.26
99.32	5.09	54.04
99.90	5.10	54.92
100.58	5.11	55.84
101.35	5.13	56.76
102.24	5.14	57.54
103.28	5.15	58.10
104.35	5.17	58.53
105.43	5.18	58.83
106.47	5.19	58.97
107.43	5.20	58.94
108.11	5.22	58.44
108.70	5.23	57.81
109.20	5.25	57.11
109.61	5.26	56.39
109.95	5.27	55.70
110.24	5.27	55.31
110.49	5.28	55.14
110.66	5.28	55.05
110.76	5.28	55.02
110.77	5.27	55.01
110.69	5.27	55.01
110.43	5.26	54.98
110.11	5.24	54.94
109.74	5.23	54.85
109.35	5.22	54.72
108.94	5.20	54.53
108.68	5.19	54.12
108.43	5.18	53.64
108.17	5.17	53.12
107.88	5.15	52.58
107.56	5.14	52.04
107.09	5.13	51.58
106.52	5.11	51.19
105.93	5.10	50.83
105.31	5.09	50.51
104.68	5.08	50.24
104.08	5.06	50.04
103.58	5.05	49.98
103.10	5.04	49.96
102.63	5.02	49.96
102.16	5.01	49.96
101.69	5.00	49.95
101.16	4.99	49.83
100.58	4.99	49.59
100.01	4.98	49.34
99.46	4.98	49.10
98.95	4.98	48.89
98.50	4.98	48.73
98.21	4.98	48.77
97.97	4.98	48.85
97.78	4.98	48.97
97.62	4.98	49.11
97.48	4.98	49.24
97.32	4.99	49.31
97.16	4.99	49.35
97.01	4.99	49.38
96.87	4.99	49.39
96.73	4.99	49.38
96.59	4.99	49.35
96.42	4.99	49.25
96.26	4.99	49.15
96.13	4.99	49.07
96.01	4.99	49.03
95.93	5.00	49.04
95.91	4.99	49.15
95.94	4.99	49.35
96.01	4.99	49.62
96.12	4.99	49.97
96.28	4.99	50.40
96.49	4.99	50.95
96.76	4.98	51.73
97.08	4.98	52.55
97.45	4.97	53.38
97.86	4.97	54.17
98.31	4.96	54.89
98.90	4.96	55.34
99.52	4.95	55.65
100.14	4.95	55.86
100.74	4.94	55.98
101.29	4.94	56.00
101.69	4.94	55.88
101.94	4.93	55.66
102.12	4.93	55.38
102.23	4.92	55.10
102.29	4.92	54.82
102.30	4.91	54.59
102.30	4.91	54.69
102.27	4.91	54.83
102.20	4.91	54.97
102.09	4.91	55.09
101.94	4.92	55.14
101.71	4.92	54.95
101.42	4.93	54.50
101.11	4.93	54.01
100.82	4.94	53.52
100.55	4.95	53.06
100.35	4.96	52.71
100.35	4.97	52.78
100.40	4.97	52.91
100.48	4.98	53.08
100.57	4.99	53.25
100.67	4.99	53.38
100.66	5.00	53.20
100.58	5.01	52.82
100.50	5.01	52.43
100.42	5.02	52.05
100.36	5.03	51.74
100.34	5.04	51.60
100.39	5.04	51.84
100.48	5.05	52.19
100.61	5.06	52.60
100.78	5.06	53.07
101.00	5.07	53.55
101.37	5.08	53.89
101.77	5.09	54.23
102.18	5.09	54.58
102.57	5.10	54.93
102.93	5.11	55.31
103.12	5.12	55.84
103.25	5.12	56.40
103.33	5.13	56.94
103.37	5.14	57.41
103.38	5.15	57.79
103.37	5.15	57.86
103.32	5.15	57.64
103.29	5.16	57.35
103.28	5.16	57.06
103.31	5.16	56.82
103.43	5.16	56.73
103.73	5.16	57.06
104.07	5.16	57.48
104.43	5.16	57.95
104.78	5.15	58.44
105.08	5.15	58.89
105.27	5.15	59.22
105.42	5.14	59.50
105.51	5.14	59.72
105.56	5.14	59.86
105.53	5.13	59.87
105.44	5.13	59.71
105.29	5.13	59.48
105.10	5.12	59.20
104.86	5.12	58.88
104.59	5.12	58.55
104.29	5.11	58.31
103.96	5.11	58.06
103.60	5.11	57.81
103.22	5.10	57.54
102.83	5.10	57.24
102.42	5.10	56.87
102.01	5.09	56.46
101.59	5.09	56.04
101.16	5.09	55.62
100.72	5.08	55.22
100.25	5.08	54.85
99.72	5.07	54.57
99.21	5.06	54.32
98.73	5.06	54.11
98.31	5.05	53.94
97.97	5.04	53.81
97.89	5.03	53.80
97.90	5.02	53.81
97.96	5.01	53.82
98.04	5.00	53.81
98.10	4.99	53.76
98.00	4.98	53.56
97.82	4.98	53.26
97.64	4.97	52.90
97.45	4.96	52.49
97.27	4.95	52.03
97.18	4.94	51.50
97.18	4.93	50.90
97.20	4.92	50.29
97.23	4.91	49.70
97.26	4.90	49.15
97.27	4.89	48.67
97.18	4.88	48.39
97.08	4.87	48.17
97.00	4.86	48.03
96.95	4.86	47.95
96.94	4.85	47.92
97.12	4.85	47.98
97.36	4.84	48.07
97.61	4.84	48.19
97.86	4.84	48.33
98.09	4.85	48.48
98.20	4.84	48.59
98.24	4.84	48.68
98.24	4.84	48.75
98.20	4.84	48.81
98.12	4.84	48.85
98.00	4.84	48.84
97.84	4.84	48.78
97.66	4.84	48.71
97.45	4.84	48.63
97.23	4.84	48.57
97.01	4.85	48.51
96.80	4.85	48.51
96.58	4.86	48.54
96.37	4.87	48.59
96.17	4.88	48.68
95.96	4.89	48.81
95.71	4.90	48.96
95.44	4.91	49.15
95.21	4.92	49.39
95.05	4.92	49.69
94.98	4.93	50.04
95.12	4.94	50.53
95.54	4.95	51.19
96.04	4.96	51.88
96.59	4.97	52.56
97.15	4.98	53.20
97.65	4.99	53.73
97.95	5.00	54.03
98.20	5.01	54.22
98.40	5.02	54.30
98.57	5.03	54.29
98.70	5.03	54.18
98.84	5.04	53.83
98.96	5.05	53.39
99.05	5.05	52.92
99.13	5.05	52.47
99.18	5.06	52.06
99.18	5.06	51.89
99.16	5.05	51.92
99.12	5.05	52.03
99.09	5.05	52.19
99.06	5.04	52.40
99.07	5.04	52.62
99.13	5.03	52.82
99.20	5.02	53.02
99.29	5.02	53.22
99.39	5.01	53.39
99.50	5.00	53.51
99.64	5.00	53.54
99.78	4.99	53.54
99.90	4.98	53.51
100.00	4.98	53.47
100.06	4.97	53.42
100.01	4.97	53.37
99.91	4.97	53.31
99.78	4.98	53.27
99.66	4.98	53.25
99.56	4.99	53.25
99.51	4.99	53.30
99.51	5.00	53.40
99.56	5.01	53.52
99.65	5.02	53.66
99.79	5.04	53.84
100.09	5.05	54.13
100.44	5.06	54.43
100.81	5.07	54.71
101.17	5.08	54.94
101.50	5.09	55.09
101.67	5.10	54.97
101.78	5.11	54.75
101.83	5.12	54.44
101.83	5.13	54.06
101.77	5.14	53.60
101.65	5.15	53.04
101.47	5.16	52.44
101.24	5.17	51.82
100.99	5.18	51.21
100.70	5.19	50.64
100.39	5.20	50.20
100.08	5.21	49.91
99.75	5.21	49.67
99.40	5.22	49.47
99.04	5.22	49.30
98.66	5.23	49.15
98.21	5.23	48.96
97.78	5.24	48.79
97.36	5.24	48.61
96.99	5.25	48.43
96.67	5.25	48.25
96.54	5.26	48.03
96.51	5.26	47.80
96.53	5.27	47.57
96.56	5.27	47.35
96.60	5.28	47.14
96.55	5.28	46.92
96.35	5.29	46.64
96.16	5.29	46.44
95.99	5.30	46.35
95.89	5.30	46.43
95.88	5.31	46.73
96.15	5.32	47.69
96.50	5.32	48.79
96.91	5.33	49.96
97.35	5.33	51.13
97.80	5.34	52.23
98.16	5.34	52.84
98.49	5.35	53.30
98.82	5.35	53.64
99.13	5.36	53.89
99.42	5.36	54.05
99.64	5.36	54.13
99.85	5.36	54.16
100.06	5.36	54.16
100.30	5.36	54.14
100.57	5.36	54.13
100.95	5.35	54.27
101.40	5.35	54.44
101.89	5.34	54.60
102.44	5.33	54.73
103.03	5.32	54.79
103.75	5.32	54.67
104.51	5.31	54.46
105.25	5.30	54.19
105.95	5.30	53.87
106.59	5.29	53.50
107.01	5.28	53.09
107.34	5.28	52.66
107.59	5.27	52.21
107.74	5.26	51.76
107.82	5.25	51.32
107.83	5.25	50.94
107.76	5.24	50.59
107.63	5.23	50.26
107.42	5.23	49.94
107.15	5.22	49.62
106.77	5.21	49.29
106.30	5.20	48.94
105.79	5.20	48.60
105.27	5.19	48.29
104.75	5.18	48.02
104.31	5.17	47.80
104.03	5.16	47.68
103.78	5.15	47.60
103.54	5.14	47.54
103.29	5.13	47.51
103.01	5.12	47.47
102.58	5.11	47.40
102.11	5.10	47.32
101.62	5.09	47.24
101.13	5.08	47.16
100.64	5.08	47.08
100.19	5.06	46.95
99.79	5.05	46.80
99.40	5.04	46.66
99.04	5.03	46.55
98.71	5.03	46.48
98.40	5.02	46.46
98.07	5.02	46.58
97.77	5.02	46.76
97.53	5.02	47.00
97.34	5.02	47.30
97.23	5.02	47.64
97.30	5.03	48.12
97.49	5.03	48.67
97.73	5.03	49.22
98.01	5.03	49.72
98.28	5.04	50.16
98.48	5.04	50.36
98.60	5.04	50.32
98.69	5.04	50.20
98.78	5.04	50.05
98.86	5.05	49.88
98.94	5.05	49.75
99.08	5.05	49.83
99.22	5.05	49.94
99.36	5.05	50.09
99.48	5.06	50.25
99.58	5.06	50.44
99.61	5.06	50.59
99.59	5.06	50.73
99.55	5.06	50.88
99.52	5.06	51.06
99.51	5.06	51.26
99.52	5.06	51.48
99.56	5.06	51.66
99.65	5.06	51.91
99.80	5.06	52.25
100.01	5.06	52.71
100.31	5.05	53.31
100.75	5.05	54.40
101.28	5.05	55.66
101.90	5.05	56.96
102.61	5.05	58.24
103.41	5.05	59.44
104.37	5.05	60.30
105.40	5.05	60.99
106.46	5.05	61.50
107.53	5.05	61.85
108.57	5.05	61.98
109.50	5.05	61.77
110.38	5.05	61.40
111.20	5.05	60.93
111.94	5.05	60.38
112.60	5.05	59.83
113.17	5.05	59.43
113.64	5.05	59.02
114.01	5.04	58.61
114.25	5.04	58.19
114.37	5.04	57.74
114.24	5.04	57.20
113.95	5.04	56.63
113.55	5.04	56.04
113.06	5.04	55.47
112.51	5.04	54.90
111.91	5.04	54.37
111.28	5.04	53.88
110.64	5.04	53.44
110.01	5.04	53.06
109.41	5.04	52.75
108.86	5.04	52.53
108.38	5.04	52.41