102.15	5.56	68.46
102.14	5.55	69.25
102.12	5.54	69.55
102.10	5.53	69.44
102.07	5.52	69.02
102.03	5.51	68.37
101.99	5.50	67.56
101.94	5.49	66.69
101.89	5.48	65.84
101.83	5.47	65.09
101.79	5.46	64.86
101.74	5.45	65.08
101.68	5.44	65.42
101.60	5.43	65.83
101.49	5.42	66.23
101.32	5.41	66.34
101.10	5.40	66.21
100.85	5.39	66.02
100.55	5.38	65.76
100.20	5.37	65.46
99.79	5.36	65.17
99.30	5.35	64.90
98.79	5.34	64.61
98.27	5.33	64.33
97.74	5.32	64.04
97.23	5.31	63.78
96.78	5.30	63.56
96.35	5.29	63.34
95.92	5.28	63.11
95.51	5.28	62.85
95.10	5.27	62.56
94.65	5.26	62.19
94.22	5.25	61.78
93.80	5.24	61.33
93.41	5.24	60.83
93.04	5.23	60.30
92.76	5.23	59.62
92.51	5.22	58.90
92.30	5.22	58.21
92.11	5.22	57.55
91.96	5.22	56.97
91.82	5.21	56.68
91.70	5.21	56.55
91.60	5.21	56.50
91.52	5.20	56.50
91.46	5.20	56.52
91.39	5.20	56.48
91.32	5.19	56.32
91.27	5.19	56.16
91.28	5.19	56.03
91.34	5.18	55.93
91.51	5.18	55.94
91.86	5.18	56.14
92.27	5.17	56.37
92.70	5.17	56.61
93.14	5.17	56.81
93.55	5.17	56.90
93.85	5.16	56.76
94.12	5.16	56.57
94.37	5.16	56.33
94.60	5.15	56.09
94.81	5.15	55.86
94.99	5.15	55.73
95.16	5.14	55.62
95.34	5.14	55.55
95.51	5.14	55.51
95.71	5.14	55.50
95.98	5.14	55.58
96.26	5.14	55.69
96.56	5.15	55.82
96.85	5.15	55.94
97.14	5.15	56.06
97.40	5.16	56.10
97.64	5.16	56.11
97.86	5.16	56.10
98.07	5.17	56.07
98.24	5.17	56.02
98.37	5.17	55.96
98.47	5.18	55.89
98.55	5.18	55.79
98.62	5.18	55.68
98.69	5.19	55.55
98.78	5.19	55.37
98.90	5.19	55.15
99.02	5.20	54.93
99.13	5.20	54.72
99.25	5.20	54.54
99.34	5.21	54.41
99.34	5.21	54.37
99.36	5.21	54.38
99.43	5.22	54.44
99.57	5.22	54.55
99.81	5.22	54.73
100.37	5.23	55.09
101.01	5.23	55.46
101.69	5.23	55.81
102.38	5.24	56.10
103.04	5.24	56.30
103.51	5.25	56.10
103.93	5.25	55.81
104.31	5.25	55.47
104.65	5.26	55.12
104.95	5.26	54.78
105.30	5.26	54.75
105.63	5.27	54.80
105.89	5.27	54.84
106.08	5.27	54.87
106.17	5.28	54.83
106.07	5.28	54.57
105.73	5.28	54.04
105.32	5.28	53.46
104.88	5.28	52.88
104.42	5.28	52.34
104.02	5.28	51.92
103.85	5.28	51.89
103.72	5.28	51.95
103.61	5.28	52.06
103.50	5.28	52.21
103.39	5.29	52.36
103.20	5.29	52.37
102.95	5.29	52.29
102.67	5.29	52.18
102.38	5.29	52.06
102.07	5.29	51.91
101.74	5.29	51.76
101.38	5.29	51.58
101.02	5.29	51.42
100.66	5.29	51.27
100.33	5.29	51.15
100.01	5.29	51.07
99.79	5.29	51.16
99.62	5.29	51.32
99.48	5.30	51.51
99.34	5.30	51.70
99.22	5.30	51.87
99.08	5.30	51.95
98.91	5.30	51.85
98.73	5.30	51.70
98.54	5.30	51.54
98.35	5.30	51.36
98.15	5.30	51.20
97.89	5.30	51.09
97.61	5.30	51.03
97.35	5.30	51.01
97.14	5.30	51.05
96.97	5.30	51.16
96.93	5.31	51.41
97.08	5.31	51.87
97.28	5.31	52.37
97.51	5.31	52.88
97.76	5.31	53.37
98.01	5.31	53.82
98.16	5.31	53.94
98.28	5.31	54.00
98.38	5.31	54.02
98.45	5.31	54.03
98.51	5.31	54.04
98.52	5.31	54.18
98.49	5.31	54.45
98.46	5.31	54.74
98.42	5.31	55.03
98.40	5.31	55.30
98.39	5.31	55.54
98.49	5.31	55.61
98.59	5.31	55.65
98.71	5.31	55.67
98.81	5.31	55.67
98.90	5.31	55.66
98.92	5.31	55.74
98.91	5.30	55.84
98.87	5.30	55.93
98.81	5.30	56.00
98.73	5.30	56.03
98.62	5.30	55.97
98.48	5.30	55.77
98.33	5.30	55.53
98.18	5.29	55.29
98.02	5.29	55.07
97.86	5.29	54.87
97.74	5.29	54.85
97.62	5.29	54.88
97.51	5.29	54.94
97.40	5.28	55.01
97.29	5.28	55.08
97.18	5.28	55.06
97.06	5.28	55.00
96.94	5.28	54.94
96.81	5.28	54.88
96.67	5.28	54.83
96.51	5.27	54.82
96.32	5.27	54.90
96.12	5.27	54.99
95.91	5.27	55.08
95.69	5.27	55.17
95.47	5.27	55.24
95.21	5.27	55.19
94.94	5.27	55.07
94.70	5.27	54.96
94.49	5.27	54.89
94.32	5.27	54.87
94.27	5.27	55.04
94.38	5.27	55.49
94.53	5.27	55.99
94.72	5.27	56.49
94.92	5.27	56.96
95.12	5.28	57.35
95.22	5.28	57.32
95.30	5.28	57.19
95.36	5.28	56.99
95.39	5.28	56.75
95.39	5.28	56.49
95.33	5.28	56.31
95.23	5.28	56.22
95.12	5.29	56.13
95.00	5.29	56.05
94.88	5.29	55.97
94.79	5.30	55.88
94.76	5.30	55.73
94.76	5.30	55.59
94.76	5.31	55.47
94.78	5.31	55.39
94.81	5.32	55.35
94.84	5.32	55.45
94.88	5.32	55.62
94.91	5.33	55.83
94.94	5.33	56.07
94.96	5.34	56.35
94.96	5.34	56.68
94.93	5.34	57.03
94.89	5.35	57.38
94.82	5.35	57.70
94.74	5.35	57.97
94.62	5.36	58.18
94.42	5.36	58.19
94.21	5.36	58.13
94.00	5.36	58.02
93.81	5.36	57.86
93.64	5.36	57.66
93.53	5.36	57.36
93.47	5.36	57.03
93.46	5.36	56.72
93.52	5.36	56.47
93.66	5.35	56.29
93.95	5.35	56.40
94.34	5.35	56.69
94.80	5.35	57.05
95.30	5.35	57.46
95.84	5.34	57.89
96.39	5.34	58.28
96.94	5.34	58.59
97.48	5.34	58.86
98.00	5.34	59.09
98.48	5.33	59.27
98.91	5.33	59.38
99.17	5.33	59.31
99.39	5.33	59.19
99.55	5.33	59.03
99.68	5.32	58.84
99.78	5.32	58.65
99.86	5.32	58.50
99.93	5.31	58.39
99.99	5.31	58.29
100.04	5.30	58.22
100.08	5.29	58.18
100.17	5.29	58.24
100.30	5.28	58.42
100.41	5.27	58.58
100.51	5.26	58.71
100.56	5.25	58.76
100.56	5.24	58.66
100.40	5.24	58.07
100.18	5.23	57.39
99.92	5.22	56.67
99.63	5.21	55.96
99.31	5.20	55.31
98.99	5.20	54.97
98.66	5.19	54.91
98.32	5.18	54.95
97.99	5.17	55.05
97.67	5.16	55.17
97.36	5.16	55.30
97.11	5.15	55.24
96.87	5.15	55.16
96.66	5.14	55.10
96.46	5.14	55.05
96.28	5.14	55.04
96.11	5.14	55.14
95.96	5.14	55.31
95.83	5.14	55.51
95.72	5.14	55.74
95.65	5.14	55.99
95.61	5.14	56.22
95.61	5.14	56.42
95.65	5.14	56.61
95.73	5.14	56.80
95.85	5.14	56.98
96.01	5.14	57.16
96.24	5.13	57.34
96.53	5.13	57.52
96.85	5.13	57.69
97.19	5.13	57.84
97.55	5.13	57.96
97.93	5.13	58.06
98.31	5.13	58.13
98.69	5.12	58.17
99.05	5.12	58.17
99.39	5.12	58.12
99.69	5.11	58.02
99.81	5.11	57.76
99.90	5.11	57.46
99.98	5.11	57.14
100.09	5.10	56.84
100.23	5.10	56.56
100.52	5.10	56.43
100.92	5.09	56.41
101.39	5.09	56.43
101.91	5.09	56.47
102.48	5.09	56.52
103.13	5.08	56.54
103.84	5.08	56.50
104.58	5.08	56.45
105.30	5.07	56.41
106.00	5.07	56.38
106.64	5.07	56.39
107.16	5.06	56.55
107.60	5.06	56.71
107.97	5.06	56.84
108.26	5.05	56.91
108.47	5.05	56.90
108.51	5.06	56.54
108.44	5.06	55.96
108.30	5.07	55.35
108.12	5.08	54.75
107.91	5.09	54.22
107.73	5.10	53.89
107.68	5.12	54.00
107.62	5.13	54.22
107.52	5.14	54.53
107.38	5.16	54.87
107.17	5.17	55.24
106.64	5.18	55.42
106.03	5.20	55.57
105.42	5.21	55.70
104.85	5.22	55.83
104.35	5.24	55.94
104.21	5.25	56.07
104.45	5.26	56.23
104.75	5.27	56.37
105.04	5.28	56.50
105.27	5.30	56.61
105.38	5.31	56.68
104.83	5.32	56.64
104.14	5.34	56.57
103.35	5.35	56.49
102.53	5.36	56.41
101.71	5.37	56.35
101.01	5.39	56.30
100.42	5.40	56.29
99.95	5.41	56.34
99.62	5.42	56.47
99.47	5.42	56.69
99.67	5.42	57.16
100.27	5.41	57.89
101.00	5.40	58.67
101.82	5.38	59.45
102.67	5.36	60.20
103.46	5.33	60.75
104.08	5.29	60.99
104.64	5.24	61.14
105.11	5.19	61.25
105.48	5.13	61.32
105.67	5.08	61.46
105.59	5.03	61.73
105.43	4.98	62.01
105.23	4.93	62.26
105.03	4.88	62.49
104.90	4.83	62.63
104.99	4.77	62.60
105.11	4.72	62.53
105.27	4.67	62.43
105.43	4.63	62.32
105.59	4.60	62.26
105.72	4.59	62.31
105.82	4.60	62.36
105.89	4.61	62.40
105.89	4.63	62.41
105.80	4.64	62.36
105.53	4.65	62.20
105.21	4.65	61.99
104.87	4.66	61.73
104.52	4.67	61.43
104.21	4.68	61.09
104.04	4.68	60.70
103.88	4.69	60.29
103.74	4.70	59.84
103.59	4.71	59.37
103.42	4.72	58.88
103.16	4.72	58.38
102.89	4.73	57.87
102.60	4.74	57.35
102.29	4.75	56.82
101.98	4.75	56.30
101.69	4.76	55.77
101.39	4.77	55.25
101.09	4.78	54.75
100.78	4.79	54.27
100.46	4.79	53.82
100.12	4.80	53.40
99.75	4.81	53.01
99.39	4.82	52.67
99.03	4.83	52.39
98.68	4.84	52.17
98.36	4.84	52.05
98.10	4.85	52.16
97.86	4.86	52.32
97.64	4.87	52.50
97.44	4.88	52.66
97.25	4.88	52.77
97.01	4.89	52.60
96.76	4.90	52.26
96.54	4.91	51.89
96.37	4.92	51.52
96.25	4.93	51.19
96.23	4.93	51.01
96.38	4.94	51.10
96.60	4.95	51.25
96.85	4.96	51.45
97.12	4.97	51.67
97.41	4.97	51.88
97.62	4.98	51.97
97.83	4.99	52.04
98.02	5.00	52.07
98.22	5.01	52.08
98.41	5.02	52.06
98.61	5.02	51.96
98.81	5.03	51.80
99.00	5.04	51.64
99.18	5.05	51.48
99.35	5.06	51.35
99.48	5.06	51.27
99.52	5.07	51.31
99.55	5.08	51.41
99.59	5.09	51.54
99.63	5.09	51.73
99.70	5.10	51.95
99.88	5.11	52.26
100.10	5.12	52.62
100.34	5.12	52.97
100.59	5.13	53.29
100.85	5.14	53.58
101.10	5.15	53.70
101.34	5.15	53.71
101.56	5.16	53.67
101.74	5.17	53.59
101.90	5.18	53.48
101.99	5.19	53.40
102.01	5.19	53.34
101.98	5.20	53.28
101.90	5.21	53.22
101.77	5.22	53.17
101.60	5.22	53.12
101.35	5.23	53.09
101.06	5.24	53.07
100.74	5.25	53.05
100.40	5.26	53.03
100.03	5.26	53.00
99.66	5.27	52.94
99.30	5.29	52.83
98.94	5.30	52.71
98.57	5.30	52.61
98.22	5.29	52.53
97.86	5.28	52.49
97.49	5.24	52.55
97.12	5.19	52.68
96.78	5.12	52.85
96.48	5.05	53.05
96.24	4.97	53.25
96.10	4.89	53.45
96.14	4.82	53.59
96.25	4.74	53.74
96.40	4.67	53.88
96.57	4.59	54.03
96.75	4.51	54.19
96.87	4.43	54.41
96.95	4.34	54.64
97.03	4.26	54.86
97.10	4.19	55.06
97.16	4.12	55.21
97.18	4.07	55.22
97.18	4.03	55.12
97.19	4.01	54.99
97.24	4.00	54.87
97.34	4.01	54.76
97.56	4.05	54.77
97.92	4.11	54.89
98.30	4.20	55.05
98.70	4.29	55.24
99.09	4.38	55.43
99.42	4.47	55.65
99.67	4.55	55.88
99.87	4.63	56.07
100.02	4.71	56.20
100.10	4.79	56.24
100.08	4.87	56.09
99.91	4.97	55.64
99.70	5.05	55.11
99.44	5.14	54.54
99.17	5.21	53.96
98.90	5.28	53.41
98.76	5.31	53.12
98.64	5.32	52.90
98.52	5.33	52.74
98.39	5.33	52.61
98.25	5.32	52.53
98.04	5.31	52.44
97.75	5.30	52.33
97.46	5.29	52.27
97.17	5.28	52.25
96.91	5.26	52.29
96.69	5.24	52.40
96.62	5.23	52.71
96.59	5.22	53.06
96.60	5.20	53.46
96.63	5.19	53.87
96.68	5.17	54.27
96.73	5.16	54.61
96.79	5.14	54.89
96.84	5.13	55.14
96.90	5.12	55.35
96.95	5.10	55.53
96.99	5.09	55.67
96.97	5.07	55.69
96.95	5.06	55.70
96.93	5.04	55.71
96.92	5.03	55.72
96.92	5.02	55.77
97.00	5.00	55.99
97.12	4.99	56.29
97.25	4.97	56.61
97.36	4.96	56.92
97.46	4.94	57.21
97.49	4.93	57.37
97.43	4.91	57.34
97.34	4.89	57.27
97.24	4.88	57.20
97.12	4.87	57.14
97.00	4.86	57.12
96.93	4.85	57.34
96.88	4.86	57.67
96.83	4.86	58.03
96.77	4.87	58.41
96.72	4.89	58.78
96.63	4.91	59.10
96.48	4.93	59.27
96.33	4.95	59.40
96.20	4.98	59.51
96.09	5.01	59.61
96.02	5.04	59.70
96.10	5.06	59.85
96.24	5.09	60.01
96.41	5.12	60.17
96.60	5.14	60.32
96.78	5.17	60.47
96.92	5.20	60.60
96.98	5.23	60.71
97.03	5.25	60.80
97.06	5.28	60.86
97.08	5.30	60.91
97.09	5.33	60.93
97.12	5.36	60.89
97.14	5.38	60.82
97.15	5.41	60.73
97.15	5.43	60.64
97.14	5.45	60.54
97.10	5.46	60.44
97.00	5.47	60.35
96.89	5.47	60.28
96.80	5.47	60.23
96.72	5.46	60.22
96.66	5.45	60.25
96.70	5.44	60.42
96.79	5.42	60.66
96.92	5.41	60.93
97.06	5.39	61.22
97.23	5.37	61.52
97.42	5.35	61.80
97.61	5.33	62.04
97.81	5.31	62.25
98.01	5.30	62.44
98.22	5.28	62.59
98.42	5.26	62.71
98.57	5.24	62.67
98.71	5.22	62.56
98.84	5.20	62.45
98.99	5.18	62.36
99.16	5.17	62.30
99.34	5.16	62.34
99.52	5.16	62.59
99.75	5.16	62.90
100.04	5.17	63.24
100.40	5.18	63.61
100.86	5.20	63.98
101.63	5.21	64.33
102.48	5.22	64.65
103.37	5.24	64.94
104.24	5.25	65.17
105.07	5.27	65.34
105.66	5.28	65.35
106.09	5.30	65.25
106.42	5.31	65.08
106.67	5.33	64.86
106.84	5.34	64.59
106.95	5.36	64.30
107.00	5.38	63.99
106.98	5.39	63.67
106.89	5.41	63.33
106.73	5.42	62.98
106.50	5.43	62.64
106.16	5.44	62.33
105.74	5.44	62.04
105.27	5.44	61.75
104.76	5.44	61.47
104.24	5.44	61.19
103.72	5.44	60.92
103.29	5.43	60.62
102.86	5.43	60.33
102.43	5.42	60.04
102.00	5.42	59.76
101.56	5.41	59.49
101.10	5.40	59.25
100.62	5.40	59.04
100.14	5.39	58.82
99.65	5.39	58.61
99.15	5.38	58.39
98.66	5.37	58.17
98.11	5.37	57.82
97.58	5.36	57.47
97.06	5.35	57.14
96.58	5.35	56.84
96.14	5.34	56.59
95.77	5.34	56.43
95.51	5.33	56.42
95.31	5.32	56.48
95.17	5.32	56.63
95.09	5.32	56.85
95.07	5.31	57.15
95.13	5.31	57.62
95.27	5.31	58.20
95.45	5.31	58.81
95.65	5.31	59.40
95.88	5.31	59.95
96.09	5.31	60.34
96.27	5.31	60.50
96.45	5.31	60.58
96.64	5.31	60.60
96.83	5.31	60.59
97.02	5.31	60.57
97.26	5.30	60.64
97.50	5.30	60.72
97.73	5.30	60.79
97.95	5.30	60.87
98.16	5.30	60.93
98.31	5.30	60.99
98.40	5.30	61.05
98.47	5.30	61.08
98.53	5.30	61.10
98.61	5.30	61.09
98.70	5.30	61.06
98.94	5.30	61.00
99.18	5.30	60.90
99.42	5.30	60.76
99.64	5.29	60.58
99.83	5.29	60.34
99.88	5.29	60.00
99.86	5.29	59.59
99.80	5.29	59.15
99.71	5.29	58.69
99.59	5.29	58.22
99.46	5.29	57.78
99.33	5.29	57.39
99.19	5.28	57.02
99.03	5.28	56.66
98.87	5.28	56.32
98.68	5.28	56.01
98.45	5.28	55.69
98.20	5.28	55.40
97.96	5.28	55.15
97.73	5.28	54.94
97.53	5.27	54.79
97.40	5.27	54.74
97.40	5.27	54.86
97.43	5.27	55.03
97.48	5.26	55.21
97.53	5.26	55.40
97.57	5.26	55.56
97.52	5.25	55.50
97.43	5.25	55.39
97.34	5.25	55.26
97.25	5.25	55.15
97.16	5.24	55.07
97.09	5.24	55.11
97.04	5.24	55.35
97.02	5.23	55.62
97.03	5.23	55.91
97.08	5.23	56.20
97.18	5.23	56.45
97.38	5.22	56.55
97.64	5.22	56.59
97.93	5.22	56.58
98.24	5.22	56.53
98.56	5.22	56.44
98.88	5.21	56.31
99.18	5.21	56.14
99.47	5.21	55.96
99.75	5.21	55.77
100.01	5.21	55.58
100.25	5.21	55.41
100.46	5.21	55.34
100.64	5.20	55.29
100.78	5.20	55.24
100.88	5.20	55.19
100.93	5.20	55.13
100.91	5.20	55.03
100.77	5.20	54.81
100.59	5.20	54.58
100.37	5.19	54.35
100.15	5.19	54.14
99.92	5.19	53.97
99.75	5.19	53.90
99.61	5.19	53.92
99.49	5.19	53.98
99.38	5.19	54.06
99.27	5.18	54.16
99.17	5.18	54.28
99.06	5.18	54.37
98.94	5.18	54.47
98.84	5.18	54.56
98.74	5.18	54.64
98.65	5.18	54.71
98.56	5.18	54.74
98.47	5.18	54.72
98.41	5.18	54.70
98.39	5.18	54.68
98.42	5.18	54.68
98.53	5.18	54.70
98.85	5.18	54.85
99.23	5.18	55.01
99.64	5.18	55.17
100.07	5.18	55.31
100.49	5.18	55.41
100.84	5.19	55.38
101.13	5.19	55.23
101.38	5.19	55.05
101.59	5.19	54.84
101.75	5.19	54.62
101.84	5.19	54.40
101.77	5.19	54.21
101.67	5.19	54.04
101.54	5.19	53.89
101.42	5.19	53.77
101.31	5.19	53.68
101.35	5.19	53.70
101.47	5.19	53.78
101.61	5.18	53.89
101.74	5.18	53.99
101.85	5.18	54.09
101.88	5.18	54.11
101.79	5.17	54.01
101.65	5.17	53.90
101.48	5.17	53.78
101.27	5.17	53.68
101.04	5.17	53.60
100.78	5.16	53.64
100.51	5.16	53.74
100.23	5.16	53.86
99.94	5.16	54.01
99.65	5.17	54.19
99.34	5.17	54.37
99.00	5.17	54.55
98.69	5.18	54.74
98.45	5.18	54.96
98.29	5.19	55.21
98.24	5.19	55.48
98.49	5.20	55.83
98.87	5.20	56.20
99.34	5.21	56.59
99.88	5.21	56.97
100.47	5.22	57.36
101.08	5.22	57.74
101.71	5.23	58.10
102.33	5.23	58.43
102.92	5.24	58.69
103.47	5.24	58.89
103.93	5.25	58.98
104.20	5.25	58.83
104.40	5.25	58.60
104.55	5.25	58.32
104.65	5.25	58.01
104.71	5.25	57.69
104.80	5.25	57.47
104.89	5.24	57.29
104.94	5.24	57.11
104.94	5.23	56.93
104.90	5.23	56.73
104.78	5.22	56.48
104.58	5.21	56.15
104.32	5.21	55.83
104.01	5.20	55.50
103.67	5.19	55.20
103.29	5.19	54.93
102.89	5.18	54.79
102.47	5.17	54.71
102.02	5.16	54.65
101.55	5.16	54.61
101.06	5.15	54.58
100.53	5.15	54.54
99.96	5.15	54.47
99.38	5.15	54.39
98.81	5.15	54.30
98.26	5.16	54.21
97.74	5.16	54.11
97.34	5.17	53.98
97.01	5.17	53.83
96.71	5.17	53.69
96.45	5.18	53.56
96.20	5.18	53.45
95.97	5.19	53.37
95.69	5.19	53.38
95.43	5.20	53.41
95.19	5.20	53.46
94.96	5.21	53.53
94.77	5.21	53.61
94.60	5.22	53.65
94.46	5.22	53.64
94.37	5.23	53.66
94.31	5.23	53.73
94.31	5.24	53.87
94.37	5.24	54.13
94.57	5.24	54.72
94.82	5.25	55.37
95.09	5.25	56.04
95.38	5.26	56.68
95.66	5.26	57.26
95.87	5.27	57.56
96.03	5.27	57.67
96.17	5.28	57.70
96.29	5.28	57.65
96.38	5.29	57.54
96.45	5.29	57.39
96.44	5.29	57.24
96.42	5.29	57.07
96.42	5.29	56.88
96.45	5.29	56.69
96.52	5.29	56.50
96.72	5.29	56.31
97.00	5.29	56.13
97.32	5.29	55.99
97.69	5.29	55.89
98.08	5.29	55.86
98.48	5.28	56.02
98.90	5.28	56.27
99.34	5.28	56.56
99.80	5.28	56.86
100.29	5.28	57.16
100.82	5.28	57.32
101.39	5.27	57.37
101.97	5.27	57.41
102.56	5.27	57.44
103.15	5.27	57.47
103.71	5.27	57.56
104.24	5.27	57.73
104.76	5.27	57.92
105.29	5.27	58.12
105.83	5.27	58.32
106.44	5.28	58.53
107.14	5.28	58.74
107.83	5.28	58.93
108.49	5.28	59.08
109.09	5.29	59.17
109.56	5.29	59.18
109.82	5.29	59.05
109.99	5.29	58.85
110.07	5.30	58.60
110.09	5.30	58.30
110.04	5.30	57.96
110.01	5.31	57.63
109.94	5.31	57.28
109.79	5.31	56.90
109.57	5.31	56.48
109.28	5.31	56.02
108.85	5.31	55.50
108.24	5.31	54.86
107.57	5.31	54.23
106.86	5.31	53.61
106.13	5.31	53.02
105.40	5.31	52.50
104.81	5.31	52.23
104.25	5.31	52.04
103.69	5.31	51.91
103.14	5.31	51.81
102.59	5.31	51.74
101.98	5.31	51.63
101.32	5.31	51.48
100.66	5.31	51.32
100.00	5.31	51.16
99.35	5.31	51.01
98.73	5.31	50.87
98.18	5.31	50.70
97.67	5.31	50.54
97.20	5.31	50.41
96.77	5.31	50.30
96.38	5.31	50.24
96.04	5.31	50.23
95.74	5.30	50.39
95.48	5.30	50.59
95.26	5.29	50.82
95.08	5.28	51.06
94.95	5.27	51.30
94.87	5.26	51.46
94.83	5.25	51.58
94.83	5.24	51.67
94.85	5.23	51.75
94.89	5.22	51.81
94.92	5.21	51.81
94.93	5.20	51.73
94.96	5.19	51.66
95.00	5.18	51.62
95.07	5.17	51.64
95.17	5.16	51.75
95.34	5.16	52.18
95.54	5.16	52.71
95.77	5.16	53.28
96.04	5.16	53.85
96.33	5.16	54.39
96.69	5.17	54.72
97.09	5.17	54.92
97.48	5.18	55.07
97.88	5.19	55.19
98.25	5.19	55.29
98.54	5.20	55.45
98.77	5.20	55.65
98.97	5.21	55.84
99.13	5.22	56.00
99.26	5.22	56.13
99.35	5.22	56.18
99.42	5.23	56.08
99.47	5.23	55.94
99.49	5.23	55.78
99.49	5.24	55.61
99.47	5.24	55.45
99.43	5.24	55.35
99.39	5.24	55.29
99.33	5.24	55.25
99.27	5.25	55.24
99.21	5.25	55.27
99.18	5.25	55.39
99.17	5.25	55.55
99.15	5.25	55.74
99.12	5.25	55.92
99.06	5.26	56.10
98.96	5.26	56.22
98.80	5.26	56.28
98.61	5.26	56.30
98.40	5.26	56.29
98.17	5.26	56.25
97.92	5.27	56.18
97.61	5.27	56.02
97.30	5.27	55.84
97.00	5.27	55.64
96.73	5.27	55.45
96.50	5.27	55.26
96.42	5.27	55.15
96.43	5.26	55.08
96.48	5.26	55.02
96.56	5.26	54.97
96.65	5.25	54.91
96.70	5.25	54.83
96.69	5.24	54.72
96.67	5.24	54.59
96.63	5.24	54.46
96.57	5.23	54.32
96.50	5.23	54.17
96.41	5.22	54.08
96.30	5.22	53.97
96.18	5.22	53.83
96.04	5.21	53.67
95.88	5.21	53.47
95.67	5.21	53.12
95.39	5.20	52.60
95.13	5.20	52.07
94.89	5.20	51.59
94.69	5.20	51.19
94.55	5.21	50.91
94.66	5.21	51.14
94.82	5.21	51.49
95.02	5.21	51.93
95.24	5.21	52.40
95.45	5.21	52.89
95.56	5.22	53.23
95.60	5.22	53.47
95.62	5.22	53.66
95.60	5.22	53.77
95.57	5.22	53.82
95.51	5.23	53.75
95.40	5.23	53.44
95.29	5.23	53.09
95.19	5.23	52.72
95.09	5.24	52.38
95.01	5.24	52.10
94.94	5.24	52.03
94.90	5.25	52.09
94.92	5.25	52.25
95.02	5.26	52.49
95.21	5.26	52.82
95.59	5.27	53.26
96.14	5.27	53.80
96.79	5.28	54.40
97.52	5.28	55.03
98.31	5.29	55.69
99.16	5.29	56.36
100.03	5.30	57.03
100.94	5.30	57.66
101.86	5.31	58.25
102.79	5.31	58.76
103.72	5.31	59.13
104.64	5.32	59.32
105.53	5.32	59.42
106.37	5.32	59.42
107.13	5.33	59.33
107.76	5.33	59.14
108.17	5.33	58.81
108.51	5.32	58.44
108.77	5.32	58.05
108.99	5.32	57.66
109.22	5.32	57.35
109.55	5.31	57.29
109.85	5.31	57.25
110.10	5.31	57.18
110.26	5.30	57.06
110.33	5.30	56.85
110.11	5.30	56.24
109.78	5.29	55.50
109.35	5.29	54.68
108.85	5.29	53.82
108.29	5.28	52.93
107.72	5.28	52.08
107.14	5.28	51.29
106.53	5.27	50.54
105.90	5.27	49.86
105.26	5.27	49.26
104.61	5.26	48.76
103.98	5.26	48.49
103.34	5.26	48.36
102.71	5.26	48.32
102.07	5.26	48.36
101.43	5.26	48.46
100.77	5.26	48.64
100.09	5.26	48.88
99.43	5.26	49.14
98.78	5.26	49.38
98.15	5.26	49.61
97.56	5.26	49.78
97.03	5.26	49.64
96.54	5.27	49.40
96.10	5.27	49.13
95.69	5.27	48.88
95.31	5.27	48.68
94.97	5.27	48.55
94.60	5.27	48.74
94.28	5.28	49.04
94.01	5.28	49.42
93.81	5.29	49.90
93.70	5.29	50.45
93.76	5.29	51.12
93.98	5.30	51.87
94.27	5.30	52.66
94.59	5.31	53.46
94.94	5.31	54.25
95.26	5.31	54.97
95.47	5.32	55.53
95.66	5.32	56.05
95.83	5.33	56.51
95.98	5.33	56.93
96.11	5.33	57.32
96.24	5.34	57.73
96.36	5.34	58.11
96.45	5.35	58.45
96.51	5.35	58.71
96.53	5.35	58.90
96.49	5.36	58.96
96.29	5.36	58.78
96.07	5.36	58.52
95.86	5.36	58.22
95.66	5.36	57.90
95.52	5.36	57.60
95.59	5.35	57.47
95.77	5.35	57.41
95.98	5.34	57.38
96.21	5.33	57.36
96.42	5.33	57.34
96.57	5.32	57.29
96.60	5.31	57.19
96.59	5.31	57.06
96.55	5.30	56.90
96.49	5.29	56.72
96.40	5.29	56.49
96.30	5.28	56.11
96.17	5.27	55.70
96.04	5.27	55.29
95.91	5.26	54.89
95.77	5.26	54.53
95.64	5.25	54.28
95.52	5.25	54.21
95.41	5.25	54.20
95.32	5.25	54.24
95.26	5.25	54.30
95.24	5.25	54.38
95.32	5.25	54.42
95.45	5.25	54.45
95.60	5.25	54.49
95.75	5.26	54.53
95.90	5.26	54.58
96.00	5.26	54.64
96.03	5.26	54.72
96.05	5.27	54.80
96.05	5.27	54.87
96.04	5.27	54.93
96.03	5.27	54.98
95.99	5.28	54.87
95.94	5.28	54.75
95.93	5.28	54.67
95.95	5.28	54.64
96.01	5.28	54.68
96.17	5.28	54.95
96.42	5.28	55.50
96.75	5.27	56.10
97.14	5.27	56.73
97.60	5.26	57.33
98.15	5.26	57.83
98.84	5.25	58.06
99.57	5.25	58.20
100.32	5.24	58.27
101.07	5.24	58.28
101.79	5.23	58.22
102.40	5.23	58.15
102.95	5.22	58.04
103.43	5.21	57.90
103.85	5.21	57.72
104.18	5.20	57.52
104.38	5.20	57.28
104.41	5.20	57.01
104.38	5.20	56.73
104.30	5.20	56.44
104.19	5.20	56.17
104.07	5.20	55.92
104.10	5.20	55.79
104.11	5.20	55.67
104.12	5.20	55.57
104.09	5.21	55.47
104.02	5.21	55.36
103.83	5.21	55.16
103.55	5.22	54.91
103.23	5.22	54.66
102.88	5.22	54.41
102.51	5.22	54.17
102.14	5.23	53.97
101.79	5.23	53.85
101.45	5.23	53.77
101.13	5.23	53.71
100.83	5.23	53.67
100.55	5.23	53.64
100.34	5.23	53.62
100.18	5.23	53.60
100.05	5.22	53.59
99.95	5.22	53.60
99.87	5.21	53.63
99.82	5.20	53.69
99.79	5.20	53.79
99.77	5.19	53.90
99.76	5.18	54.03
99.77	5.17	54.17
99.78	5.16	54.32
99.79	5.16	54.47
99.80	5.15	54.62
99.81	5.14	54.77
99.83	5.13	54.92
99.86	5.12	55.08
99.86	5.12	55.22
99.83	5.11	55.33
99.83	5.11	55.46
99.87	5.11	55.60
99.97	5.11	55.75
100.17	5.11	55.95
100.62	5.11	56.25
101.13	5.12	56.57
101.67	5.13	56.89
102.24	5.13	57.21
102.80	5.14	57.51
103.24	5.15	57.76
103.65	5.15	57.96
104.01	5.16	58.12
104.33	5.17	58.23
104.60	5.17	58.29
104.80	5.18	58.25
104.93	5.18	58.14
105.02	5.19	57.96
105.05	5.19	57.73
105.05	5.20	57.43
104.98	5.20	57.06
104.87	5.21	56.60
104.72	5.21	56.11
104.56	5.22	55.60
104.39	5.22	55.09
104.23	5.23	54.62
104.14	5.23	54.20
104.04	5.24	53.82
103.91	5.24	53.48
103.76	5.25	53.18
103.56	5.25	52.94
103.21	5.26	52.79
102.82	5.26	52.69
102.40	5.27	52.62
101.96	5.27	52.59
101.51	5.28	52.57
101.09	5.28	52.54
100.69	5.28	52.50
100.31	5.29	52.48
99.96	5.29	52.49
99.64	5.29	52.52
99.35	5.29	52.58
99.09	5.29	52.68
98.89	5.29	52.81
98.75	5.29	52.98
98.69	5.29	53.18
98.73	5.29	53.43
98.93	5.29	53.73
99.21	5.29	54.06
99.56	5.29	54.41
99.98	5.29	54.78
100.44	5.29	55.16
101.00	5.29	55.61
101.58	5.29	56.04
102.15	5.29	56.43
102.68	5.29	56.74
103.16	5.29	56.97
103.42	5.29	56.87
103.56	5.29	56.62
103.65	5.29	56.33
103.71	5.29	56.04
103.74	5.29	55.79
103.82	5.29	55.81
103.93	5.29	56.02
104.03	5.29	56.29
104.12	5.29	56.56
104.20	5.29	56.81
104.25	5.28	56.93
104.29	5.28	56.91
104.29	5.28	56.83
104.26	5.28	56.71
104.18	5.27	56.55
104.04	5.27	56.36
103.83	5.27	56.16
103.57	5.27	55.93
103.26	5.26	55.68
102.90	5.26	55.41
102.49	5.26	55.13
101.97	5.26	54.80
101.41	5.25	54.48
100.84	5.25	54.16
100.27	5.25	53.88
99.71	5.25	53.63
99.21	5.25	53.49
98.78	5.25	53.45
98.39	5.25	53.44
98.04	5.25	53.47
97.74	5.25	53.52
97.53	5.25	53.56
97.41	5.25	53.59
97.33	5.25	53.62
97.27	5.25	53.66
97.23	5.25	53.71
97.17	5.25	53.77
97.04	5.26	53.87
96.90	5.26	53.96
96.74	5.26	54.05
96.58	5.26	54.13
96.41	5.26	54.18
96.20	5.26	54.12
95.97	5.26	54.00
95.77	5.26	53.89
95.59	5.26	53.82
95.45	5.26	53.81
95.41	5.26	53.99
95.47	5.27	54.40
95.58	5.27	54.85
95.73	5.27	55.33
95.90	5.27	55.78
96.09	5.27	56.11
96.27	5.27	56.23
96.45	5.27	56.28
96.63	5.27	56.29
96.81	5.27	56.27
96.98	5.28	56.23
97.07	5.28	56.23
97.17	5.28	56.22
97.27	5.28	56.20
97.38	5.28	56.16
97.52	5.28	56.10
97.72	5.28	55.92
97.95	5.29	55.73
98.22	5.29	55.58
98.52	5.29	55.48
98.86	5.29	55.47
99.24	5.30	55.76
99.65	5.30	56.18
100.10	5.30	56.67
100.59	5.30	57.18
101.11	5.31	57.69
101.73	5.31	58.14
102.38	5.31	58.52
103.04	5.31	58.82
103.67	5.32	59.00
104.28	5.32	59.05
104.81	5.32	58.75
105.28	5.33	58.30
105.67	5.33	57.73
105.99	5.33	57.07
106.22	5.33	56.33
106.27	5.34	55.58
106.21	5.34	54.80
106.07	5.34	54.00
105.86	5.34	53.20
105.59	5.35	52.41
105.30	5.35	51.67
104.98	5.35	50.98
104.63	5.35	50.33
104.24	5.35	49.74
103.84	5.35	49.20
103.41	5.35	48.75
102.96	5.34	48.46
102.50	5.33	48.22
102.03	5.32	48.02
101.56	5.31	47.85
101.09	5.30	47.68
100.68	5.29	47.41
100.28	5.28	47.13
99.86	5.27	46.85
99.43	5.26	46.57
98.97	5.25	46.30
98.43	5.24	46.05
97.80	5.23	45.82
97.15	5.22	45.61
96.50	5.22	45.44
95.86	5.21	45.32
95.24	5.20	45.24
94.70	5.19	45.27
94.22	5.18	45.37
93.78	5.17	45.51
93.39	5.16	45.71
93.07	5.15	45.95
92.81	5.14	46.23
92.65	5.12	46.56
92.55	5.10	46.93
92.50	5.08	47.32
92.51	5.05	47.72
92.57	5.03	48.14
92.67	5.01	48.52
92.82	4.99	48.90
93.01	4.96	49.28
93.22	4.94	49.68
93.46	4.92	50.09
93.72	4.90	50.52
93.97	4.88	50.98
94.24	4.87	51.45
94.54	4.85	51.96
94.85	4.84	52.50
95.18	4.84	53.07
95.45	4.84	53.74
95.74	4.85	54.45
96.08	4.87	55.17
96.50	4.89	55.90
97.02	4.91	56.63
97.76	4.93	57.34
98.78	4.95	58.02
99.87	4.96	58.66
101.00	4.98	59.24
102.12	5.00	59.73
103.15	5.01	60.12
103.99	5.03	60.34
104.74	5.05	60.46
105.41	5.07	60.46
105.99	5.08	60.35
106.47	5.10	60.13
106.80	5.11	59.64
107.03	5.12	59.06
107.19	5.13	58.42
107.28	5.14	57.76
107.30	5.15	57.09
107.29	5.16	56.53
107.24	5.17	56.05
107.15	5.17	55.62
107.02	5.18	55.25
106.85	5.19	54.93
106.65	5.19	54.69
106.44	5.20	54.53
106.20	5.21	54.44
105.93	5.21	54.41
105.62	5.22	54.43
105.29	5.23	54.52
104.89	5.23	54.76
104.45	5.24	55.06
103.99	5.24	55.37
103.54	5.25	55.65
103.10	5.26	55.89
102.67	5.26	55.98
102.27	5.27	55.80
101.92	5.27	55.55
101.61	5.28	55.27
101.38	5.29	54.99
101.23	5.29	54.74
101.28	5.30	54.66
101.40	5.31	54.63
101.57	5.31	54.61
101.77	5.32	54.62
101.97	5.33	54.64
102.13	5.33	54.67
102.26	5.34	54.70
102.38	5.35	54.71
102.46	5.35	54.69
102.49	5.36	54.64
102.44	5.37	54.46
102.32	5.37	54.21
102.16	5.38	53.94
101.96	5.38	53.68
101.73	5.39	53.43
101.44	5.39	53.26
101.11	5.39	53.17
100.78	5.39	53.12
100.46	5.39	53.11
100.16	5.39	53.13
99.97	5.38	53.24
99.89	5.37	53.44
99.84	5.36	53.62
99.81	5.35	53.76
99.77	5.33	53.84
99.69	5.32	53.66
99.56	5.31	53.27
99.40	5.30	52.82
99.22	5.29	52.36
99.01	5.28	51.91
98.74	5.27	51.63
98.42	5.26	51.55
98.08	5.25	51.53
97.72	5.24	51.53
97.36	5.23	51.53
96.99	5.22	51.50
96.65	5.20	51.35
96.31	5.19	51.18
95.97	5.18	51.00
95.65	5.17	50.82
95.34	5.16	50.64
95.00	5.17	50.51
94.70	5.17	50.40
94.42	5.18	50.30
94.19	5.18	50.21
94.02	5.19	50.15
93.98	5.20	50.13
94.01	5.20	50.13
94.08	5.21	50.14
94.19	5.22	50.14
94.32	5.22	50.14
94.46	5.23	50.05
94.60	5.23	49.95
94.74	5.24	49.86
94.87	5.24	49.79
94.98	5.25	49.76
94.98	5.26	49.84
94.94	5.26	49.99
94.91	5.27	50.16
94.90	5.27	50.37
94.93	5.28	50.58
95.12	5.28	50.75
95.41	5.29	50.89
95.76	5.29	51.05
96.15	5.29	51.24
96.57	5.29	51.45
97.02	5.29	51.71
97.47	5.29	52.02
97.92	5.29	52.38
98.36	5.29	52.82
98.78	5.29	53.33