0.324342	0.271111	0.189798
0.333819	0.267778	0.217320
0.351183	0.263333	0.232509
0.369110	0.260000	0.236810
0.378223	0.255555	0.229958
0.380410	0.252222	0.221165
0.379515	0.250000	0.223791
0.375141	0.240000	0.223639
0.367188	0.214444	0.208489
0.362118	0.181111	0.199429
0.363046	0.147778	0.205215
0.363278	0.114444	0.201523
0.362052	0.091111	0.189151
0.362549	0.110000	0.194214
0.366857	0.156667	0.210049
0.377957	0.201111	0.220594
0.388130	0.243333	0.232090
0.391444	0.287778	0.248040
0.391378	0.317778	0.252455
0.391080	0.331111	0.245946
0.397342	0.334444	0.253102
0.406654	0.332222	0.269395
0.412618	0.327778	0.282451
0.412585	0.324444	0.283137
0.405925	0.320000	0.269471
0.396845	0.316667	0.258127
0.386275	0.313333	0.249067
0.374147	0.310000	0.235364
0.360693	0.306667	0.221736
0.345914	0.298889	0.214199
0.337133	0.291111	0.211458
0.338028	0.281111	0.211382
0.336636	0.272222	0.205520
0.331798	0.264444	0.191854
0.330009	0.254444	0.172174
0.329744	0.244444	0.153673
0.327755	0.235555	0.145794
0.329213	0.231111	0.145641
0.336371	0.231111	0.150438
0.340248	0.231111	0.154016
0.338956	0.231111	0.154815
0.334482	0.233333	0.153826
0.328186	0.240000	0.152493
0.321890	0.247778	0.152493
0.315362	0.254444	0.155539
0.308867	0.262222	0.163380
0.312512	0.270000	0.180586
0.327722	0.277778	0.204568
0.339154	0.285555	0.216102
0.345450	0.293333	0.214008
0.348863	0.297778	0.200952
0.349824	0.300000	0.189951
0.348731	0.296667	0.192501
0.348797	0.292222	0.199429
0.351249	0.285555	0.205596
0.355557	0.277778	0.207423
0.358672	0.272222	0.206129
0.355690	0.272222	0.205558
0.352475	0.278889	0.205824
0.354662	0.287778	0.207499
0.361952	0.297778	0.216445
0.370966	0.311111	0.225961
0.375340	0.321111	0.219528
0.374246	0.331111	0.203083
0.367718	0.341111	0.183213
0.359003	0.348889	0.168215
0.349394	0.353333	0.160335
0.336669	0.360000	0.151009
0.325005	0.365555	0.140769
0.322851	0.370000	0.133156
0.323448	0.375555	0.128017
0.319074	0.380000	0.125048
0.319769	0.385555	0.140921
0.330108	0.390000	0.179749
0.341507	0.396667	0.204111
0.351349	0.401111	0.211268
0.358606	0.401111	0.213285
0.367254	0.398889	0.215721
0.380807	0.392222	0.221393
0.400722	0.384444	0.219604
0.421532	0.377778	0.209517
0.432633	0.371111	0.194785
0.435383	0.364444	0.179368
0.431407	0.357778	0.166730
0.420704	0.350000	0.155424
0.405825	0.341111	0.146098
0.395719	0.331111	0.143548
0.387700	0.321111	0.144347
0.374809	0.312222	0.142406
0.360726	0.303333	0.137876
0.349029	0.292222	0.131290
0.339154	0.287778	0.132851
0.331765	0.287778	0.147507
0.332560	0.290000	0.161287
0.340049	0.292222	0.170080
0.344920	0.294444	0.176094
0.347770	0.297778	0.178074
0.350984	0.298889	0.173658
0.353006	0.301111	0.171070
0.352740	0.301111	0.176932
0.353469	0.301111	0.185915
0.357910	0.300000	0.197982
0.369872	0.297778	0.230415
0.390616	0.297778	0.273201
0.420140	0.297778	0.298401
0.450527	0.297778	0.302132
0.475114	0.297778	0.286410
0.492412	0.296667	0.270879
0.499834	0.294444	0.256757
0.492842	0.294444	0.238028
0.477368	0.294444	0.218957
0.461363	0.294444	0.205672
0.442508	0.294670	0.194709
0.417655	0.296471	0.181690
0.393929	0.298498	0.170461
0.380144	0.300525	0.165893
0.369209	0.302552	0.163114
0.354265	0.304579	0.156795
0.338458	0.306606	0.150780
0.324011	0.308634	0.148078
0.313308	0.310661	0.147278
0.308470	0.312688	0.148078
0.308569	0.314715	0.154853
0.312844	0.316742	0.168633
0.318245	0.318769	0.182071
0.323945	0.320796	0.192234
0.331665	0.322823	0.198744
0.340414	0.324850	0.201903
0.347140	0.326877	0.202132
0.353900	0.328904	0.203883
0.363709	0.330931	0.213095
0.376765	0.332958	0.225428
0.392041	0.334985	0.236734
0.402147	0.337012	0.238371
0.406488	0.339039	0.233765
0.409570	0.341066	0.239437
0.410266	0.343093	0.246936
0.406124	0.343333	0.242292
0.397541	0.330000	0.231062
0.385612	0.294444	0.218005
0.377626	0.256667	0.208337
0.375804	0.221111	0.203350
0.373252	0.188889	0.193338
0.373849	0.177778	0.191511
0.388528	0.205555	0.230225
0.405494	0.253333	0.271755
0.412884	0.298889	0.279520
0.413049	0.343333	0.275333
0.415534	0.388889	0.277313
0.440023	0.434444	0.308869
0.455961	0.467778	0.334374
0.439028	0.472222	0.326037
0.401750	0.447778	0.305025
0.362483	0.402222	0.283251
0.346279	0.358889	0.271945
0.338956	0.315555	0.269852
0.331433	0.272222	0.275257
0.324972	0.227778	0.286030
0.321128	0.184444	0.301408
0.321062	0.141111	0.319147
0.319007	0.097778	0.326951
0.314037	0.051111	0.321203
0.306780	0.003333	0.302893
0.299920	0.000000	0.288694
0.293492	0.043333	0.282147
0.284545	0.091111	0.273544
0.273610	0.140000	0.261515
0.261780	0.187778	0.245641
0.250878	0.231111	0.229311
0.241964	0.266667	0.213361
0.235635	0.301111	0.189912
0.231294	0.335555	0.166692
0.227285	0.372222	0.163076
0.224468	0.403333	0.170118
0.224336	0.423333	0.176932
0.232554	0.433333	0.186372
0.250547	0.434444	0.200533
0.274273	0.434444	0.225086
0.299423	0.437778	0.246289
0.321526	0.437778	0.248306
0.339618	0.442222	0.244880
0.354894	0.447778	0.242406
0.373749	0.454444	0.238637
0.393200	0.462222	0.233993
0.408244	0.468889	0.229006
0.416595	0.475555	0.220327
0.417357	0.482222	0.207080
0.413613	0.490000	0.195660
0.407118	0.497778	0.188276
0.399463	0.507778	0.185421
0.392770	0.517778	0.186296
0.389721	0.527778	0.189798
0.388197	0.537778	0.195013
0.385977	0.545555	0.201332
0.382530	0.554444	0.207042
0.377295	0.564444	0.210544
0.369474	0.573333	0.213818
0.359103	0.574444	0.217815
0.349327	0.574444	0.222155
0.342534	0.571111	0.226761
0.341275	0.567778	0.230681
0.345252	0.564444	0.235249
0.349758	0.562222	0.245413
0.355259	0.558889	0.259688
0.365001	0.555555	0.273734
0.376069	0.553333	0.285877
0.383723	0.555555	0.294214
0.390781	0.562222	0.300266
0.400457	0.568889	0.305634
0.407880	0.576667	0.307080
0.410199	0.584444	0.303198
0.408510	0.590000	0.298934
0.403042	0.594444	0.295889
0.392372	0.594444	0.291587
0.378123	0.594444	0.286867
0.364736	0.591111	0.285192
0.353536	0.588889	0.284355
0.345583	0.586667	0.279368
0.338956	0.584444	0.275143
0.331566	0.584444	0.277922
0.324044	0.585555	0.281348
0.316986	0.588889	0.280091
0.312115	0.593333	0.279292
0.310425	0.597778	0.282109
0.312214	0.602222	0.290636
0.316091	0.606667	0.302627
0.317781	0.610000	0.307651
0.317317	0.614444	0.306966
0.315793	0.614444	0.305063
0.315528	0.614444	0.304073
0.319272	0.614444	0.306395
0.327788	0.611111	0.311572
0.341109	0.610000	0.318881
0.352310	0.607778	0.324819
0.358473	0.606667	0.328207
0.362251	0.604444	0.331329
0.363676	0.604444	0.335364
0.360925	0.604444	0.342063
0.356816	0.604444	0.348763
0.356120	0.604444	0.350971
0.353271	0.604444	0.349029
0.342965	0.605555	0.343243
0.332063	0.607778	0.334983
0.324740	0.607778	0.325581
0.317582	0.607778	0.319566
0.310226	0.605555	0.319718
0.310889	0.604444	0.327674
0.321691	0.604444	0.341112
0.337232	0.602222	0.346555
0.354762	0.601111	0.345451
0.371131	0.601111	0.348877
0.387070	0.601111	0.353369
0.405063	0.601111	0.351770
0.419445	0.601111	0.347392
0.425144	0.602222	0.343472
0.424183	0.604444	0.337153
0.417920	0.604444	0.327674
0.409802	0.602222	0.318005
0.401021	0.601111	0.310430
0.390052	0.597778	0.309593
0.377427	0.597778	0.312143
0.364173	0.594444	0.310049
0.351150	0.594444	0.306243
0.338922	0.591111	0.304987
0.331367	0.591111	0.306776
0.332394	0.590000	0.311991
0.335310	0.587778	0.314275
0.335874	0.587778	0.310430
0.333819	0.587778	0.308375
0.330406	0.588889	0.310697
0.332925	0.591111	0.314313
0.340579	0.594444	0.317815
0.348267	0.597778	0.319756
0.353966	0.601111	0.317549
0.355424	0.604444	0.308222
0.355888	0.606667	0.302550
0.357777	0.607778	0.307537
0.362516	0.608889	0.311801
0.369740	0.611111	0.311420
0.374014	0.612222	0.310316
0.375439	0.614444	0.309326
0.376599	0.614444	0.308793
0.375075	0.617778	0.308108
0.367055	0.617778	0.306395
0.356319	0.621111	0.304073
0.347140	0.621111	0.301637
0.337564	0.623333	0.296917
0.326397	0.624444	0.288428
0.316356	0.625555	0.282337
0.309364	0.627778	0.282566
0.306448	0.628889	0.287705
0.307906	0.631111	0.296688
0.313738	0.631111	0.307423
0.320730	0.633333	0.316825
0.320697	0.634444	0.318576
0.318311	0.634444	0.316330
0.322950	0.634444	0.316749
0.329545	0.634444	0.319109
0.332958	0.634444	0.322802
0.337696	0.634444	0.325048
0.345152	0.634444	0.323906
0.347902	0.634444	0.318120
0.345020	0.634444	0.309250
0.340049	0.634444	0.302779
0.334118	0.634444	0.297221
0.328087	0.632222	0.287895
0.322188	0.631111	0.280129
0.316323	0.631111	0.282071
0.311021	0.630000	0.286867
0.306846	0.627778	0.288847
0.303831	0.631111	0.289836
0.302472	0.633333	0.291093
0.307078	0.636667	0.300723
0.318245	0.638889	0.318576
0.329545	0.641111	0.327979
0.338425	0.644444	0.327674
0.342435	0.644444	0.323753
0.344622	0.646667	0.319490
0.350785	0.647778	0.319033
0.355855	0.647778	0.315721
0.354331	0.651111	0.302665
0.348698	0.651111	0.290902
0.340944	0.651111	0.287667
0.335642	0.651111	0.285915
0.336106	0.651111	0.284431
0.344920	0.652222	0.291816
0.361124	0.654444	0.303464
0.382033	0.654444	0.305482
0.402114	0.654444	0.306852
0.414938	0.654444	0.321013
0.423951	0.654444	0.330072
0.431009	0.654444	0.323030
0.432567	0.654444	0.321584
0.428093	0.652222	0.330187
0.418815	0.654444	0.336125
0.409305	0.658889	0.338447
0.407018	0.662222	0.338980
0.408808	0.666667	0.340883
0.410829	0.670000	0.346974
0.412055	0.674444	0.348420
0.411260	0.676667	0.340769
0.406554	0.677778	0.327103
0.398734	0.677778	0.312943
0.392968	0.674444	0.313932
0.388396	0.674444	0.323182
0.382332	0.674444	0.325542
0.373716	0.673333	0.320251
0.360958	0.671111	0.306167
0.348665	0.671111	0.294290
0.340016	0.671111	0.292120
0.332196	0.671111	0.290103
0.324806	0.670000	0.285801
0.319604	0.667778	0.281614
0.317185	0.667778	0.282566
0.317118	0.667778	0.297792
0.323481	0.663333	0.322459
0.341209	0.660000	0.350133
0.362184	0.655555	0.367758
0.380642	0.650000	0.368938
0.394161	0.645555	0.373087
0.404467	0.641111	0.382223
0.419478	0.636667	0.386334
0.433064	0.632222	0.381614
0.437802	0.628889	0.365931
0.433859	0.623333	0.349829
0.422029	0.621111	0.339399
0.409205	0.620000	0.331443
0.396812	0.622222	0.324134
0.380111	0.624444	0.312372
0.361787	0.626667	0.298515
0.347803	0.627778	0.288466
0.336934	0.627778	0.281957
0.326231	0.627778	0.277198
0.320730	0.627778	0.277389
0.326165	0.628889	0.286182
0.338326	0.631111	0.304872
0.353834	0.631111	0.332509
0.370137	0.631111	0.351389
0.384750	0.631111	0.356376
0.393267	0.624444	0.358279
0.398602	0.611111	0.363723
0.410332	0.580000	0.383022
0.424316	0.542222	0.405443
0.434456	0.505555	0.417054
0.438631	0.467778	0.416825
0.436179	0.433333	0.405596
0.437471	0.417778	0.401599
0.443634	0.423333	0.409935
0.443469	0.428889	0.422193
0.437173	0.433333	0.430491
0.427994	0.436667	0.424286
0.414076	0.440000	0.409402
0.393896	0.445555	0.391663
0.373981	0.448889	0.378721
0.361389	0.453333	0.376018
0.370270	0.458889	0.386448
0.387203	0.463333	0.400266
0.393565	0.467778	0.405443
0.395222	0.472222	0.405101
0.393432	0.476667	0.399124
0.385645	0.477778	0.383746
0.378554	0.474444	0.373544
0.377527	0.464444	0.378759
0.376234	0.454444	0.370651
0.374346	0.442222	0.355082
0.373484	0.431111	0.351618
0.369740	0.421111	0.349676
0.361058	0.411111	0.344195
0.346842	0.401111	0.338257
0.330704	0.390000	0.330834
0.318079	0.377778	0.319947
0.306183	0.367778	0.306395
0.293459	0.360000	0.290788
0.283717	0.354444	0.271869
0.277885	0.350000	0.253140
0.274041	0.346667	0.245451
0.271754	0.342222	0.242406
0.270429	0.337778	0.233422
0.275167	0.334444	0.231024
0.287627	0.333333	0.240160
0.297965	0.331111	0.240541
0.304891	0.327778	0.234526
0.310193	0.327778	0.235135
0.316257	0.327778	0.238333
0.324773	0.330000	0.239855
0.332461	0.334444	0.236962
0.338326	0.337778	0.231329
0.342435	0.341111	0.230034
0.345550	0.344444	0.228930
0.348333	0.347778	0.222573
0.350321	0.350000	0.217016
0.352575	0.354444	0.216825
0.364835	0.357778	0.227027
0.384121	0.361111	0.239513
0.398800	0.364444	0.234983
0.409371	0.368889	0.225581
0.416363	0.371111	0.223030
0.414275	0.374444	0.213742
0.402677	0.372222	0.194861
0.395354	0.366667	0.187590
0.392306	0.357778	0.191740
0.385314	0.347778	0.195470
0.375406	0.340000	0.195051
0.364405	0.337778	0.186030
0.355391	0.337778	0.179482
0.350852	0.342222	0.185383
0.347008	0.348889	0.189037
0.341540	0.353333	0.183175
0.334383	0.358889	0.179292
0.327424	0.363333	0.181690
0.329677	0.368889	0.192425
0.337365	0.373333	0.206890
0.340911	0.380000	0.216825
0.341673	0.384444	0.220822
0.341772	0.384444	0.217891
0.342667	0.384444	0.217891
0.345218	0.384444	0.226646
0.346047	0.383333	0.234869
0.344191	0.381111	0.238523
0.340679	0.380000	0.234831
0.336470	0.377778	0.227370
0.333256	0.376667	0.223639
0.330042	0.374444	0.221127
0.325601	0.374444	0.216901
0.320697	0.371111	0.216597
0.315627	0.371111	0.222726
0.308735	0.371111	0.226152
0.301345	0.371111	0.226532
0.301677	0.371111	0.239246
0.307045	0.373333	0.255463
0.310259	0.374444	0.254892
0.310889	0.375555	0.245375
0.308669	0.377778	0.236353
0.305951	0.381111	0.230910
0.304427	0.385555	0.231405
0.305090	0.388889	0.235440
0.306979	0.392222	0.241873
0.306614	0.396667	0.250895
0.303831	0.400000	0.258546
0.298794	0.401111	0.258736
0.294188	0.401111	0.253902
0.292929	0.400000	0.247088
0.299523	0.397778	0.250514
0.314037	0.395555	0.264484
0.330274	0.394444	0.268900
0.344191	0.391111	0.266159
0.351216	0.391111	0.265398
0.354530	0.386667	0.263989
0.357578	0.382222	0.259155
0.360594	0.374444	0.259117
0.362814	0.366667	0.264675
0.359202	0.357778	0.254092
0.350454	0.350000	0.232623
0.340977	0.341111	0.225961
0.332063	0.333333	0.229159
0.325005	0.328889	0.229273
0.319670	0.327778	0.229463
0.315959	0.327778	0.233612
0.314434	0.327778	0.239627
