108.800000	6.230000	77.356667
109.053333	6.230000	77.333333
108.306667	6.240000	77.043333
106.763333	6.230000	76.210000
104.796667	6.180000	74.766667
104.183333	6.123333	74.493333
104.516667	6.070000	74.763333
104.450000	6.016667	73.886667
104.736667	5.960000	73.273333
105.666667	5.910000	73.650000
105.866667	5.850000	73.346667
105.413333	5.800000	72.150000
105.216667	5.783333	70.606667
105.866667	5.773333	69.123333
107.320000	5.756667	67.680000
109.243333	5.746667	65.966667
110.570000	5.733333	63.953333
110.466667	5.716667	61.626667
109.400000	5.703333	58.943333
108.016667	5.686667	56.413333
106.973333	5.673333	54.646667
106.513333	5.656667	53.913333
106.283333	5.636667	53.800000
105.026667	5.623333	52.886667
103.586667	5.610000	52.306667
102.883333	5.610000	53.150000
102.220000	5.616667	54.110000
102.123333	5.620000	54.966667
103.090000	5.630000	55.716667
104.133333	5.630000	56.063333
104.786667	5.640000	55.820000
104.733333	5.640000	54.766667
104.656667	5.640000	53.960000
104.866667	5.640000	54.023333
104.093333	5.640000	53.613333
103.140000	5.640000	52.796667
102.556667	5.640000	51.873333
101.443333	5.636667	51.063333
100.380000	5.630000	50.863333
100.460000	5.630000	51.983333
100.556667	5.630000	53.243333
99.983333	5.630000	53.890000
99.376667	5.620000	54.530000
99.153333	5.606667	55.213333
99.496667	5.596667	55.863333
99.916667	5.583333	56.273333
100.346667	5.570000	56.690000
100.876667	5.556667	57.480000
101.190000	5.543333	57.913333
101.793333	5.533333	58.096667
103.343333	5.516667	58.500000
105.370000	5.506667	59.230000
107.146667	5.493333	59.433333
107.850000	5.483333	58.113333
106.800000	5.466667	55.133333
105.346667	5.456667	52.236667
104.693333	5.460000	50.810000
104.753333	5.500000	50.696667
103.556667	5.546667	49.636667
102.366667	5.590000	48.613333
102.453333	5.630000	48.836667
101.526667	5.663333	48.590000
100.416667	5.686667	48.920000
100.010000	5.700000	50.616667
99.226667	5.713333	52.023333
99.163333	5.723333	53.310000
99.740000	5.733333	54.413333
99.483333	5.743333	54.796667
99.206667	5.753333	55.426667
99.443333	5.763333	56.643333
100.243333	5.770000	57.943333
101.646667	5.770000	59.100000
103.503333	5.770000	59.823333
105.400000	5.770000	59.733333
106.436667	5.770000	58.326667
107.116667	5.770000	56.413333
107.970000	5.776667	54.850000
107.793333	5.780000	53.183333
106.910000	5.780000	51.833333
106.206667	5.780000	51.400000
105.563333	5.780000	51.276667
105.623333	5.780000	51.710000
106.720000	5.780000	52.883333
107.630000	5.783333	54.000000
108.483333	5.790000	54.720000
109.533333	5.790000	54.896667
110.440000	5.790000	54.666667
110.186667	5.790000	53.726667
109.633333	5.793333	52.710000
110.316667	5.803333	52.516667
111.380000	5.813333	52.646667
112.243333	5.823333	53.136667
111.206667	5.833333	52.536667
107.463333	5.846667	49.850000
106.373333	5.856667	49.246667
106.866667	5.863333	50.240000
105.936667	5.870000	50.993333
105.030000	5.870000	52.123333
104.916667	5.863333	53.773333
105.466667	5.846667	55.466667
106.226667	5.833333	56.590000
107.053333	5.816667	57.013333
107.943333	5.803333	56.920000
108.456667	5.786667	56.310000
108.543333	5.780000	55.480000
108.520000	5.780000	54.946667
108.526667	5.790000	54.586667
108.103333	5.790000	54.220000
106.780000	5.800000	53.720000
105.726667	5.800000	53.380000
105.036667	5.806667	53.286667
103.833333	5.810000	53.333333
102.763333	5.810000	53.820000
102.273333	5.800000	54.746667
101.533333	5.793333	55.016667
100.803333	5.783333	55.076667
100.463333	5.773333	55.450000
100.676667	5.766667	55.960000
100.966667	5.756667	56.463333
100.430000	5.746667	56.766667
99.983333	5.736667	57.160000
100.160000	5.723333	57.863333
100.883333	5.713333	58.933333
101.233333	5.696667	59.243333
101.033333	5.683333	58.700000
100.856667	5.666667	58.240000
100.523333	5.660000	57.506667
100.076667	5.650000	56.470000
100.256667	5.660000	56.320000
100.253333	5.663333	56.096667
99.506667	5.670000	55.243333
98.873333	5.676667	55.306667
98.256667	5.680000	55.610000
97.500000	5.680000	55.276667
97.086667	5.680000	55.280000
97.283333	5.676667	55.693333
97.916667	5.670000	56.230000
97.536667	5.666667	56.563333
97.026667	5.660000	56.920000
97.346667	5.656667	57.503333
97.366667	5.650000	57.713333
97.150000	5.650000	58.010000
97.306667	5.643333	58.996667
98.733333	5.640000	60.453333
100.530000	5.640000	61.206667
101.880000	5.640000	60.773333
102.680000	5.633333	60.323333
103.133333	5.640000	59.700000
103.380000	5.653333	58.740000
103.266667	5.666667	57.710000
103.090000	5.683333	56.643333
102.900000	5.696667	55.470000
102.433333	5.706667	54.000000
101.823333	5.723333	52.993333
101.303333	5.733333	53.043333
101.363333	5.750000	54.103333
101.740000	5.770000	55.370000
102.213333	5.790000	56.166667
103.013333	5.806667	56.553333
103.590000	5.826667	56.406667
103.816667	5.843333	55.973333
104.130000	5.863333	55.950000
103.716667	5.876667	55.853333
102.626667	5.886667	55.676667
102.383333	5.883333	56.316667
102.243333	5.876667	56.893333
101.913333	5.866667	56.803333
101.570000	5.856667	56.023333
101.300000	5.846667	55.996667
100.850000	5.833333	56.263333
99.993333	5.823333	55.776667
99.746667	5.816667	55.940000
100.410000	5.810000	57.143333
101.456667	5.816667	58.786667
101.480000	5.820000	59.263333
102.026667	5.820000	59.240000
102.666667	5.820000	59.003333
101.990000	5.820000	58.560000
101.863333	5.833333	58.186667
102.870000	5.853333	58.380000
104.700000	5.866667	59.296667
106.650000	5.883333	60.216667
108.813333	5.896667	60.296667
109.590000	5.913333	58.696667
108.463333	5.933333	55.806667
106.790000	5.950000	53.146667
106.283333	5.966667	51.960000
105.403333	5.976667	51.560000
103.843333	5.976667	51.600000
102.993333	5.960000	52.260000
101.693333	5.936667	52.063333
100.856667	5.910000	51.866667
100.743333	5.880000	52.150000
99.366667	5.860000	51.466667
98.940000	5.830000	52.346667
99.996667	5.813333	54.720000
100.763333	5.800000	55.630000
101.893333	5.796667	57.020000
103.206667	5.790000	58.536667
104.310000	5.783333	59.353333
104.980000	5.780000	59.336667
105.333333	5.770000	59.026667
105.586667	5.763333	58.793333
105.976667	5.760000	58.410000
106.426667	5.760000	58.093333
106.810000	5.750000	57.700000
106.976667	5.750000	56.876667
106.363333	5.750000	55.756667
105.720000	5.740000	55.113333
106.436667	5.740000	55.926667
106.806667	5.736667	56.890000
106.600000	5.730000	57.463333
106.296667	5.730000	57.610000
105.813333	5.723333	57.756667
105.736667	5.720000	58.153333
106.603333	5.720000	58.793333
107.530000	5.720000	59.020000
107.496667	5.710000	58.446667
106.170000	5.710000	57.133333
105.536667	5.710000	56.210000
105.590000	5.710000	56.156667
105.740000	5.700000	56.743333
105.120000	5.700000	56.880000
104.636667	5.700000	57.033333
104.623333	5.700000	57.443333
104.223333	5.700000	57.733333
104.373333	5.706667	58.646667
104.830000	5.720000	59.790000
104.030000	5.733333	59.590000
104.010000	5.743333	59.546667
104.143333	5.753333	59.453333
103.180000	5.766667	58.723333
103.213333	5.776667	58.973333
103.710000	5.783333	59.826667
103.223333	5.790000	60.110000
102.780000	5.790000	59.980000
103.296667	5.790000	60.453333
104.873333	5.790000	61.846667
105.790000	5.790000	61.886667
106.583333	5.790000	61.590000
107.440000	5.793333	61.593333
106.823333	5.800000	60.433333
106.046667	5.790000	59.353333
106.003333	5.776667	59.140000
105.726667	5.763333	58.823333
105.440000	5.746667	58.330000
105.023333	5.733333	57.590000
103.533333	5.713333	56.396667
102.153333	5.710000	55.520000
101.716667	5.716667	55.333333
101.630000	5.730000	55.200000
101.416667	5.740000	54.946667
101.046667	5.750000	54.733333
101.126667	5.760000	55.156667
101.273333	5.766667	55.816667
101.306667	5.766667	56.516667
101.760000	5.753333	57.680000
102.460000	5.736667	58.820000
103.243333	5.716667	59.693333
104.040000	5.703333	60.360000
104.346667	5.686667	60.333333
104.670000	5.686667	60.156667
106.453333	5.713333	61.300000
109.063333	5.740000	62.906667
109.410000	5.773333	62.126667
107.460000	5.810000	59.126667
107.540000	5.840000	58.213333
107.920000	5.870000	58.270000
107.496667	5.893333	58.273333
105.873333	5.906667	57.610000
104.843333	5.910000	57.496667
104.410000	5.910000	57.753333
103.950000	5.910000	57.840000
102.990000	5.910000	57.583333
101.730000	5.910000	56.933333
100.746667	5.910000	56.333333
101.066667	5.910000	56.896667
101.116667	5.910000	57.540000
100.730000	5.910000	58.150000
101.873333	5.890000	60.063333
104.130000	5.856667	62.230000
106.000000	5.813333	63.673333
107.270000	5.773333	64.436667
109.406667	5.733333	65.420000
109.370000	5.686667	63.993333
108.263333	5.666667	61.426667
108.203333	5.690000	60.013333
108.486667	5.720000	59.570000
108.663333	5.750000	59.413333
108.403333	5.780000	59.043333
107.530000	5.810000	58.310000
106.790000	5.820000	58.246667
106.126667	5.816667	58.696667
105.150000	5.803333	58.870000
104.873333	5.790000	59.246667
105.090000	5.776667	59.770000
105.260000	5.766667	60.240000
104.630000	5.753333	60.356667
104.143333	5.743333	60.900000
105.020000	5.726667	62.576667
107.446667	5.713333	64.853333
106.250000	5.696667	63.226667
104.333333	5.680000	60.366667
105.203333	5.663333	59.483333
106.070000	5.646667	58.440000
106.406667	5.633333	56.953333
106.290000	5.613333	55.290000
105.866667	5.596667	53.883333
105.283333	5.583333	53.023333
104.683333	5.563333	52.880000
104.180000	5.550000	53.040000
103.706667	5.556667	52.966667
102.900000	5.566667	52.116667
102.153333	5.583333	50.893333
101.633333	5.593333	49.726667
101.256667	5.603333	48.996667
100.646667	5.613333	48.320000
99.850000	5.620000	47.836667
99.513333	5.620000	48.416667
99.296667	5.620000	49.043333
99.273333	5.620000	49.413333
99.776667	5.616667	49.863333
100.136667	5.610000	49.776667
100.123333	5.610000	49.233333
99.886667	5.610000	48.766667
100.630000	5.610000	49.636667
102.483333	5.620000	51.370000
104.473333	5.630000	52.596667
104.796667	5.636667	52.020000
103.826667	5.650000	50.310000
103.370000	5.660000	48.936667
103.926667	5.666667	48.350000
104.300000	5.676667	47.856667
103.913333	5.680000	47.346667
103.216667	5.680000	47.330000
103.193333	5.680000	48.423333
104.200000	5.673333	50.123333
104.506667	5.666667	51.396667
103.596667	5.660000	51.820000
103.156667	5.653333	51.913333
102.303333	5.643333	51.986667
101.333333	5.640000	52.530000
101.846667	5.643333	54.126667
102.046667	5.650000	55.946667
102.170000	5.656667	57.273333
102.813333	5.660000	57.746667
102.976667	5.670000	57.656667
102.830000	5.673333	57.213333
102.710000	5.680000	56.676667
102.776667	5.686667	56.513333
102.606667	5.690000	56.403333
102.176667	5.690000	56.126667
103.016667	5.676667	56.313333
104.550000	5.656667	57.083333
105.850000	5.636667	57.696667
106.206667	5.613333	56.686667
107.096667	5.593333	56.170000
108.386667	5.573333	56.090000
109.150000	5.556667	55.313333
110.660000	5.550000	55.430000
111.800000	5.550000	55.566667
111.623333	5.550000	54.863333
111.263333	5.543333	54.176667
110.246667	5.546667	53.316667
108.643333	5.556667	52.390000
108.136667	5.566667	52.456667
107.510000	5.576667	52.673333
106.413333	5.590000	52.813333
105.820000	5.600000	53.603333
104.880000	5.606667	54.113333
103.486667	5.610000	54.196667
102.746667	5.610000	54.983333
102.540000	5.610000	56.050000
102.570000	5.610000	57.173333
102.463333	5.610000	58.313333
102.006667	5.603333	58.693333
101.663333	5.600000	58.806667
102.156667	5.600000	59.706667
102.700000	5.600000	60.260000
102.946667	5.600000	60.446667
102.830000	5.600000	60.476667
102.473333	5.600000	60.106667
101.940000	5.606667	59.706667
101.330000	5.613333	59.600000
100.900000	5.626667	59.640000
101.170000	5.646667	60.343333
102.010000	5.663333	61.436667
102.390000	5.680000	61.580000
102.866667	5.696667	61.970000
103.410000	5.710000	62.623333
103.443333	5.710000	62.446667
103.560000	5.710000	62.466667
103.980000	5.700000	62.746667
104.520000	5.686667	62.756667
104.396667	5.676667	62.196667
103.836667	5.663333	61.260000
103.266667	5.653333	60.296667
102.220000	5.640000	59.443333
101.436667	5.640000	59.173333
102.013333	5.660000	59.940000
103.033333	5.683333	61.056667
103.793333	5.710000	61.513333
103.940000	5.730000	60.933333
103.916667	5.753333	61.310000
103.473333	5.770000	61.770000
102.566667	5.770000	61.340000
102.590000	5.756667	61.336667
102.796667	5.733333	61.543333
102.470000	5.713333	61.570000
102.316667	5.690000	61.540000
102.066667	5.670000	61.530000
101.550000	5.646667	61.673333
101.993333	5.633333	62.480000
102.863333	5.630000	63.326667
103.450000	5.630000	63.533333
103.786667	5.620000	63.070000
103.850000	5.620000	62.080000
103.603333	5.620000	60.796667
102.873333	5.620000	59.573333
102.246667	5.623333	58.683333
102.363333	5.643333	58.366667
103.163333	5.663333	58.846667
103.673333	5.683333	59.080000
103.203333	5.703333	58.296667
102.986667	5.720000	58.053333
102.726667	5.733333	58.160000
102.026667	5.740000	58.183333
101.890000	5.736667	58.670000
102.076667	5.730000	59.546667
102.103333	5.726667	60.466667
101.806667	5.720000	60.796667
101.113333	5.716667	60.750000
100.230000	5.710000	60.690000
100.206667	5.706667	60.943333
101.266667	5.700000	61.893333
103.130000	5.700000	63.410000
104.986667	5.690000	64.340000
106.730000	5.690000	64.330000
108.070000	5.680000	63.383333
108.340000	5.680000	61.806667
108.280000	5.680000	60.456667
108.316667	5.680000	59.753333
108.160000	5.690000	59.210000
107.350000	5.696667	58.620000
105.870000	5.700000	57.900000
104.326667	5.710000	57.123333
102.950000	5.713333	56.680000
101.900000	5.720000	56.926667
101.070000	5.726667	57.713333
100.556667	5.730000	58.896667
100.586667	5.740000	60.296667
101.136667	5.746667	61.786667
101.970000	5.753333	63.123333
102.690000	5.760000	63.996667
103.463333	5.766667	64.456667
104.196667	5.770000	64.550000
104.246667	5.780000	64.343333
103.926667	5.780000	63.700000
103.683333	5.780000	62.586667
103.710000	5.773333	61.453333
103.473333	5.770000	60.113333
102.540000	5.770000	58.436667
101.783333	5.760000	57.363333
100.940000	5.760000	56.766667
99.066667	5.756667	55.870000
98.203333	5.746667	56.010000
98.690000	5.723333	57.330000
98.313333	5.703333	58.156667
97.740000	5.683333	58.656667
97.586667	5.663333	59.093333
97.463333	5.643333	59.550000
97.773333	5.630000	60.050000
98.903333	5.636667	60.570000
100.230000	5.640000	61.026667
101.386667	5.650000	61.076667
102.183333	5.650000	60.436667
102.900000	5.660000	59.476667
103.386667	5.660000	58.403333
103.286667	5.670000	57.400000
103.823333	5.676667	57.130000
104.913333	5.683333	57.536667
105.666667	5.693333	58.023333
105.690000	5.703333	57.736667
105.376667	5.710000	57.086667
105.260000	5.720000	56.780000
104.470000	5.720000	55.986667
103.163333	5.720000	54.956667
102.466667	5.720000	54.910000
101.506667	5.713333	54.993333
100.036667	5.710000	54.806667
99.046667	5.703333	54.800000
98.123333	5.700000	54.923333
96.833333	5.690000	55.150000
96.520000	5.690000	56.300000
97.070000	5.690000	57.910000
97.693333	5.690000	58.973333
98.380000	5.690000	60.020000
98.883333	5.690000	60.826667
98.836667	5.690000	60.680000
