108.50	6.23	77.34
108.85	6.23	77.36
109.05	6.23	77.37
109.13	6.23	77.37
109.09	6.23	77.34
108.94	6.23	77.29
108.68	6.24	77.20
108.33	6.24	77.06
107.91	6.24	76.87
107.40	6.24	76.63
106.80	6.23	76.26
106.09	6.22	75.74
105.39	6.20	75.22
104.75	6.18	74.72
104.25	6.16	74.36
104.14	6.14	74.37
104.15	6.12	74.48
104.26	6.11	74.63
104.42	6.09	74.79
104.59	6.07	74.90
104.54	6.05	74.60
104.48	6.03	74.25
104.44	6.02	73.88
104.43	6.00	73.53
104.46	5.98	73.22
104.71	5.96	73.23
105.04	5.94	73.37
105.38	5.93	73.53
105.68	5.91	73.67
105.94	5.89	73.75
105.99	5.87	73.64
105.88	5.85	73.37
105.73	5.83	73.03
105.56	5.81	72.62
105.40	5.80	72.16
105.28	5.79	71.67
105.21	5.79	71.15
105.19	5.78	70.61
105.25	5.78	70.06
105.50	5.78	69.59
105.84	5.77	69.12
106.26	5.77	68.66
106.75	5.76	68.19
107.28	5.76	67.69
107.93	5.75	67.16
108.61	5.75	66.58
109.26	5.75	65.98
109.86	5.74	65.34
110.36	5.74	64.67
110.64	5.73	63.97
110.71	5.73	63.22
110.66	5.72	62.44
110.50	5.72	61.64
110.24	5.71	60.80
109.86	5.71	59.87
109.41	5.70	58.94
108.93	5.70	58.02
108.43	5.69	57.15
108.00	5.69	56.38
107.62	5.68	55.71
107.27	5.68	55.12
106.96	5.67	54.62
106.69	5.67	54.20
106.55	5.66	53.97
106.51	5.66	53.90
106.48	5.65	53.87
106.43	5.64	53.86
106.33	5.64	53.84
106.09	5.63	53.70
105.58	5.63	53.28
105.03	5.62	52.87
104.47	5.62	52.51
103.93	5.61	52.23
103.54	5.61	52.23
103.29	5.61	52.46
103.07	5.61	52.78
102.89	5.61	53.15
102.69	5.61	53.52
102.43	5.61	53.82
102.20	5.62	54.11
102.03	5.62	54.40
101.93	5.62	54.68
102.08	5.62	54.97
102.36	5.62	55.25
102.70	5.63	55.51
103.08	5.63	55.73
103.49	5.63	55.91
103.84	5.63	56.03
104.14	5.63	56.08
104.42	5.63	56.08
104.65	5.64	56.01
104.83	5.64	55.87
104.88	5.64	55.58
104.82	5.64	55.18
104.74	5.64	54.76
104.64	5.64	54.36
104.56	5.64	54.01
104.64	5.64	53.92
104.77	5.64	53.95
104.88	5.64	54.01
104.93	5.64	54.06
104.79	5.64	54.00
104.48	5.64	53.84
104.10	5.64	53.62
103.70	5.64	53.38
103.34	5.64	53.10
103.13	5.64	52.80
102.95	5.64	52.49
102.77	5.64	52.17
102.57	5.64	51.87
102.33	5.64	51.58
101.89	5.64	51.29
101.44	5.64	51.04
101.00	5.63	50.86
100.60	5.63	50.76
100.27	5.63	50.75
100.27	5.63	51.08
100.34	5.63	51.50
100.46	5.63	51.98
100.58	5.63	52.47
100.67	5.63	52.96
100.59	5.63	53.27
100.41	5.63	53.50
100.21	5.63	53.70
99.98	5.63	53.89
99.76	5.63	54.08
99.55	5.62	54.30
99.37	5.62	54.53
99.21	5.62	54.76
99.11	5.61	54.98
99.13	5.61	55.22
99.22	5.60	55.44
99.34	5.60	55.66
99.49	5.60	55.87
99.66	5.59	56.06
99.79	5.59	56.17
99.91	5.58	56.27
100.05	5.58	56.38
100.19	5.57	56.50
100.33	5.57	56.64
100.52	5.57	56.93
100.70	5.56	57.21
100.88	5.56	57.49
101.05	5.55	57.74
101.12	5.55	57.86
101.18	5.54	57.92
101.27	5.54	57.96
101.42	5.54	58.00
101.75	5.53	58.09
102.21	5.53	58.20
102.74	5.52	58.34
103.33	5.52	58.49
103.96	5.51	58.67
104.67	5.51	58.97
105.38	5.51	59.25
106.06	5.50	59.47
106.68	5.50	59.58
107.19	5.49	59.50
107.57	5.49	59.22
107.83	5.49	58.78
107.93	5.48	58.19
107.79	5.48	57.37
107.36	5.47	56.29
106.81	5.47	55.13
106.23	5.46	53.98
105.70	5.46	52.97
105.33	5.46	52.19
105.01	5.45	51.55
104.77	5.45	51.05
104.62	5.46	50.71
104.69	5.47	50.67
104.77	5.48	50.71
104.81	5.50	50.74
104.68	5.52	50.64
104.16	5.53	50.17
103.56	5.55	49.64
102.95	5.56	49.10
102.39	5.58	48.63
102.34	5.59	48.58
102.37	5.60	48.63
102.44	5.62	48.73
102.50	5.63	48.86
102.42	5.64	48.92
102.00	5.65	48.73
101.53	5.66	48.57
101.05	5.68	48.47
100.60	5.68	48.48
100.39	5.69	48.87
100.26	5.69	49.41
100.16	5.70	50.02
100.06	5.70	50.66
99.81	5.70	51.17
99.50	5.71	51.61
99.21	5.71	52.03
98.97	5.72	52.43
98.96	5.72	52.86
99.15	5.72	53.32
99.38	5.73	53.75
99.62	5.73	54.14
99.83	5.73	54.48
99.77	5.74	54.62
99.64	5.74	54.71
99.48	5.74	54.79
99.33	5.75	54.89
99.22	5.75	55.08
99.19	5.75	55.41
99.21	5.76	55.79
99.29	5.76	56.21
99.42	5.76	56.64
99.62	5.77	57.08
99.89	5.77	57.52
100.22	5.77	57.95
100.62	5.77	58.36
101.09	5.77	58.75
101.63	5.77	59.12
102.22	5.77	59.43
102.83	5.77	59.68
103.50	5.77	59.85
104.18	5.77	59.94
104.83	5.77	59.92
105.44	5.77	59.79
105.93	5.77	59.49
106.22	5.77	58.96
106.45	5.77	58.35
106.64	5.77	57.67
106.81	5.77	56.98
107.10	5.77	56.39
107.44	5.77	55.87
107.75	5.77	55.35
108.00	5.78	54.85
108.16	5.78	54.35
108.05	5.78	53.76
107.81	5.78	53.17
107.52	5.78	52.62
107.19	5.78	52.14
106.89	5.78	51.78
106.65	5.78	51.58
106.42	5.78	51.46
106.21	5.78	51.39
105.99	5.78	51.35
105.74	5.78	51.28
105.54	5.78	51.26
105.41	5.78	51.29
105.36	5.78	51.39
105.59	5.78	51.69
105.92	5.78	52.05
106.31	5.78	52.46
106.73	5.78	52.88
107.12	5.78	53.31
107.38	5.78	53.67
107.63	5.78	54.01
107.88	5.79	54.32
108.14	5.79	54.57
108.48	5.79	54.74
108.83	5.79	54.85
109.18	5.79	54.90
109.53	5.79	54.91
109.89	5.79	54.88
110.22	5.79	54.81
110.47	5.79	54.69
110.63	5.79	54.50
110.50	5.79	54.16
110.19	5.79	53.73
109.87	5.79	53.29
109.58	5.79	52.90
109.58	5.79	52.67
109.74	5.80	52.56
109.99	5.80	52.51
110.30	5.80	52.51
110.66	5.81	52.53
111.03	5.81	52.57
111.39	5.81	52.64
111.72	5.82	52.73
112.06	5.82	52.96
112.30	5.82	53.17
112.37	5.83	53.28
112.20	5.83	53.24
111.35	5.83	52.65
110.07	5.84	51.72
108.69	5.84	50.72
107.33	5.85	49.75
106.37	5.85	49.08
106.24	5.85	49.05
106.33	5.86	49.20
106.55	5.86	49.49
106.81	5.86	49.88
107.03	5.86	50.31
106.76	5.87	50.53
106.36	5.87	50.74
105.93	5.87	50.98
105.52	5.87	51.26
105.19	5.87	51.63
105.01	5.87	52.11
104.89	5.87	52.63
104.85	5.87	53.19
104.88	5.86	53.77
105.02	5.86	54.36
105.22	5.85	54.94
105.46	5.85	55.48
105.72	5.84	55.98
105.97	5.84	56.34
106.22	5.83	56.61
106.49	5.83	56.82
106.76	5.82	56.95
107.04	5.82	57.03
107.36	5.81	57.06
107.67	5.81	57.02
107.95	5.80	56.94
108.21	5.80	56.80
108.38	5.79	56.59
108.47	5.79	56.32
108.52	5.78	56.02
108.54	5.78	55.73
108.54	5.78	55.45
108.55	5.78	55.26
108.54	5.78	55.09
108.52	5.78	54.94
108.50	5.78	54.81
108.53	5.79	54.69
108.54	5.79	54.59
108.51	5.79	54.48
108.41	5.79	54.37
108.16	5.79	54.23
107.74	5.79	54.06
107.27	5.80	53.88
106.78	5.80	53.72
106.29	5.80	53.56
105.95	5.80	53.45
105.72	5.80	53.37
105.51	5.80	53.32
105.30	5.80	53.29
105.08	5.81	53.29
104.73	5.81	53.28
104.28	5.81	53.28
103.83	5.81	53.32
103.39	5.81	53.40
102.98	5.81	53.53
102.74	5.81	53.80
102.57	5.81	54.13
102.43	5.80	54.47
102.30	5.80	54.79
102.09	5.80	54.98
101.82	5.80	55.02
101.53	5.79	55.02
101.25	5.79	55.01
100.98	5.79	54.98
100.79	5.78	55.07
100.64	5.78	55.18
100.52	5.78	55.30
100.45	5.77	55.45
100.42	5.77	55.60
100.52	5.77	55.78
100.68	5.77	55.96
100.83	5.76	56.14
100.96	5.76	56.32
101.04	5.76	56.48
100.90	5.75	56.59
100.67	5.75	56.68
100.43	5.75	56.76
100.19	5.74	56.86
100.03	5.74	56.99
99.96	5.74	57.15
99.96	5.73	57.34
100.00	5.73	57.55
100.12	5.72	57.83
100.36	5.72	58.21
100.62	5.72	58.60
100.89	5.71	58.95
101.14	5.71	59.25
101.25	5.70	59.35
101.25	5.70	59.27
101.20	5.69	59.11
101.12	5.69	58.91
101.02	5.68	58.67
100.96	5.68	58.52
100.92	5.67	58.39
100.86	5.67	58.25
100.79	5.66	58.08
100.70	5.66	57.88
100.53	5.66	57.52
100.34	5.66	57.12
100.17	5.65	56.74
100.03	5.65	56.41
100.03	5.65	56.26
100.14	5.66	56.27
100.26	5.66	56.32
100.37	5.66	56.37
100.44	5.66	56.38
100.27	5.66	56.11
100.05	5.67	55.80
99.78	5.67	55.48
99.50	5.67	55.20
99.24	5.67	55.05
99.06	5.67	55.15
98.87	5.68	55.30
98.69	5.68	55.47
98.50	5.68	55.63
98.27	5.68	55.66
98.00	5.68	55.54
97.73	5.68	55.40
97.49	5.68	55.27
97.28	5.68	55.16
97.15	5.68	55.19
97.07	5.68	55.27
97.04	5.68	55.38
97.07	5.68	55.52
97.27	5.68	55.69
97.51	5.67	55.87
97.76	5.67	56.06
97.97	5.67	56.24
98.02	5.67	56.39
97.81	5.67	56.48
97.54	5.67	56.56
97.26	5.66	56.65
97.01	5.66	56.74
96.99	5.66	56.91
97.08	5.66	57.11
97.21	5.66	57.32
97.35	5.66	57.51
97.48	5.65	57.68
97.44	5.65	57.70
97.37	5.65	57.71
97.29	5.65	57.73
97.22	5.65	57.79
97.14	5.65	57.98
97.09	5.65	58.26
97.11	5.65	58.59
97.23	5.64	58.96
97.58	5.64	59.44
98.11	5.64	59.97
98.72	5.64	60.47
99.37	5.64	60.92
100.01	5.64	61.24
100.54	5.64	61.24
101.04	5.64	61.14
101.50	5.64	60.97
101.91	5.64	60.76
102.23	5.64	60.59
102.49	5.64	60.47
102.69	5.63	60.33
102.86	5.63	60.17
103.00	5.64	59.98
103.14	5.64	59.71
103.26	5.64	59.41
103.35	5.65	59.08
103.40	5.65	58.74
103.39	5.66	58.40
103.34	5.66	58.06
103.27	5.67	57.71
103.19	5.67	57.36
103.13	5.68	57.00
103.09	5.68	56.65
103.05	5.69	56.28
102.99	5.69	55.90
102.92	5.70	55.50
102.79	5.70	55.01
102.62	5.70	54.49
102.44	5.71	53.98
102.24	5.71	53.53
102.04	5.72	53.15
101.82	5.72	52.96
101.61	5.73	52.87
101.42	5.73	52.89
101.28	5.73	53.00
101.21	5.74	53.24
101.26	5.74	53.64
101.35	5.75	54.10
101.48	5.76	54.57
101.62	5.76	55.04
101.74	5.77	55.38
101.86	5.78	55.69
102.01	5.78	55.96
102.18	5.79	56.18
102.45	5.80	56.36
102.73	5.80	56.49
103.02	5.81	56.57
103.29	5.81	56.60
103.49	5.82	56.55
103.60	5.83	56.42
103.68	5.83	56.25
103.74	5.84	56.09
103.79	5.84	55.93
103.92	5.85	55.90
104.06	5.86	55.92
104.15	5.86	55.95
104.18	5.87	55.98
104.09	5.87	55.98
103.73	5.88	55.85
103.33	5.88	55.73
102.92	5.88	55.64
102.55	5.89	55.61
102.41	5.89	55.78
102.38	5.89	56.04
102.38	5.88	56.32
102.39	5.88	56.59
102.34	5.88	56.79
102.25	5.88	56.91
102.14	5.87	56.98
102.03	5.87	56.98
101.91	5.87	56.85
101.80	5.86	56.58
101.68	5.86	56.29
101.57	5.86	56.01
101.46	5.85	55.77
101.38	5.85	55.84
101.31	5.85	55.99
101.21	5.84	56.16
101.09	5.84	56.32
100.89	5.83	56.33
100.57	5.83	56.14
100.26	5.83	55.94
99.97	5.82	55.75
99.75	5.82	55.64
99.69	5.82	55.73
99.72	5.82	55.91
99.83	5.81	56.18
100.02	5.81	56.55
100.40	5.81	57.13
100.81	5.81	57.75
101.22	5.81	58.36
101.57	5.82	58.89
101.58	5.82	59.11
101.54	5.82	59.24
101.47	5.82	59.28
101.43	5.82	59.27
101.68	5.82	59.27
102.03	5.82	59.25
102.37	5.82	59.20
102.67	5.82	59.12
102.78	5.82	59.02
102.55	5.82	58.87
102.26	5.82	58.71
101.97	5.82	58.56
101.74	5.82	58.41
101.73	5.83	58.27
101.83	5.83	58.17
102.03	5.84	58.12
102.35	5.85	58.15
102.84	5.85	58.36
103.42	5.86	58.63
104.05	5.86	58.95
104.71	5.87	59.29
105.34	5.87	59.65
105.98	5.88	59.98
106.63	5.88	60.25
107.34	5.89	60.42
108.14	5.89	60.46
108.86	5.90	60.35
109.44	5.90	60.08
109.71	5.91	59.54
109.65	5.91	58.74
109.41	5.92	57.81
109.02	5.93	56.81
108.49	5.93	55.80
107.88	5.94	54.81
107.26	5.94	53.88
106.68	5.95	53.05
106.43	5.96	52.51
106.35	5.96	52.16
106.29	5.97	51.93
106.21	5.97	51.79
105.96	5.97	51.68
105.42	5.98	51.54
104.83	5.98	51.46
104.25	5.98	51.45
103.78	5.98	51.55
103.50	5.97	51.80
103.27	5.97	52.07
103.03	5.96	52.32
102.68	5.95	52.39
102.18	5.94	52.25
101.68	5.94	52.07
101.22	5.93	51.87
100.87	5.92	51.74
100.84	5.91	51.86
100.86	5.90	52.00
100.88	5.89	52.14
100.85	5.88	52.24
100.50	5.87	52.07
99.91	5.87	51.72
99.34	5.86	51.42
98.85	5.85	51.26
98.67	5.84	51.52
98.90	5.83	52.31
99.25	5.82	53.21
99.67	5.82	54.14
100.05	5.81	54.86
100.27	5.81	55.16
100.50	5.80	55.39
100.74	5.80	55.59
101.05	5.80	55.91
101.45	5.80	56.45
101.89	5.80	57.02
102.34	5.79	57.59
102.79	5.79	58.14
103.21	5.79	58.56
103.62	5.79	58.91
103.99	5.79	59.19
104.33	5.78	59.39
104.61	5.78	59.48
104.82	5.78	59.44
104.99	5.78	59.35
105.13	5.78	59.22
105.25	5.77	59.09
105.34	5.77	59.03
105.41	5.77	58.96
105.49	5.77	58.89
105.57	5.76	58.81
105.70	5.76	58.68
105.83	5.76	58.55
105.98	5.76	58.41
106.12	5.76	58.27
106.28	5.76	58.18
106.43	5.76	58.10
106.57	5.76	58.00
106.70	5.75	57.89
106.81	5.75	57.73
106.92	5.75	57.48
106.98	5.75	57.20
107.00	5.75	56.88
106.95	5.75	56.55
106.72	5.75	56.16
106.36	5.75	55.74
106.01	5.75	55.37
105.71	5.74	55.09
105.62	5.74	55.02
105.83	5.74	55.23
106.12	5.74	55.54
106.44	5.74	55.92
106.75	5.74	56.32
106.83	5.74	56.63
106.82	5.74	56.90
106.77	5.73	57.14
106.69	5.73	57.35
106.60	5.73	57.49
106.51	5.73	57.55
106.41	5.73	57.59
106.30	5.73	57.61
106.18	5.73	57.63
105.99	5.73	57.68
105.80	5.72	57.75
105.65	5.72	57.84
105.57	5.72	57.95
105.69	5.72	58.14
105.95	5.72	58.37
106.26	5.72	58.60
106.60	5.72	58.81
106.95	5.72	58.97
107.28	5.72	59.04
107.56	5.72	59.04
107.75	5.72	58.98
107.83	5.71	58.82
107.55	5.71	58.48
107.11	5.71	58.04
106.61	5.71	57.57
106.12	5.71	57.11
105.78	5.71	56.72
105.61	5.71	56.42
105.52	5.71	56.18
105.48	5.71	56.03
105.50	5.71	55.99
105.59	5.71	56.14
105.68	5.71	56.34
105.77	5.70	56.57
105.81	5.70	56.79
105.64	5.70	56.87
105.39	5.70	56.88
105.12	5.70	56.88
104.85	5.70	56.88
104.65	5.70	56.91
104.63	5.70	57.03
104.63	5.70	57.16
104.65	5.70	57.31
104.66	5.70	57.46
104.56	5.70	57.56
104.37	5.70	57.62
104.21	5.70	57.72
104.09	5.70	57.86
104.11	5.70	58.15
104.37	5.71	58.64
104.64	5.71	59.15
104.88	5.72	59.61
104.94	5.72	59.89
104.67	5.72	59.87
104.34	5.73	59.75
104.00	5.73	59.58
103.75	5.74	59.44
103.85	5.74	59.49
104.01	5.74	59.55
104.17	5.75	59.60
104.31	5.75	59.62
104.23	5.75	59.51
103.89	5.76	59.23
103.51	5.76	58.95
103.16	5.77	58.70
102.87	5.77	58.52
102.99	5.77	58.69
103.20	5.78	58.96
103.45	5.78	59.27
103.68	5.78	59.60
103.80	5.78	59.88
103.65	5.79	60.00
103.44	5.79	60.08
103.22	5.79	60.12
103.01	5.79	60.13
102.85	5.79	60.04
102.75	5.79	59.97
102.74	5.79	59.93
102.84	5.79	59.99
103.26	5.79	60.43
103.79	5.79	60.94
104.36	5.79	61.47
104.93	5.79	61.94
105.33	5.79	62.13
105.58	5.79	62.05
105.80	5.79	61.90
105.99	5.79	61.71
106.19	5.79	61.52
106.59	5.79	61.59
106.97	5.79	61.66
107.29	5.79	61.69
107.52	5.79	61.66
107.51	5.80	61.43
107.21	5.80	60.95
106.83	5.80	60.43
106.43	5.80	59.92
106.10	5.79	59.49
106.03	5.79	59.33
106.01	5.79	59.24
106.02	5.78	59.19
106.03	5.78	59.16
105.96	5.77	59.07
105.85	5.77	58.96
105.73	5.76	58.83
105.60	5.76	58.68
105.49	5.75	58.52
105.45	5.75	58.34
105.38	5.74	58.13
105.27	5.74	57.89
105.09	5.73	57.62
104.71	5.73	57.26
104.14	5.72	56.82
103.53	5.71	56.39
102.93	5.71	55.98
102.41	5.71	55.65
102.13	5.71	55.50
101.92	5.71	55.41
101.79	5.71	55.36
101.70	5.72	55.34
101.66	5.72	55.30
101.64	5.73	55.25
101.63	5.73	55.20
101.62	5.73	55.15
101.56	5.74	55.07
101.42	5.74	54.94
101.27	5.74	54.83
101.13	5.75	54.74
101.01	5.75	54.69
101.00	5.75	54.77
101.05	5.76	54.94
101.12	5.76	55.15
101.21	5.76	55.38
101.29	5.76	55.63
101.27	5.77	55.81
101.26	5.77	56.01
101.25	5.77	56.23
101.28	5.77	56.48
101.39	5.76	56.84
101.55	5.76	57.25
101.75	5.75	57.68
101.98	5.75	58.11
102.21	5.74	58.49
102.46	5.74	58.83
102.71	5.73	59.14
102.97	5.72	59.43
103.24	5.72	59.69
103.52	5.71	59.96
103.80	5.71	60.19
104.05	5.70	60.38
104.27	5.70	60.51
104.38	5.69	60.51
104.34	5.69	60.33
104.32	5.68	60.16
104.37	5.68	60.04
104.56	5.69	60.05
105.08	5.69	60.38
105.71	5.70	60.80
106.42	5.71	61.28
107.23	5.73	61.82
108.23	5.73	62.46
109.13	5.74	62.98
109.83	5.75	63.28
110.07	5.76	63.14
109.48	5.77	62.19
108.68	5.79	61.05
107.82	5.80	59.85
107.30	5.81	58.97
107.26	5.82	58.56
107.35	5.83	58.30
107.53	5.84	58.18
107.74	5.85	58.16
107.87	5.86	58.20
107.94	5.87	58.27
107.95	5.88	58.34
107.87	5.89	58.40
107.58	5.89	58.33
107.04	5.90	58.09
106.45	5.90	57.83
105.85	5.91	57.59
105.32	5.91	57.41
105.04	5.91	57.42
104.83	5.91	57.49
104.66	5.91	57.58
104.53	5.91	57.69
104.41	5.91	57.76
104.29	5.91	57.81
104.15	5.91	57.85
103.99	5.91	57.86
103.71	5.91	57.81
103.37	5.91	57.72
103.00	5.91	57.59
102.60	5.91	57.44
102.18	5.91	57.22
101.72	5.91	56.93
101.29	5.91	56.65
100.92	5.91	56.41
100.64	5.91	56.24
100.68	5.91	56.35
100.85	5.91	56.59
101.07	5.91	56.89
101.28	5.91	57.21
101.36	5.91	57.47
101.12	5.91	57.53
100.87	5.91	57.62
100.68	5.91	57.77
100.62	5.91	58.05
100.89	5.91	58.63
101.30	5.90	59.31
101.83	5.89	60.06
102.49	5.88	60.82
103.30	5.87	61.55
104.14	5.86	62.25
104.95	5.84	62.89
105.62	5.83	63.39
106.02	5.81	63.70
106.36	5.80	63.93
106.69	5.79	64.12
107.15	5.77	64.36
107.97	5.76	64.83
108.77	5.75	65.23
109.47	5.73	65.49
109.98	5.72	65.54
109.81	5.70	64.90
109.40	5.69	64.03
108.90	5.67	63.05
108.40	5.66	62.07
108.23	5.67	61.39
108.16	5.67	60.82
108.15	5.68	60.34
108.19	5.69	59.96
108.27	5.70	59.74
108.38	5.71	59.62
108.49	5.72	59.56
108.59	5.73	59.53
108.66	5.74	59.49
108.68	5.75	59.42
108.65	5.76	59.33
108.58	5.77	59.22
108.45	5.78	59.09
108.18	5.79	58.82
107.86	5.80	58.54
107.53	5.81	58.29
107.20	5.82	58.10
106.96	5.82	58.10
106.79	5.82	58.23
106.62	5.82	58.41
106.44	5.82	58.60
106.15	5.82	58.72
105.79	5.81	58.77
105.43	5.81	58.81
105.11	5.80	58.86
104.91	5.80	58.94
104.85	5.79	59.09
104.86	5.79	59.24
104.91	5.79	59.41
104.99	5.78	59.59
105.09	5.78	59.77
105.19	5.77	59.95
105.27	5.77	60.11
105.30	5.77	60.26
105.21	5.76	60.35
104.93	5.76	60.34
104.62	5.75	60.34
104.34	5.75	60.39
104.13	5.75	60.52
104.10	5.74	60.87
104.20	5.74	61.31
104.43	5.73	61.84
104.83	5.73	62.46
105.80	5.72	63.43
106.77	5.72	64.32
107.58	5.71	65.00
107.99	5.71	65.24
107.27	5.70	64.41
106.29	5.70	63.28
105.19	5.69	61.99
104.30	5.69	60.82
104.26	5.68	60.32
104.44	5.67	59.96
104.77	5.67	59.69
105.19	5.66	59.48
105.65	5.66	59.28
105.89	5.65	58.89
106.08	5.65	58.45
106.24	5.64	57.98
106.36	5.64	57.49
106.43	5.63	56.97
106.43	5.63	56.40
106.38	5.62	55.84
106.30	5.61	55.28
106.19	5.61	54.75
106.04	5.60	54.28
105.87	5.60	53.86
105.69	5.59	53.51
105.49	5.59	53.21
105.28	5.58	52.98
105.08	5.58	52.88
104.88	5.57	52.85
104.68	5.56	52.87
104.49	5.56	52.92
104.31	5.55	52.98
104.18	5.55	53.05
104.05	5.55	53.09
103.90	5.55	53.09
103.74	5.56	53.02
103.48	5.56	52.79
103.19	5.56	52.49
102.90	5.57	52.13
102.61	5.57	51.73
102.36	5.58	51.32
102.15	5.58	50.89
101.95	5.59	50.47
101.78	5.59	50.06
101.62	5.59	49.69
101.50	5.60	49.43
101.38	5.60	49.20
101.26	5.60	48.99
101.13	5.61	48.80
100.93	5.61	48.59
100.65	5.61	48.31
100.36	5.62	48.06
100.07	5.62	47.87
99.82	5.62	47.76
99.66	5.62	47.88
99.57	5.62	48.13
99.51	5.62	48.41
99.46	5.62	48.71
99.38	5.62	48.92
99.29	5.62	49.05
99.22	5.62	49.16
99.18	5.62	49.26
99.24	5.62	49.40
99.40	5.62	49.58
99.58	5.62	49.74
99.78	5.62	49.88
99.97	5.61	49.97
100.07	5.61	49.91
100.15	5.61	49.79
100.19	5.61	49.63
100.21	5.61	49.46
100.15	5.61	49.24
100.01	5.61	49.00
99.90	5.61	48.82
99.85	5.61	48.72
99.91	5.61	48.76
100.20	5.61	49.13
100.60	5.61	49.61
101.09	5.61	50.17
101.69	5.62	50.76
102.48	5.62	51.39
103.28	5.62	51.96
104.01	5.63	52.43
104.58	5.63	52.71
104.83	5.63	52.65
104.91	5.63	52.43
104.86	5.64	52.07
104.62	5.64	51.56
104.24	5.65	50.95
103.82	5.65	50.31
103.42	5.65	49.67
103.26	5.66	49.21
103.34	5.66	48.91
103.51	5.66	48.69
103.72	5.66	48.51
103.95	5.67	48.36
104.11	5.67	48.18
104.24	5.67	48.01
104.32	5.68	47.85
104.34	5.68	47.71
104.18	5.68	47.51
103.92	5.68	47.33
103.64	5.68	47.20
103.37	5.68	47.15
103.19	5.68	47.28
103.09	5.68	47.56
103.06	5.68	47.94
103.12	5.68	48.39
103.40	5.68	48.94
103.80	5.68	49.54
104.22	5.67	50.13
104.58	5.67	50.70
104.74	5.67	51.16
104.54	5.67	51.42
104.24	5.66	51.61
103.89	5.66	51.75
103.52	5.66	51.83
103.38	5.66	51.88
103.27	5.66	51.90
103.17	5.65	51.91
103.03	5.65	51.93
102.76	5.65	51.94
102.30	5.64	51.97
101.85	5.64	52.05
101.46	5.64	52.20
101.20	5.64	52.45
101.34	5.64	52.94
101.58	5.64	53.50
101.86	5.64	54.12
102.10	5.65	54.76
102.09	5.65	55.37
102.05	5.65	55.96
102.00	5.65	56.51
101.97	5.65	56.99
102.16	5.66	57.30
102.38	5.66	57.53
102.62	5.66	57.68
102.84	5.66	57.77
102.98	5.66	57.79
103.00	5.67	57.75
102.99	5.67	57.67
102.94	5.67	57.55
102.88	5.67	57.40
102.83	5.67	57.22
102.78	5.68	57.02
102.74	5.68	56.83
102.70	5.68	56.66
102.69	5.68	56.54
102.74	5.68	56.52
102.78	5.69	56.51
102.81	5.69	56.51
102.80	5.69	56.51
102.62	5.69	56.41
102.40	5.69	56.29
102.21	5.69	56.18
102.09	5.69	56.10
102.23	5.69	56.10
102.56	5.68	56.18
103.00	5.68	56.30
103.49	5.67	56.46
104.02	5.66	56.73
104.56	5.66	57.09
105.07	5.65	57.43
105.54	5.64	57.70
105.95	5.64	57.85
106.06	5.63	57.54
106.13	5.62	57.13
106.20	5.61	56.68
106.29	5.61	56.25
106.63	5.60	56.14
107.09	5.59	56.16
107.57	5.59	56.21
108.06	5.58	56.25
108.44	5.57	56.16
108.66	5.57	55.86
108.87	5.56	55.54
109.10	5.56	55.26
109.48	5.55	55.14
110.07	5.55	55.26
110.67	5.55	55.43
111.24	5.55	55.60
111.72	5.55	55.73
111.84	5.55	55.59
111.84	5.55	55.38
111.76	5.55	55.13
111.61	5.55	54.85
111.50	5.55	54.61
111.42	5.55	54.40
111.28	5.54	54.18
111.09	5.54	53.95
110.81	5.54	53.70
110.26	5.55	53.31
109.67	5.55	52.94
109.08	5.55	52.59
108.54	5.56	52.31
108.31	5.56	52.27
108.20	5.56	52.33
108.14	5.57	52.45
108.07	5.57	52.59
107.88	5.57	52.68
107.52	5.58	52.67
107.13	5.58	52.67
106.74	5.59	52.69
106.35	5.59	52.75
106.15	5.59	53.00
105.99	5.60	53.30
105.83	5.60	53.61
105.64	5.60	53.90
105.36	5.60	54.11
104.89	5.61	54.12
104.39	5.61	54.11
103.89	5.61	54.10
103.44	5.61	54.14
103.13	5.61	54.35
102.90	5.61	54.64
102.73	5.61	54.97
102.61	5.61	55.34
102.55	5.61	55.69
102.53	5.61	56.05
102.54	5.61	56.41
102.57	5.61	56.78
102.58	5.61	57.16
102.56	5.61	57.58
102.53	5.61	57.98
102.47	5.61	58.33
102.39	5.61	58.63
102.22	5.61	58.72
102.00	5.60	58.70
101.80	5.60	58.66
101.65	5.60	58.64
101.60	5.60	58.74
101.74	5.60	59.04
101.93	5.60	59.38
102.16	5.60	59.72
102.38	5.60	60.02
102.55	5.60	60.17
102.71	5.60	60.27
102.84	5.60	60.34
102.93	5.60	60.39
102.96	5.60	60.45
102.95	5.60	60.50
102.91	5.60	60.51
102.84	5.60	60.50
102.74	5.60	60.42
102.62	5.60	60.27
102.48	5.60	60.11
102.32	5.60	59.94
102.15	5.60	59.78
101.94	5.61	59.70
101.73	5.61	59.64
101.52	5.61	59.61
101.33	5.61	59.60
101.14	5.62	59.59
100.99	5.62	59.58
100.88	5.63	59.62
100.83	5.63	59.72
100.91	5.64	59.94
101.15	5.65	60.33
101.45	5.65	60.76
101.76	5.66	61.17
102.07	5.66	61.54
102.20	5.67	61.60
102.30	5.67	61.60
102.39	5.68	61.58
102.48	5.69	61.56
102.64	5.69	61.70
102.87	5.70	61.97
103.09	5.70	62.24
103.29	5.71	62.50
103.46	5.71	62.71
103.48	5.71	62.66
103.47	5.71	62.56
103.44	5.71	62.44
103.42	5.71	62.34
103.47	5.71	62.37
103.55	5.71	62.46
103.66	5.71	62.57
103.79	5.70	62.68
103.97	5.70	62.76
104.18	5.70	62.80
104.38	5.69	62.81
104.54	5.69	62.78
104.64	5.68	62.68
104.55	5.68	62.47
104.41	5.68	62.21
104.23	5.67	61.91
104.02	5.67	61.59
103.83	5.66	61.26
103.66	5.66	60.93
103.48	5.66	60.61
103.28	5.65	60.29
103.04	5.65	59.99
102.64	5.64	59.69
102.21	5.64	59.42
101.81	5.64	59.22
101.49	5.64	59.10
101.35	5.64	59.11
101.47	5.64	59.31
101.70	5.65	59.59
102.00	5.66	59.93
102.34	5.67	60.30
102.69	5.68	60.70
103.04	5.68	61.07
103.37	5.69	61.40
103.66	5.70	61.64
103.82	5.71	61.55
103.90	5.72	61.35
103.94	5.72	61.11
103.94	5.73	60.88
103.94	5.74	60.81
103.95	5.75	61.04
103.93	5.75	61.31
103.87	5.76	61.58
103.76	5.77	61.82
103.50	5.77	61.82
103.16	5.77	61.67
102.82	5.77	61.49
102.51	5.77	61.31
102.37	5.77	61.22
102.45	5.76	61.26
102.58	5.76	61.33
102.74	5.75	61.42
102.87	5.74	61.52
102.81	5.73	61.55
102.71	5.73	61.56
102.59	5.72	61.57
102.46	5.71	61.57
102.36	5.71	61.57
102.34	5.70	61.55
102.32	5.69	61.54
102.29	5.68	61.53
102.25	5.68	61.53
102.09	5.67	61.53
101.86	5.66	61.53
101.66	5.65	61.56
101.51	5.65	61.65
101.48	5.64	61.81
101.70	5.64	62.13
101.98	5.63	62.48
102.30	5.63	62.83
102.63	5.63	63.15
102.87	5.63	63.35
103.09	5.63	63.48
103.29	5.63	63.56
103.46	5.63	63.56
103.60	5.63	63.48
103.71	5.62	63.31
103.80	5.62	63.09
103.85	5.62	62.81
103.87	5.62	62.48
103.86	5.62	62.09
103.82	5.62	61.67
103.74	5.62	61.24
103.62	5.62	60.79
103.45	5.62	60.36
103.16	5.62	59.95
102.87	5.62	59.56
102.59	5.62	59.21
102.34	5.62	58.90
102.21	5.62	58.66
102.19	5.63	58.49
102.23	5.64	58.38
102.33	5.64	58.33
102.53	5.65	58.39
102.84	5.66	58.61
103.17	5.66	58.85
103.48	5.67	59.08
103.73	5.68	59.25
103.71	5.68	59.12
103.58	5.69	58.87
103.39	5.70	58.57
103.19	5.70	58.27
103.03	5.71	58.05
103.00	5.71	58.03
102.99	5.72	58.04
102.97	5.73	58.09
102.92	5.73	58.16
102.76	5.73	58.17
102.50	5.74	58.15
102.24	5.74	58.14
102.00	5.74	58.16
101.84	5.74	58.25
101.84	5.74	58.43
101.88	5.74	58.66
101.95	5.73	58.92
102.03	5.73	59.21
102.08	5.73	59.55
102.12	5.73	59.88
102.13	5.73	60.21
102.12	5.73	60.50
102.06	5.72	60.69
101.96	5.72	60.77
101.82	5.72	60.81
101.64	5.72	60.81
101.44	5.72	60.79
101.12	5.72	60.75
100.78	5.71	60.71
100.46	5.71	60.68
100.20	5.71	60.68
100.03	5.71	60.71
100.05	5.71	60.79
100.17	5.71	60.92
100.40	5.70	61.12
100.73	5.70	61.40
101.24	5.70	61.88
101.83	5.70	62.40
102.47	5.70	62.94
103.15	5.70	63.45
103.77	5.70	63.84
104.39	5.69	64.15
104.99	5.69	64.37
105.58	5.69	64.50
106.16	5.69	64.50
106.75	5.69	64.36
107.28	5.69	64.13
107.75	5.68	63.81
108.14	5.68	63.42
108.32	5.68	62.92
108.37	5.68	62.37
108.35	5.68	61.80
108.30	5.68	61.25
108.25	5.68	60.76
108.28	5.68	60.44
108.31	5.68	60.17
108.32	5.68	59.95
108.32	5.68	59.75
108.31	5.68	59.56
108.27	5.69	59.38
108.18	5.69	59.21
108.03	5.69	59.04
107.77	5.69	58.85
107.37	5.70	58.62
106.91	5.70	58.39
106.40	5.70	58.15
105.87	5.70	57.91
105.34	5.70	57.64
104.83	5.71	57.37
104.32	5.71	57.11
103.83	5.71	56.89
103.36	5.71	56.72
102.93	5.71	56.65
102.56	5.72	56.67
102.21	5.72	56.76
101.89	5.72	56.91
101.60	5.72	57.11
101.32	5.72	57.38
101.06	5.73	57.70
100.83	5.73	58.06
100.65	5.73	58.46
100.53	5.73	58.89
100.49	5.73	59.34
100.50	5.74	59.81
100.57	5.74	60.29
100.69	5.74	60.79
100.88	5.74	61.29
101.13	5.75	61.79
101.40	5.75	62.28
101.69	5.75	62.73
101.99	5.75	63.15
102.23	5.76	63.49
102.46	5.76	63.77
102.69	5.76	64.01
102.92	5.76	64.21
103.17	5.76	64.36
103.47	5.77	64.47
103.75	5.77	64.54
104.01	5.77	64.57
104.23	5.77	64.56
104.35	5.77	64.52
104.33	5.78	64.46
104.26	5.78	64.36
104.15	5.78	64.21
104.03	5.78	64.01
103.92	5.78	63.72
103.83	5.78	63.37
103.74	5.78	62.99
103.67	5.78	62.58
103.64	5.78	62.19
103.68	5.78	61.83
103.72	5.77	61.46
103.73	5.77	61.07
103.70	5.77	60.66
103.50	5.77	60.13
103.22	5.77	59.55
102.89	5.77	58.98
102.54	5.77	58.42
102.19	5.77	57.91
101.97	5.76	57.58
101.79	5.76	57.35
101.59	5.76	57.16
101.35	5.76	56.99
101.04	5.76	56.82
100.43	5.76	56.49
99.72	5.76	56.14
99.04	5.76	55.84
98.44	5.75	55.63
98.10	5.75	55.65
98.17	5.75	55.98
98.34	5.74	56.40
98.56	5.73	56.89
98.77	5.72	57.38
98.74	5.72	57.72
98.55	5.71	57.96
98.32	5.70	58.17
98.07	5.70	58.34
97.83	5.69	58.50
97.73	5.68	58.66
97.66	5.68	58.81
97.61	5.67	58.95
97.58	5.66	59.09
97.57	5.66	59.24
97.49	5.65	59.39
97.45	5.64	59.55
97.45	5.64	59.71
97.52	5.63	59.87
97.73	5.63	60.05
98.07	5.63	60.23
98.46	5.63	60.40
98.90	5.64	60.57
99.35	5.64	60.74
99.80	5.64	60.90
100.23	5.64	61.04
100.66	5.64	61.14
101.06	5.65	61.18
101.41	5.65	61.11
101.69	5.65	60.94
101.95	5.65	60.72
102.19	5.65	60.45
102.41	5.65	60.14
102.66	5.66	59.82
102.91	5.66	59.48
103.13	5.66	59.13
103.32	5.66	58.77
103.45	5.66	58.41
103.39	5.66	58.03
103.32	5.67	57.68
103.27	5.67	57.38
103.27	5.67	57.14
103.48	5.67	57.07
103.81	5.68	57.11
104.18	5.68	57.21
104.58	5.68	57.35
104.93	5.68	57.53
105.23	5.69	57.73
105.49	5.69	57.91
105.69	5.69	58.05
105.82	5.70	58.11
105.79	5.70	57.96
105.70	5.70	57.75
105.58	5.71	57.50
105.43	5.71	57.24
105.35	5.71	57.05
105.35	5.71	56.97
105.33	5.72	56.89
105.28	5.72	56.79
105.17	5.72	56.66
104.91	5.72	56.39
104.48	5.72	55.99
104.02	5.72	55.58
103.55	5.72	55.20
103.09	5.72	54.87
102.85	5.72	54.80
102.66	5.72	54.83
102.47	5.72	54.90
102.27	5.72	55.00
101.98	5.72	55.05
101.52	5.71	55.00
101.02	5.71	54.93
100.51	5.71	54.86
100.01	5.71	54.80
99.59	5.71	54.76
99.31	5.71	54.77
99.04	5.70	54.79
98.79	5.70	54.84
98.52	5.70	54.89
98.17	5.70	54.93
97.68	5.70	54.95
97.22	5.69	55.01
96.80	5.69	55.12
96.48	5.69	55.32
96.42	5.69	55.75
96.49	5.69	56.29
96.65	5.69	56.86
96.86	5.69	57.45
97.08	5.69	57.95
97.27	5.69	58.33
97.48	5.69	58.66
97.69	5.69	58.98
97.91	5.69	59.28
98.15	5.69	59.65
98.39	5.69	60.03
98.60	5.69	60.38
98.78	5.69	60.66
98.90	5.69	60.86
98.97	5.69	60.96
98.96	5.69	60.92
98.87	5.69	60.74
98.68	5.69	60.38