0.403808	0.540624	0.434575
0.413592	0.540624	0.426407
0.420030	0.541142	0.421875
0.424361	0.542349	0.410907
0.428240	0.544592	0.391050
0.435822	0.546317	0.391338
0.440960	0.548042	0.395812
0.437122	0.549250	0.386475
0.423448	0.550975	0.378105
0.414745	0.552010	0.384887
0.422368	0.553217	0.410864
0.425021	0.554425	0.424531
0.426804	0.556150	0.435686
0.430967	0.557185	0.451171
0.431491	0.558392	0.459642
0.432225	0.559600	0.463929
0.435371	0.560635	0.466036
0.425797	0.561325	0.453105
0.417859	0.561325	0.443811
0.430306	0.557875	0.460263
0.444808	0.552700	0.476917
0.445154	0.547525	0.471000
0.432718	0.542867	0.447910
0.426217	0.538899	0.440261
0.418352	0.533724	0.432324
0.406356	0.528549	0.418036
0.392830	0.523374	0.404226
0.378013	0.518199	0.388019
0.363721	0.513024	0.369547
0.357220	0.511299	0.359156
0.362777	0.513541	0.366805
0.375948	0.516992	0.385999
0.383078	0.520442	0.390761
0.388111	0.523374	0.383733
0.393291	0.526134	0.374309
0.399121	0.529067	0.369734
0.401051	0.531999	0.353672
0.399583	0.534759	0.333035
0.397517	0.537692	0.322644
0.394445	0.539417	0.313351
0.395105	0.540624	0.305514
0.403599	0.542349	0.301517
0.409366	0.544075	0.294012
0.409188	0.545800	0.281370
0.403808	0.546835	0.265207
0.399541	0.548560	0.252594
0.393637	0.550285	0.247312
0.385039	0.550975	0.250386
0.380561	0.547525	0.254326
0.388992	0.537692	0.270590
0.408978	0.523892	0.302383
0.423731	0.510091	0.333555
0.430159	0.496291	0.349285
0.428943	0.483698	0.346067
0.422295	0.477833	0.331679
0.411851	0.487666	0.312254
0.412092	0.501466	0.304360
0.419925	0.513541	0.292815
0.421141	0.526134	0.263042
0.409817	0.534759	0.271167
0.404406	0.542349	0.293291
0.406503	0.547525	0.311619
0.402970	0.552700	0.329471
0.408034	0.557875	0.351074
0.409712	0.563050	0.362519
0.397129	0.568225	0.357511
0.409544	0.573400	0.393301
0.427192	0.580300	0.424819
0.442711	0.585475	0.436364
0.463787	0.590650	0.447953
0.465046	0.594100	0.435499
0.467636	0.595825	0.429524
0.479023	0.594100	0.438616
0.468191	0.591685	0.418412
0.468999	0.589960	0.413361
0.474976	0.588235	0.420822
0.463578	0.585993	0.417935
0.454035	0.584268	0.421442
0.453752	0.580300	0.432843
0.459771	0.576850	0.443234
0.458618	0.572193	0.441646
0.447503	0.568225	0.423087
0.429813	0.563567	0.392969
0.416633	0.560635	0.378004
0.407898	0.559600	0.374742
0.402760	0.559600	0.378436
0.402131	0.559600	0.389938
0.397695	0.558392	0.399362
0.392452	0.557875	0.408945
0.405067	0.557875	0.437129
0.423522	0.557875	0.473540
0.429845	0.556150	0.490194
0.420827	0.556150	0.478649
0.422159	0.556150	0.476138
0.427192	0.554425	0.476282
0.429677	0.554425	0.473352
0.425546	0.554425	0.467681
0.423312	0.552700	0.460119
0.429216	0.552700	0.453827
0.441526	0.552700	0.451849
0.446832	0.552700	0.429380
0.444420	0.552700	0.391959
0.441694	0.552700	0.364395
0.432990	0.553735	0.331448
0.422788	0.554942	0.303970
0.419715	0.556667	0.301906
0.418772	0.558910	0.300651
0.418205	0.560635	0.300997
0.417230	0.562360	0.306236
0.415521	0.563050	0.312109
0.406640	0.570467	0.312398
0.390072	0.593410	0.304793
0.380771	0.642919	0.295701
0.383644	0.697602	0.305269
0.396500	0.747628	0.332602
0.410593	0.794204	0.349862
0.412795	0.841297	0.349631
0.406566	0.893566	0.338086
0.418625	0.948767	0.338750
0.428272	0.986200	0.335142
0.427328	0.989132	0.323842
0.420659	0.936174	0.313495
0.412302	0.855615	0.307347
0.405276	0.767121	0.306481
0.399583	0.676902	0.307246
0.403462	0.585475	0.321144
0.420481	0.499741	0.352373
0.434112	0.475591	0.371942
0.450753	0.484216	0.390227
0.472878	0.494049	0.412495
0.488743	0.503191	0.422366
0.494825	0.513024	0.412552
0.491784	0.522167	0.384931
0.488356	0.531999	0.363428
0.482316	0.538899	0.348275
0.471201	0.543385	0.336874
0.468401	0.544075	0.342459
0.470425	0.544075	0.355260
0.467908	0.544075	0.359012
0.462634	0.544075	0.357756
0.455996	0.542867	0.353037
0.448971	0.542349	0.345922
0.440614	0.542349	0.340193
0.430935	0.542349	0.337451
0.420345	0.542349	0.338952
0.406356	0.541142	0.336730
0.390565	0.540624	0.330004
0.384903	0.540624	0.333757
0.385039	0.540624	0.345966
0.385280	0.542867	0.362086
0.400977	0.545110	0.388928
0.430621	0.548560	0.422943
0.461617	0.552010	0.449295
0.477765	0.555460	0.442281
0.489551	0.558910	0.420288
0.498286	0.562360	0.393936
0.498495	0.565810	0.366083
0.493494	0.569260	0.344580
0.485178	0.572193	0.332458
0.474200	0.575643	0.327695
0.459174	0.579093	0.324852
0.439072	0.582543	0.319080
0.419359	0.585475	0.316814
0.402267	0.588925	0.318791
0.386685	0.591685	0.319181
0.373221	0.594100	0.319614
0.362673	0.594100	0.323510
0.354945	0.593410	0.327205
0.350887	0.591168	0.331015
0.354106	0.588235	0.343368
0.364099	0.586510	0.362418
0.378957	0.584268	0.384122
0.389726	0.582025	0.401815
0.399646	0.579610	0.417214
0.415731	0.577368	0.433276
0.431208	0.575643	0.438327
0.441977	0.573400	0.431891
0.444913	0.570985	0.417647
0.442952	0.568742	0.405957
0.436944	0.566500	0.400329
0.425126	0.566500	0.396000
0.415794	0.568225	0.401195
0.413455	0.570985	0.417214
0.412333	0.573400	0.428802
0.413141	0.575643	0.438428
0.414997	0.577885	0.447376
0.408244	0.580300	0.444590
0.400841	0.582025	0.439251
0.405140	0.582025	0.446842
0.430935	0.583060	0.484465
0.459069	0.583750	0.518422
0.475773	0.583750	0.526171
0.481089	0.585475	0.512361
0.461826	0.585475	0.459642
0.445123	0.586510	0.419234
0.443204	0.587200	0.413072
0.434186	0.587200	0.399997
0.422127	0.583750	0.388596
0.413351	0.578575	0.381756
0.411180	0.573400	0.375117
0.412092	0.568742	0.374497
0.407552	0.564775	0.366458
0.390041	0.559600	0.336210
0.377982	0.554425	0.327262
0.372456	0.547525	0.334954
0.369310	0.541142	0.342213
0.368922	0.534759	0.352229
0.365818	0.527859	0.362706
0.357388	0.522167	0.372866
0.360607	0.525099	0.392781
0.373085	0.531999	0.417834
0.386643	0.537174	0.437129
0.393040	0.542349	0.438428
0.396500	0.547525	0.432468
0.399929	0.551492	0.428571
0.403389	0.552700	0.431068
0.407478	0.550975	0.432843
0.412407	0.549250	0.432324
0.418205	0.547525	0.432078
0.427538	0.546317	0.436841
0.434846	0.544592	0.439915
0.430338	0.543385	0.428514
0.423281	0.542349	0.413418
0.421456	0.542349	0.404615
0.429845	0.542349	0.409464
0.440226	0.542349	0.415193
0.446454	0.542349	0.415525
0.443938	0.542349	0.410907
0.438831	0.540624	0.407646
0.437961	0.539417	0.410099
0.446035	0.535449	0.416969
0.454004	0.530274	0.417358
0.455923	0.525099	0.407256
0.449915	0.519924	0.391050
0.453018	0.518717	0.392103
0.470739	0.523374	0.412206
0.488146	0.528549	0.418469
0.475427	0.533724	0.379548
0.452599	0.538899	0.334998
0.446517	0.544075	0.327450
0.431040	0.546835	0.309021
0.417964	0.549250	0.297620
0.415133	0.549250	0.304937
0.411117	0.548042	0.311907
0.399121	0.547525	0.311143
0.385983	0.547525	0.309165
0.383812	0.547525	0.317637
0.373850	0.547525	0.318979
0.360261	0.545800	0.319267
0.363543	0.542349	0.339529
0.373158	0.535967	0.357569
0.394654	0.527859	0.379302
0.424990	0.519924	0.403793
0.435297	0.511299	0.399853
0.444598	0.510091	0.395321
0.467038	0.518717	0.399564
0.499754	0.526134	0.397255
0.524217	0.534242	0.386518
0.531284	0.540624	0.361696
0.520411	0.544592	0.322110
0.510764	0.545800	0.294301
0.503140	0.545800	0.278715
0.493808	0.545800	0.268671
0.487380	0.544075	0.263273
0.480743	0.544075	0.260921
0.466692	0.544592	0.259665
0.460746	0.542349	0.276262
0.459908	0.536484	0.302816
0.444703	0.530274	0.309310
0.437856	0.525099	0.319368
0.438338	0.519234	0.332111
0.431250	0.513024	0.331823
0.425797	0.507849	0.335431
0.425273	0.501466	0.350396
0.420900	0.499741	0.366314
0.415060	0.502674	0.375406
0.411149	0.509574	0.374829
0.409859	0.516474	0.372621
0.408076	0.521649	0.363529
0.405067	0.527859	0.347654
0.407971	0.533724	0.342416
0.409502	0.538209	0.341261
0.403945	0.541142	0.336686
0.417199	0.543385	0.354625
0.445227	0.545800	0.386576
0.464909	0.548042	0.401051
0.453092	0.550285	0.367671
0.450995	0.553217	0.345345
0.454319	0.554942	0.329572
0.449495	0.557185	0.304836
0.438758	0.558910	0.285743
0.426426	0.559600	0.279249
0.416423	0.558910	0.286999
0.407688	0.557185	0.298010
0.395944	0.555460	0.301329
0.381967	0.553217	0.294359
0.375109	0.551492	0.286421
0.363931	0.549767	0.277330
0.343934	0.547525	0.269768
0.341344	0.546317	0.279437
0.351306	0.544592	0.300752
0.363092	0.544075	0.323121
0.368157	0.542349	0.337018
0.367601	0.541659	0.343945
0.368230	0.540624	0.349920
0.379974	0.538899	0.361075
0.377730	0.538209	0.348332
0.365672	0.537174	0.321057
0.365745	0.535449	0.311965
0.361026	0.535449	0.306423
0.349775	0.533724	0.303162
0.355081	0.530274	0.322832
0.360953	0.526824	0.342892
0.358436	0.522167	0.350728
0.365462	0.518199	0.366747
0.373788	0.514059	0.372909
0.380079	0.509574	0.365015
0.393040	0.504916	0.367281
0.405350	0.502674	0.373674
0.410205	0.504399	0.376185
0.408317	0.511299	0.363817
0.408212	0.520442	0.353715
0.417828	0.527342	0.366747
0.422505	0.534242	0.378494
0.417964	0.540624	0.382189
0.407269	0.545800	0.384786
0.404993	0.546835	0.400040
0.418772	0.544592	0.431400
0.435371	0.540624	0.454692
0.429950	0.536484	0.437129
0.409817	0.531999	0.393157
0.407478	0.527859	0.374829
0.415374	0.523374	0.372909
0.427402	0.519234	0.380168
0.436660	0.515267	0.389693
0.442711	0.512334	0.398496
0.452809	0.511299	0.408454
0.465706	0.511299	0.415583
0.475846	0.511299	0.416016
0.472983	0.511299	0.406001
0.467740	0.511299	0.392435
0.460642	0.511299	0.375319
0.434039	0.509574	0.341781
0.411180	0.509574	0.318936
0.409502	0.509574	0.327060
0.410446	0.509574	0.346687
0.407825	0.510609	0.366126
0.407132	0.511299	0.372765
0.408391	0.513024	0.371509
0.412690	0.513024	0.368435
0.425514	0.514749	0.368767
0.437185	0.514749	0.367671
0.435895	0.514749	0.358045
0.438307	0.514749	0.350728
0.441379	0.514749	0.341781
0.429079	0.514749	0.318171
0.424497	0.513024	0.303638
0.431910	0.513024	0.302383
0.437436	0.511816	0.298876
0.439775	0.511299	0.293781
0.440718	0.511299	0.291184
0.454486	0.511816	0.307001
0.473015	0.513541	0.326195
0.473854	0.515784	0.315328
0.461449	0.518717	0.285353
0.446276	0.520959	0.252738
0.443204	0.522684	0.239028
0.446905	0.524409	0.240183
0.453406	0.525617	0.254182
0.458408	0.526824	0.276031
0.458156	0.526824	0.300896
0.458230	0.526134	0.323121
0.462498	0.525099	0.342416
0.474619	0.524409	0.363962
0.478184	0.523374	0.373097
0.464070	0.522167	0.361754
0.445511	0.521649	0.341593
0.434427	0.520442	0.329038
0.439953	0.519924	0.337595
0.444074	0.519234	0.346067
0.438904	0.518199	0.345100
0.434983	0.514749	0.348910
0.430411	0.511299	0.347755
0.422714	0.506124	0.334421
0.418520	0.502674	0.331635
0.419401	0.497499	0.341737
0.428482	0.494049	0.364005
0.431208	0.488874	0.376560
0.409502	0.483698	0.352951
0.394298	0.478523	0.335344
0.399268	0.473348	0.342416
0.405906	0.467483	0.348087
0.408663	0.462998	0.347265
0.406671	0.466448	0.346254
0.413487	0.473866	0.351118
0.434532	0.480248	0.363485
0.456730	0.487149	0.376272
0.467248	0.492841	0.373385
0.464385	0.500259	0.353095
0.475563	0.507159	0.354336
0.490033	0.514059	0.364828
0.494689	0.519924	0.368104
0.483217	0.521649	0.353239
0.464553	0.521649	0.329572
0.449810	0.519924	0.310897
0.439565	0.519924	0.305760
0.429362	0.518199	0.304316
0.415941	0.517509	0.298111
0.404993	0.516474	0.299352
0.392620	0.515784	0.299698
0.375885	0.514749	0.292425
0.363470	0.513541	0.293103
0.352428	0.513024	0.299554
0.337853	0.515267	0.305370
0.338828	0.518717	0.329947
0.348726	0.523374	0.357424
0.356937	0.527342	0.370023
0.368188	0.531309	0.379259
0.374553	0.533724	0.377715
0.376755	0.533724	0.364929
0.391330	0.533724	0.354105
0.402267	0.533724	0.344912
0.404092	0.533724	0.336499
0.400799	0.533724	0.328792
0.402057	0.533724	0.328749
0.402099	0.533724	0.326397
0.393144	0.533724	0.311619
0.390041	0.533724	0.310320
0.390387	0.533034	0.320480
0.387482	0.531999	0.332602
0.396332	0.529584	0.355159
0.412690	0.526134	0.380457
0.422159	0.523374	0.392724
0.429079	0.519924	0.397486
0.433169	0.518717	0.396187
0.433829	0.521649	0.389895
0.443413	0.526134	0.390328
0.448688	0.530274	0.380746
0.439880	0.533724	0.351940
0.440477	0.537692	0.342069
0.442082	0.539934	0.342646
0.430788	0.540624	0.336643
0.423176	0.539934	0.340915
0.419883	0.538209	0.351406
0.410834	0.535967	0.350439
0.403253	0.533034	0.348231
0.401397	0.531309	0.351594
0.408705	0.529067	0.367425
0.415836	0.526824	0.385508
0.410519	0.525099	0.391425
0.420271	0.526134	0.412783
0.446454	0.530274	0.445889
0.468118	0.533724	0.461764
0.468999	0.537692	0.443191
0.462246	0.541659	0.412163
0.464626	0.545110	0.395033
0.467982	0.548042	0.383920
0.470425	0.549767	0.378061
0.475982	0.550285	0.382867
0.482033	0.549250	0.388163
0.482693	0.546835	0.380024
0.460149	0.545110	0.348910
0.430264	0.542867	0.314317
0.418593	0.541142	0.304172
0.413948	0.538899	0.310233
0.408632	0.536484	0.327782
0.406818	0.534759	0.349530
0.411327	0.533034	0.372577
0.429635	0.530274	0.412783
0.451760	0.522684	0.449151
0.464343	0.505434	0.455602
0.471054	0.487666	0.447419
0.477765	0.469898	0.430534
0.488502	0.452648	0.407689
0.484937	0.447990	0.374309
0.476056	0.455408	0.339573
0.488188	0.461273	0.321678
0.494857	0.466966	0.313740
0.487831	0.473348	0.310955
0.478572	0.478523	0.310955
0.466860	0.483698	0.314130
0.453857	0.488874	0.321966
0.445752	0.495774	0.338375
0.454560	0.500949	0.369200
0.474095	0.506641	0.404514
0.480250	0.513024	0.419191
0.468747	0.518717	0.402162
0.448447	0.525099	0.366271
0.433620	0.531309	0.337408
0.433032	0.537174	0.340337
0.432152	0.541659	0.349097
0.422893	0.544075	0.344292
0.425797	0.541659	0.351594
0.435371	0.538899	0.367382
0.441694	0.535449	0.378061
0.436524	0.531309	0.369922
0.429048	0.527859	0.355591
0.426426	0.525099	0.347611
0.428838	0.552700	0.354480
0.432540	0.550975	0.350006
0.435192	0.549767	0.346644
0.439282	0.549250	0.341117
0.444001	0.549250	0.336542
0.448027	0.547525	0.330870
0.449768	0.547525	0.318979
0.443340	0.547525	0.302816
0.436598	0.545800	0.293536
0.444105	0.545800	0.305269
0.447985	0.545110	0.319181
0.445825	0.544075	0.327450
0.442637	0.544075	0.329572
0.437573	0.542867	0.331679
0.436765	0.542349	0.337408
0.445857	0.542349	0.346644
0.455577	0.542349	0.349920
0.455220	0.540624	0.341636
0.441316	0.540624	0.322688
0.434668	0.540624	0.309367
0.435234	0.540624	0.308588
0.436807	0.538899	0.317059
0.430306	0.538899	0.319037
0.425231	0.538899	0.321245
0.425095	0.538899	0.327161
0.420900	0.538899	0.331347
0.422473	0.539934	0.344523
0.427265	0.542349	0.361032
0.418877	0.544592	0.358146
0.418667	0.546317	0.357511
0.420061	0.548042	0.356169
0.409964	0.550285	0.345634
0.410310	0.552010	0.349242
0.415521	0.553217	0.361552
0.410415	0.554425	0.365650
0.405769	0.554425	0.363774
0.411180	0.554425	0.370600
0.427716	0.554425	0.390703
0.437332	0.554425	0.391281
0.445647	0.554425	0.387009
0.454633	0.554942	0.387052
0.448163	0.556150	0.370312
0.440016	0.554425	0.354726
0.439565	0.552010	0.351652
0.436660	0.549767	0.347077
0.433662	0.546835	0.339962
0.429289	0.544592	0.329283
0.413665	0.541142	0.312052
0.399195	0.540624	0.299410
0.394612	0.541659	0.296711
0.393711	0.544075	0.294792
0.391467	0.545800	0.291126
0.387587	0.547525	0.288052
0.388426	0.549250	0.294157
0.389967	0.550285	0.303681
0.390313	0.550285	0.313783
0.395074	0.548042	0.330582
0.402414	0.545110	0.347034
0.410624	0.541659	0.359632
0.418981	0.539417	0.369258
0.422190	0.536484	0.368868
0.425587	0.536484	0.366314
0.444284	0.541142	0.382824
0.471652	0.545800	0.406001
0.475290	0.551492	0.394744
0.454843	0.557875	0.351450
0.455682	0.563050	0.338274
0.459666	0.568225	0.339096
0.455220	0.572193	0.339140
0.438202	0.574435	0.329572
0.427402	0.575125	0.327926
0.422861	0.575125	0.331635
0.418038	0.575125	0.332891
0.407971	0.575125	0.329182
0.394759	0.575125	0.319801
0.384441	0.575125	0.311143
0.387797	0.575125	0.319267
0.388321	0.575125	0.328561
0.384273	0.575125	0.337365
0.396259	0.571675	0.364972
0.419925	0.565810	0.396245
0.439534	0.558392	0.417070
0.452851	0.551492	0.428081
0.475248	0.544592	0.442281
0.474871	0.536484	0.421688
0.463263	0.533034	0.384642
0.462634	0.537174	0.364250
0.465601	0.542349	0.357857
0.467457	0.547525	0.355591
0.464731	0.552700	0.350252
0.455577	0.557875	0.339674
0.447817	0.559600	0.338750
0.440855	0.558910	0.345244
0.430621	0.556667	0.347755
0.427716	0.554425	0.353181
0.429992	0.552010	0.360744
0.431774	0.550285	0.367526
0.425168	0.548042	0.369200
0.420061	0.546317	0.377051
0.429257	0.543385	0.401238
0.454696	0.541142	0.434099
0.442155	0.538209	0.410619
0.422054	0.535449	0.369345
0.431176	0.532517	0.356602
0.440268	0.529584	0.341550
0.443791	0.527342	0.320090
0.442574	0.523892	0.296091
0.438128	0.520959	0.275785
0.432015	0.518717	0.263374
0.425724	0.515267	0.261311
0.420449	0.513024	0.263620
0.415479	0.514059	0.262552
0.407028	0.515784	0.250285
0.399195	0.518717	0.232635
0.393742	0.520442	0.215794
0.389789	0.522167	0.205259
0.383393	0.523892	0.195503
0.375046	0.525099	0.188518
0.371512	0.525099	0.196889
0.369237	0.525099	0.205937
0.368996	0.525099	0.211277
0.374270	0.524409	0.217771
0.378045	0.523374	0.216515
0.377909	0.523374	0.208679
0.375423	0.523374	0.201940
0.383225	0.523374	0.214495
0.402655	0.525099	0.239519
0.423522	0.526824	0.257212
0.426909	0.527859	0.248900
0.416737	0.530274	0.224222
0.411956	0.531999	0.204393
0.417786	0.533034	0.195936
0.421708	0.534759	0.188807
0.417650	0.535449	0.181447
0.410341	0.535449	0.181216
0.410100	0.535449	0.196990
0.420659	0.534242	0.221523
0.423868	0.533034	0.239894
0.414326	0.531999	0.246013
0.409712	0.530792	0.247355
0.400768	0.529067	0.248409
0.390596	0.528549	0.256260
0.395976	0.529067	0.279292
0.398073	0.530274	0.305558
0.399373	0.531309	0.324708
0.406115	0.531999	0.331534
0.407825	0.533724	0.330235
0.406294	0.534242	0.323842
0.405035	0.535449	0.316093
0.405727	0.536484	0.313740
0.403945	0.537174	0.312153
0.399436	0.537174	0.308155
0.408244	0.534759	0.310854
0.424329	0.531309	0.321966
0.437961	0.527859	0.330813
0.441694	0.523892	0.316237
0.451026	0.520442	0.308790
0.464553	0.516992	0.307636
0.472564	0.514059	0.296422
0.488397	0.513024	0.298111
0.500351	0.513024	0.300074
0.498495	0.513024	0.289928
0.494720	0.511816	0.280014
0.484056	0.512334	0.267603
0.467248	0.514059	0.254239
0.461931	0.515784	0.255192
0.455367	0.517509	0.258323
0.443864	0.519924	0.260344
0.437646	0.521649	0.271745
0.427789	0.522684	0.279105
0.413172	0.523374	0.280302
0.405413	0.523374	0.291660
0.403253	0.523374	0.307058
0.403567	0.523374	0.323265
0.402445	0.523374	0.339717
0.397653	0.522167	0.345201
0.394057	0.521649	0.346832
0.399226	0.521649	0.359820
0.404930	0.521649	0.367815
0.407510	0.521649	0.370499
0.406294	0.521649	0.370932
0.402550	0.521649	0.365592
0.396961	0.522684	0.359820
0.390565	0.523892	0.358290
0.386056	0.526134	0.358867
0.388887	0.529584	0.369013
0.397695	0.532517	0.384786
0.401680	0.535449	0.386864
0.406671	0.538209	0.392493
0.412375	0.540624	0.401916
0.412721	0.540624	0.399362
0.413948	0.540624	0.399651
0.418352	0.538899	0.403692
0.424015	0.536484	0.403836
0.422714	0.534759	0.395754
0.416842	0.532517	0.382246
0.410865	0.530792	0.368334
0.399897	0.528549	0.356024
0.391676	0.528549	0.352128
0.397727	0.531999	0.363197
0.408422	0.535967	0.379302
0.416391	0.540624	0.385898
0.417933	0.544075	0.377527
0.417681	0.548042	0.382968
0.413036	0.550975	0.389606
0.403525	0.550975	0.383401
0.403777	0.548560	0.383343
0.405937	0.544592	0.386331
0.402519	0.541142	0.386720
0.400904	0.537174	0.386287
0.398282	0.533724	0.386143
0.392872	0.529584	0.388207
0.397517	0.527342	0.399853
0.406640	0.526824	0.412062
0.412795	0.526824	0.415049
0.416318	0.525099	0.408367
0.416989	0.525099	0.394080
0.414399	0.525099	0.375550
0.406744	0.525099	0.357901
0.400170	0.525617	0.345056
0.401397	0.529067	0.340482
0.409785	0.532517	0.347409
0.415133	0.535967	0.350786
0.410205	0.539417	0.339472
0.407929	0.542349	0.335965
0.405203	0.544592	0.337509
0.397863	0.545800	0.337841
0.396437	0.545110	0.344869
0.398387	0.544075	0.357511
0.398670	0.543385	0.370788
0.395556	0.542349	0.375550
0.388289	0.541659	0.374886
0.379030	0.540624	0.374020
0.378779	0.539934	0.377672
0.389894	0.538899	0.391382
0.409439	0.538899	0.413274
0.428901	0.537174	0.426695
0.447188	0.537174	0.426551
0.461239	0.535449	0.412884
0.464070	0.535449	0.390126
0.463441	0.535449	0.370643
0.463819	0.535449	0.360498
0.462183	0.537174	0.352662
0.453689	0.538209	0.344147
0.438170	0.538899	0.333757
0.421980	0.540624	0.322543
0.407552	0.541142	0.316150
0.396542	0.542349	0.319700
0.387839	0.543385	0.331058
0.382449	0.544075	0.348130
0.382763	0.545800	0.368334
0.388531	0.546835	0.389837
0.397276	0.548042	0.409132
0.404826	0.549250	0.421731
0.412931	0.550285	0.428369
0.420617	0.550975	0.429726
0.421141	0.552700	0.426739
0.417786	0.552700	0.417459
0.415238	0.552700	0.401383
0.415521	0.551492	0.385032
0.413036	0.550975	0.365694
0.403253	0.550975	0.341492
0.395315	0.549250	0.326007
0.386475	0.549250	0.317391
0.366825	0.548560	0.304461
0.357776	0.546835	0.306481
0.362882	0.542867	0.325531
0.358929	0.539417	0.337451
0.352921	0.535967	0.344667
0.351306	0.532517	0.350973
0.350016	0.529067	0.357569
0.353267	0.526824	0.364784
0.365116	0.527859	0.372289
0.379030	0.528549	0.378869
0.391152	0.530274	0.379591
0.399509	0.530274	0.370355
0.407028	0.531999	0.356501
0.412124	0.531999	0.341016
0.411075	0.533724	0.326541
0.416706	0.534759	0.322644
0.428136	0.535967	0.328504
0.436031	0.537692	0.335532
0.436283	0.539417	0.331390
0.432990	0.540624	0.322009
0.431774	0.542349	0.317593
0.423490	0.542349	0.306135
0.409785	0.542349	0.291270
0.402477	0.542349	0.290607
0.392410	0.541142	0.291804
0.376996	0.540624	0.289106
0.366615	0.539417	0.289019
0.356937	0.538899	0.290794
0.343410	0.537174	0.294070
0.340128	0.537174	0.310666
0.345895	0.537174	0.333901
0.352428	0.537174	0.349242
0.359632	0.537174	0.364351
0.364906	0.537174	0.375983
0.364413	0.537174	0.373876
