0.586487	0.632222	0.191968
0.584333	0.627778	0.193719
0.582345	0.623333	0.197526
0.578766	0.620000	0.200990
0.571244	0.615555	0.200990
0.565180	0.612222	0.200876
0.563987	0.607778	0.202246
0.563656	0.603333	0.201827
0.562761	0.600000	0.199391
0.560574	0.595555	0.196498
0.560972	0.592222	0.195927
0.567102	0.592222	0.200419
0.572072	0.594444	0.208984
0.574524	0.594444	0.217396
0.577805	0.594444	0.214161
0.586222	0.594444	0.209935
0.603320	0.594444	0.217396
0.620121	0.594444	0.223982
0.631851	0.597778	0.224439
0.636921	0.597778	0.219033
0.638909	0.597778	0.211724
0.642057	0.597778	0.207385
0.644708	0.594444	0.212257
0.645570	0.591111	0.223525
0.642388	0.588889	0.222992
0.636391	0.585555	0.215645
0.629465	0.582222	0.210468
0.622440	0.578889	0.211344
0.616376	0.576667	0.218881
0.613361	0.573333	0.224819
0.611870	0.570000	0.227027
0.609318	0.566667	0.224553
0.605507	0.564444	0.227217
0.601067	0.567778	0.238904
0.600835	0.572222	0.243738
0.603850	0.576667	0.243357
0.606767	0.582222	0.246403
0.608887	0.587778	0.248687
0.609119	0.593333	0.247316
0.603585	0.596667	0.242520
0.596461	0.597778	0.238066
0.595566	0.597778	0.239817
0.600305	0.597778	0.244576
0.608158	0.594444	0.248915
0.610577	0.593333	0.247659
0.607065	0.591111	0.239513
0.599178	0.587778	0.225010
0.593180	0.588889	0.214275
0.591325	0.593333	0.211915
0.591027	0.598889	0.216635
0.589999	0.603333	0.224629
0.586487	0.608889	0.231290
0.581914	0.613333	0.230567
0.576016	0.618889	0.224629
0.567731	0.621111	0.219376
0.562297	0.621111	0.221545
0.562098	0.621111	0.231823
0.562695	0.621111	0.234602
0.563457	0.623333	0.232318
0.564219	0.623333	0.230796
0.563987	0.625555	0.230719
0.563921	0.630000	0.232661
0.568692	0.635555	0.236391
0.574823	0.642222	0.239970
0.578700	0.646667	0.241340
0.579296	0.652222	0.240084
0.578269	0.656667	0.236772
0.578998	0.662222	0.232242
0.582875	0.666667	0.231823
0.589966	0.672222	0.238219
0.596295	0.676667	0.247697
0.600272	0.683333	0.254930
0.600968	0.688889	0.253978
0.599708	0.693333	0.248154
0.597323	0.698889	0.240541
0.593909	0.702222	0.235592
0.590795	0.703333	0.234298
0.590132	0.697778	0.236201
0.593678	0.687778	0.238257
0.601531	0.677778	0.238561
0.605474	0.667778	0.242101
0.605010	0.657778	0.245223
0.603121	0.647778	0.238523
0.600769	0.637778	0.228930
0.598714	0.627778	0.221850
0.597488	0.618889	0.216330
0.595003	0.611111	0.210430
0.587150	0.603333	0.200837
0.576943	0.594444	0.191625
0.567798	0.585555	0.186372
0.564418	0.585555	0.185611
0.568560	0.597778	0.191892
0.579064	0.607778	0.213361
0.589966	0.621111	0.238295
0.594009	0.631111	0.250780
0.590165	0.642222	0.257099
0.581185	0.654444	0.257061
0.575585	0.666667	0.241606
0.572503	0.673333	0.227446
0.570813	0.672222	0.229235
0.574392	0.664444	0.227522
0.583736	0.651111	0.225276
0.596461	0.638889	0.248953
0.608456	0.627778	0.272250
0.615713	0.615555	0.270499
0.616774	0.603333	0.267796
0.613361	0.591111	0.269623
0.612499	0.587778	0.265969
0.612035	0.587778	0.260678
0.608357	0.587778	0.259764
0.601763	0.591111	0.258203
0.593015	0.591111	0.253902
0.585294	0.593333	0.249524
0.579561	0.594444	0.247849
0.575552	0.596667	0.253483
0.572337	0.597778	0.254625
0.569024	0.598889	0.241873
0.568361	0.601111	0.242063
0.571111	0.601111	0.259954
0.576049	0.601111	0.266692
0.582013	0.602222	0.265778
0.587812	0.604444	0.267301
0.591524	0.604444	0.267035
0.593777	0.604444	0.265512
0.603055	0.605555	0.277655
0.614587	0.607778	0.285649
0.620551	0.607778	0.264256
0.622241	0.607778	0.240959
0.620750	0.607778	0.230225
0.617834	0.611111	0.232623
0.614819	0.611111	0.238257
0.612400	0.611111	0.234564
0.604646	0.614444	0.220822
0.592186	0.624444	0.203236
0.586354	0.634444	0.203540
0.585625	0.646667	0.212752
0.586155	0.657778	0.216407
0.585493	0.667778	0.216445
0.582776	0.677778	0.213666
0.580721	0.691111	0.208375
0.578368	0.701111	0.204949
0.573994	0.711111	0.208641
0.569620	0.716667	0.212410
0.567102	0.714444	0.213133
0.569952	0.707778	0.219985
0.576778	0.697778	0.230986
0.584499	0.691111	0.240350
0.590894	0.681111	0.248496
0.594904	0.673333	0.255577
0.600868	0.664444	0.260601
0.607363	0.655555	0.264560
0.610975	0.647778	0.269319
0.611472	0.638889	0.273392
0.609981	0.631111	0.276094
0.611406	0.621111	0.279901
0.612864	0.614444	0.279064
0.609583	0.604444	0.266730
0.601266	0.596667	0.261667
0.591590	0.595555	0.270232
0.594605	0.610000	0.277503
0.603585	0.631111	0.287286
0.608158	0.651111	0.304378
0.612400	0.671111	0.307842
0.617503	0.687778	0.298858
0.622970	0.707778	0.302474
0.626218	0.727778	0.307156
0.625389	0.751111	0.302398
0.620783	0.771111	0.286905
0.612035	0.788889	0.267491
0.599443	0.801111	0.253064
0.590563	0.807778	0.245908
0.587348	0.807778	0.248040
0.585360	0.807778	0.261934
0.584664	0.807778	0.273163
0.584896	0.811111	0.270727
0.581980	0.811111	0.259041
0.575784	0.811111	0.247545
0.567599	0.811111	0.247963
0.567367	0.814444	0.256757
0.578103	0.816667	0.271450
0.592385	0.818889	0.290674
0.606568	0.821111	0.310278
0.617834	0.824444	0.324971
0.624130	0.826667	0.324020
0.623832	0.828889	0.315912
0.615879	0.831111	0.316216
0.610478	0.831111	0.317130
0.610677	0.831111	0.316330
0.609683	0.831111	0.319071
0.609086	0.831111	0.323525
0.610412	0.831111	0.327598
0.608788	0.831111	0.334450
0.604546	0.831111	0.339551
0.600504	0.831111	0.334716
0.594440	0.831111	0.326152
0.586321	0.831111	0.319071
0.582643	0.833333	0.317891
0.585195	0.834444	0.327484
0.594175	0.837778	0.351732
0.606004	0.838889	0.369319
0.617768	0.841111	0.373468
0.627013	0.843333	0.376475
0.631321	0.844444	0.375105
0.629101	0.844444	0.365778
0.625654	0.846667	0.356300
0.624130	0.844444	0.352493
0.626317	0.844444	0.360678
0.632182	0.844444	0.369699
0.640268	0.844444	0.368329
0.643548	0.842222	0.364636
0.641063	0.841111	0.361325
0.636059	0.841111	0.358812
0.628902	0.841111	0.355577
0.620087	0.841111	0.350742
0.612599	0.843333	0.346441
0.610014	0.845555	0.346289
0.617900	0.848889	0.357670
0.627974	0.851111	0.373049
0.632315	0.854444	0.383708
0.633110	0.857778	0.380929
0.632182	0.860000	0.368367
0.631586	0.861111	0.356490
0.632315	0.862222	0.350628
0.634336	0.861111	0.352722
0.635827	0.860000	0.355691
0.636822	0.857778	0.359117
0.637484	0.854444	0.363190
0.634502	0.853333	0.358736
0.628107	0.851111	0.348306
0.622407	0.847778	0.350019
0.617834	0.846667	0.357366
0.614454	0.844444	0.359840
0.614355	0.844444	0.365817
0.618828	0.844444	0.378531
0.628140	0.844444	0.392691
0.638412	0.844444	0.405558
0.644708	0.844444	0.414617
0.646895	0.844444	0.413323
0.645139	0.844444	0.401751
0.640334	0.844444	0.395470
0.634204	0.844444	0.392882
0.629068	0.841111	0.386753
0.625820	0.841111	0.381538
0.625555	0.841111	0.380700
0.631917	0.837778	0.379939
0.641891	0.837778	0.377769
0.648121	0.834444	0.373582
0.651369	0.834444	0.368938
0.652528	0.832222	0.365246
0.649579	0.831111	0.364104
0.644476	0.828889	0.365931
0.645404	0.827778	0.369737
0.650540	0.826667	0.374838
0.655610	0.824444	0.380320
0.661343	0.824444	0.385002
0.667771	0.822222	0.387705
0.673537	0.821111	0.387248
0.677613	0.820000	0.382718
0.678739	0.817778	0.373544
0.673802	0.817778	0.362885
0.662271	0.814444	0.352760
0.651402	0.814444	0.343776
0.642786	0.813333	0.337571
0.636093	0.811111	0.336658
0.631520	0.811111	0.341035
0.628869	0.811111	0.348611
0.625953	0.808889	0.348078
0.621844	0.807778	0.342863
0.615945	0.807778	0.342748
0.608755	0.807778	0.342634
0.601365	0.804444	0.339627
0.599742	0.804444	0.339817
0.603983	0.804444	0.345299
0.610047	0.804444	0.355957
0.620916	0.804444	0.375485
0.637153	0.801111	0.401903
0.645768	0.801111	0.407385
0.647657	0.801111	0.395851
0.648486	0.801111	0.382870
0.644774	0.801111	0.369852
0.635330	0.801111	0.359612
0.627046	0.801111	0.361782
0.622341	0.801111	0.368938
0.622009	0.803333	0.364484
0.623070	0.804444	0.358394
0.623302	0.804444	0.356414
0.622241	0.805555	0.357252
0.618000	0.807778	0.357785
0.609020	0.807778	0.354397
0.602094	0.810000	0.355501
0.600736	0.811111	0.363456
0.604348	0.813333	0.370384
0.615680	0.814444	0.383061
0.635562	0.817778	0.405786
0.648386	0.817778	0.407004
0.651369	0.821111	0.391321
0.649016	0.822222	0.384621
0.643283	0.824444	0.376361
0.636026	0.824444	0.362238
0.628073	0.824444	0.355462
0.622043	0.824444	0.354511
0.621148	0.824444	0.352455
0.620452	0.823333	0.350247
0.616476	0.821111	0.348763
0.608589	0.821111	0.348382
0.600239	0.821111	0.348953
0.597886	0.821111	0.350019
0.601531	0.821111	0.355653
0.610146	0.821111	0.367644
0.618265	0.821111	0.376399
0.623832	0.824444	0.380053
0.626118	0.824444	0.379558
0.624760	0.824444	0.372935
0.620386	0.824444	0.360754
0.617867	0.824444	0.355539
0.620054	0.824444	0.361782
0.629797	0.824444	0.380472
0.638876	0.824444	0.396231
0.641295	0.824444	0.397526
0.641262	0.824444	0.388352
0.638445	0.824444	0.373277
0.630360	0.824444	0.358356
0.622275	0.824444	0.352608
0.619358	0.821111	0.361934
0.626516	0.816667	0.374534
0.639307	0.812222	0.381614
0.645702	0.806667	0.373125
0.649877	0.802222	0.370689
0.655411	0.797778	0.386867
0.660481	0.792222	0.389380
0.666015	0.788889	0.380586
0.674531	0.788889	0.380891
0.680131	0.791111	0.382375
0.680131	0.791111	0.379406
0.679800	0.793333	0.373316
0.677878	0.794444	0.365436
0.671383	0.796667	0.357594
0.662668	0.800000	0.347507
0.653257	0.802222	0.334260
0.641593	0.805555	0.320327
0.628802	0.807778	0.307537
0.617569	0.811111	0.297830
0.606899	0.813333	0.294252
0.596163	0.815555	0.298439
0.587613	0.818889	0.300571
0.581914	0.821111	0.300190
0.578236	0.824444	0.305443
0.579727	0.827778	0.316863
0.590198	0.831111	0.333955
0.610975	0.834444	0.358546
0.639042	0.837778	0.387096
0.660282	0.842222	0.402893
0.673206	0.845555	0.405063
0.678971	0.848889	0.396726
0.678806	0.852222	0.388809
0.674034	0.856667	0.384507
0.666976	0.860000	0.373963
0.658195	0.864444	0.363989
0.648154	0.868889	0.364865
0.634303	0.872222	0.362619
0.616244	0.876667	0.349981
0.602923	0.877778	0.341606
0.595831	0.877778	0.341606
0.589767	0.874444	0.348268
0.590662	0.871111	0.363609
0.605110	0.868889	0.389037
0.621082	0.865555	0.406053
0.631752	0.863333	0.407156
0.635364	0.860000	0.401447
0.636159	0.857778	0.395660
0.641560	0.854444	0.398097
0.648718	0.854444	0.405900
0.654782	0.852222	0.415379
0.658228	0.851111	0.417054
0.659487	0.851111	0.412105
0.660746	0.851111	0.408565
0.660614	0.851111	0.406471
0.657565	0.847778	0.405367
0.653887	0.846667	0.406966
0.650640	0.842222	0.410659
0.647690	0.836667	0.410849
0.642455	0.832222	0.408108
0.630791	0.826667	0.404416
0.620485	0.822222	0.400305
0.617006	0.818889	0.398211
0.621446	0.813333	0.412562
0.630194	0.808889	0.435211
0.635297	0.803333	0.441873
0.637153	0.798889	0.443205
0.636888	0.795555	0.446517
0.636623	0.791111	0.443205
0.638710	0.784444	0.437115
0.646000	0.771111	0.439627
0.657963	0.752222	0.446783
0.671946	0.734444	0.452417
0.678640	0.715555	0.442634
0.677911	0.697778	0.425352
0.672046	0.677778	0.415836
0.665617	0.661111	0.403578
0.661873	0.643333	0.383898
0.657731	0.628889	0.374724
0.654384	0.617778	0.375980
0.656107	0.607778	0.375219
0.657002	0.595555	0.369014
0.651899	0.584444	0.355691
0.645868	0.573333	0.340046
0.641063	0.561111	0.325238
0.638114	0.554444	0.314617
0.638379	0.551111	0.308032
0.643615	0.551111	0.304111
0.648817	0.554444	0.297868
0.651534	0.554444	0.287210
0.654881	0.555555	0.275752
0.656438	0.557778	0.264294
0.651832	0.557778	0.253331
0.647989	0.557778	0.244081
0.648916	0.557778	0.236658
0.647591	0.556667	0.224629
0.643979	0.554444	0.210011
0.641428	0.552222	0.199505
0.637252	0.551111	0.187057
0.629134	0.547778	0.170917
0.614156	0.546667	0.166159
0.597389	0.544444	0.169699
0.589767	0.542222	0.167263
0.590894	0.540000	0.176094
0.599576	0.535555	0.208755
0.616177	0.530000	0.233574
0.634635	0.525555	0.242977
0.645470	0.522222	0.240959
0.647028	0.516667	0.226228
0.640930	0.513333	0.202741
0.633243	0.508889	0.182033
0.628339	0.505555	0.171336
0.629101	0.508889	0.175143
0.629101	0.513333	0.182375
0.629001	0.516667	0.187552
0.633309	0.520000	0.188314
0.637418	0.524444	0.179673
0.638512	0.528889	0.163228
0.635794	0.532222	0.147773
0.628438	0.535555	0.135440
0.617171	0.537778	0.127903
0.611472	0.536667	0.125999
0.611141	0.533333	0.131290
0.609351	0.527778	0.146327
0.603552	0.522222	0.153369
0.593180	0.516667	0.142558
0.583239	0.512222	0.129996
0.578899	0.508889	0.127141
0.585195	0.513333	0.143548
0.602890	0.520000	0.168748
0.623037	0.525555	0.189341
0.631884	0.530000	0.191854
0.629101	0.535555	0.175105
0.618530	0.541111	0.151808
0.606236	0.546667	0.140084
0.599410	0.547778	0.135592
0.600172	0.547778	0.139779
0.604215	0.543333	0.160944
0.613924	0.536667	0.186182
0.626748	0.530000	0.200723
0.630658	0.525555	0.190978
0.628239	0.518889	0.175676
0.622374	0.513333	0.166844
0.612831	0.506667	0.153521
0.605441	0.502222	0.141340
0.607396	0.501111	0.139208
0.612367	0.502222	0.153255
0.616409	0.505555	0.172745
0.617569	0.507778	0.160754
0.613659	0.511111	0.139893
0.603685	0.513333	0.132052
0.591623	0.514444	0.133955
0.582477	0.517778	0.141416
0.583107	0.518889	0.146365
0.591855	0.521111	0.165055
0.605209	0.523333	0.199734
0.614885	0.525555	0.207537
0.619458	0.527778	0.197678
0.619425	0.530000	0.186220
0.616939	0.531111	0.166844
0.613361	0.534444	0.146974
0.609550	0.534444	0.145489
0.610677	0.534444	0.153559
0.618199	0.531111	0.161667
0.619590	0.531111	0.164065
0.618828	0.528889	0.164484
0.620816	0.527778	0.165512
0.613659	0.526667	0.148801
0.599708	0.524444	0.126418
0.587050	0.524444	0.123335
0.574624	0.521111	0.127864
0.563589	0.521111	0.132775
0.564683	0.518889	0.142863
0.577010	0.517778	0.158850
0.593247	0.517778	0.180167
