127.583333	5.743333	52.293333
127.733333	5.710000	53.316667
127.680000	5.670000	55.563333
126.996667	5.650000	54.983333
126.120000	5.640000	53.190000
125.710000	5.660000	53.120000
125.356667	5.683333	53.210000
124.846667	5.703333	52.863333
124.016667	5.710000	52.670000
123.643333	5.710000	52.850000
124.633333	5.710000	53.566667
125.810000	5.710000	54.546667
126.533333	5.710000	55.523333
126.543333	5.710000	56.160000
126.793333	5.710000	56.480000
127.983333	5.716667	56.536667
128.503333	5.723333	56.290000
128.206667	5.730000	55.600000
127.500000	5.736667	54.256667
126.776667	5.740000	53.200000
126.296667	5.750000	52.833333
126.033333	5.750000	51.756667
125.780000	5.760000	50.443333
125.196667	5.760000	50.090000
124.916667	5.766667	50.616667
125.420000	5.763333	51.876667
126.016667	5.756667	53.293333
126.496667	5.743333	54.486667
126.973333	5.726667	55.143333
127.283333	5.713333	55.350000
127.346667	5.710000	55.283333
127.823333	5.730000	55.486667
128.773333	5.773333	55.866667
129.786667	5.813333	55.726667
130.396667	5.850000	55.150000
130.273333	5.880000	54.336667
129.686667	5.900000	53.873333
128.933333	5.886667	53.466667
128.506667	5.860000	51.963333
127.920000	5.833333	50.373333
126.803333	5.810000	49.666667
125.853333	5.780000	49.780000
125.390000	5.763333	50.610000
125.516667	5.760000	51.746667
126.113333	5.770000	53.106667
126.976667	5.780000	54.676667
127.663333	5.783333	55.660000
128.060000	5.790000	55.840000
128.750000	5.786667	56.256667
129.856667	5.776667	56.990000
131.276667	5.766667	57.846667
131.773333	5.756667	58.046667
131.483333	5.746667	57.666667
131.740000	5.736667	57.550000
132.050000	5.726667	57.233333
131.923333	5.716667	56.390000
131.093333	5.706667	55.280000
129.996667	5.696667	54.063333
129.223333	5.686667	52.920000
128.853333	5.680000	52.166667
128.576667	5.670000	51.686667
127.590000	5.666667	50.863333
126.883333	5.660000	50.396667
127.190000	5.650000	50.810000
127.860000	5.646667	51.730000
128.403333	5.640000	52.603333
128.370000	5.640000	52.826667
128.060000	5.630000	52.740000
127.596667	5.630000	52.496667
127.010000	5.626667	52.136667
126.400000	5.620000	51.756667
125.833333	5.620000	51.416667
124.916667	5.610000	50.680000
123.846667	5.610000	49.723333
123.313333	5.606667	49.166667
123.103333	5.600000	49.273333
123.000000	5.593333	50.110000
123.073333	5.590000	50.863333
123.256667	5.580000	51.360000
123.420000	5.580000	51.796667
123.616667	5.583333	52.143333
123.873333	5.590000	52.310000
123.903333	5.590000	51.873333
123.690000	5.600000	51.106667
123.413333	5.600000	51.000000
123.276667	5.600000	51.330000
123.456667	5.610000	51.700000
123.793333	5.610000	51.903333
124.056667	5.613333	51.803333
123.653333	5.620000	51.266667
123.053333	5.616667	50.896667
123.016667	5.600000	51.610000
123.680000	5.570000	52.523333
124.930000	5.540000	53.046667
125.626667	5.513333	53.166667
126.026667	5.513333	53.110000
127.100000	5.563333	53.353333
128.120000	5.630000	53.490000
128.546667	5.690000	53.263333
128.516667	5.740000	52.803333
128.230000	5.776667	52.350000
128.010000	5.793333	52.273333
127.786667	5.806667	52.230000
127.470000	5.823333	51.946667
126.856667	5.836667	51.543333
126.130000	5.846667	51.206667
125.780000	5.850000	51.273333
125.830000	5.843333	51.530000
126.206667	5.840000	51.710000
126.300000	5.830000	51.566667
126.093333	5.826667	51.263333
126.123333	5.820000	51.500000
126.486667	5.813333	51.846667
127.156667	5.810000	51.863333
127.746667	5.810000	52.146667
127.996667	5.800000	52.503333
127.683333	5.800000	52.190000
127.516667	5.796667	51.970000
127.930000	5.790000	52.336667
128.223333	5.780000	52.663333
128.253333	5.766667	52.773333
128.033333	5.756667	52.590000
127.943333	5.746667	52.366667
128.120000	5.740000	52.370000
128.410000	5.740000	52.983333
129.013333	5.740000	53.993333
129.966667	5.736667	55.010000
130.283333	5.730000	54.896667
130.276667	5.730000	54.300000
130.966667	5.730000	54.860000
131.650000	5.730000	55.350000
132.023333	5.726667	55.246667
132.286667	5.720000	54.796667
132.106667	5.723333	54.100000
131.270000	5.743333	53.390000
130.563333	5.783333	54.450000
129.966667	5.826667	56.180000
128.853333	5.873333	55.090000
127.563333	5.916667	53.210000
126.453333	5.960000	52.240000
125.916667	5.980000	52.316667
125.936667	5.973333	53.130000
126.276667	5.963333	53.876667
126.593333	5.950000	54.570000
126.683333	5.936667	55.240000
126.780000	5.923333	55.840000
127.173333	5.913333	56.480000
128.280000	5.900000	57.423333
129.740000	5.890000	58.160000
131.153333	5.880000	58.260000
132.143333	5.866667	57.530000
132.483333	5.856667	56.203333
132.036667	5.846667	54.673333
131.430000	5.840000	53.730000
130.890000	5.840000	53.523333
130.250000	5.840000	53.316667
129.433333	5.840000	53.093333
128.366667	5.840000	52.923333
127.576667	5.840000	53.143333
127.340000	5.843333	53.896667
127.330000	5.850000	54.696667
127.506667	5.850000	55.423333
127.866667	5.856667	56.010000
128.623333	5.860000	56.740000
129.820000	5.860000	57.683333
130.830000	5.866667	58.060000
131.566667	5.870000	57.843333
132.093333	5.870000	57.276667
131.706667	5.876667	56.363333
130.420000	5.876667	55.276667
129.740000	5.826667	54.536667
129.366667	5.733333	54.093333
128.646667	5.620000	53.786667
127.750000	5.500000	53.700000
126.840000	5.386667	53.866667
126.310000	5.270000	54.386667
126.090000	5.146667	55.020000
125.803333	5.006667	55.280000
125.550000	4.963333	55.310000
125.406667	5.146667	55.283333
125.043333	5.400000	55.133333
124.486667	5.656667	55.003333
124.270000	5.916667	55.376667
124.350000	6.123333	55.993333
124.510000	6.196667	56.283333
125.246667	6.196667	56.900000
126.856667	6.180000	58.306667
128.413333	6.150000	59.610000
129.426667	6.120000	60.280000
129.470000	6.090000	59.823333
129.200000	6.070000	58.473333
129.210000	6.040000	56.616667
129.573333	6.006667	55.670000
130.096667	5.966667	55.493333
130.280000	5.926667	54.736667
130.140000	5.886667	53.790000
129.713333	5.846667	53.030000
129.210000	5.810000	52.600000
128.690000	5.780000	52.450000
128.120000	5.763333	52.270000
127.306667	5.760000	52.113333
125.960000	5.753333	52.110000
124.603333	5.750000	52.266667
123.713333	5.750000	52.593333
123.476667	5.756667	53.393333
123.870000	5.760000	54.703333
123.970000	5.766667	55.713333
123.840000	5.770000	56.460000
124.330000	5.776667	57.610000
125.106667	5.780000	58.856667
125.636667	5.786667	59.753333
126.240000	5.790000	60.243333
127.100000	5.796667	60.286667
128.180000	5.800000	60.113333
129.220000	5.806667	59.626667
129.673333	5.810000	58.456667
129.626667	5.820000	56.873333
129.193333	5.823333	55.213333
128.203333	5.830000	53.896667
126.860000	5.830000	53.106667
126.320000	5.813333	52.626667
126.300000	5.790000	52.363333
125.983333	5.760000	52.263333
125.350000	5.730000	51.870000
124.513333	5.700000	51.003333
124.593333	5.683333	51.513333
125.556667	5.666667	53.203333
126.153333	5.660000	53.676667
126.416667	5.650000	53.370000
126.553333	5.640000	53.016667
127.376667	5.643333	53.450000
129.110000	5.656667	54.673333
131.290000	5.676667	55.446667
133.070000	5.693333	55.416667
133.730000	5.713333	54.456667
133.800000	5.726667	53.136667
133.500000	5.730000	51.833333
132.910000	5.730000	50.890000
132.016667	5.723333	50.200000
130.813333	5.710000	49.593333
129.446667	5.696667	48.910000
128.100000	5.683333	48.250000
127.063333	5.673333	48.330000
126.590000	5.660000	49.043333
126.963333	5.660000	49.803333
127.933333	5.653333	50.626667
129.160000	5.650000	51.506667
129.906667	5.650000	51.856667
130.093333	5.663333	51.773333
130.716667	5.680000	52.583333
131.293333	5.706667	53.286667
131.163333	5.730000	52.673333
130.900000	5.753333	52.110000
130.566667	5.776667	51.876667
129.440000	5.793333	50.793333
128.020000	5.806667	49.500000
127.246667	5.816667	49.266667
126.783333	5.830000	49.496667
126.340000	5.843333	49.633333
126.103333	5.853333	49.853333
126.096667	5.863333	50.196667
126.056667	5.870000	50.606667
126.163333	5.866667	51.190000
126.873333	5.856667	52.206667
127.630000	5.843333	53.040000
127.920000	5.833333	53.166667
127.906667	5.820000	53.203333
127.796667	5.813333	53.570000
128.170000	5.820000	54.890000
128.940000	5.830000	56.440000
129.806667	5.840000	57.023333
130.223333	5.846667	57.023333
129.946667	5.856667	56.770000
129.660000	5.860000	56.783333
129.360000	5.866667	57.016667
128.726667	5.870000	57.080000
127.950000	5.870000	56.926667
127.236667	5.863333	56.553333
126.446667	5.910000	56.200000
125.606667	6.033333	56.046667
125.256667	6.223333	56.226667
125.433333	6.463333	56.673333
125.820000	6.710000	57.036667
126.153333	6.946667	57.216667
126.173333	7.173333	57.126667
126.303333	7.403333	57.250000
126.786667	7.630000	57.816667
127.440000	7.876667	58.350000
128.096667	8.110000	58.663333
128.483333	8.303333	58.636667
128.920000	8.373333	58.206667
129.740000	8.253333	57.356667
130.936667	7.963333	56.380000
132.356667	7.540000	55.413333
133.510000	7.110000	54.463333
134.133333	6.713333	53.496667
134.026667	6.370000	52.486667
133.470000	6.190000	51.780000
