0.216741	0.348082	0.208560
0.198725	0.336283	0.213881
0.182095	0.324484	0.225448
0.152162	0.315635	0.235975
0.089246	0.303835	0.235975
0.038525	0.294985	0.235628
0.028548	0.283186	0.239792
0.025776	0.271387	0.238519
0.018293	0.262537	0.231116
0.000000	0.250737	0.222325
0.003326	0.241888	0.220590
0.054601	0.241888	0.234239
0.096175	0.247788	0.260266
0.116685	0.247788	0.285830
0.144124	0.247788	0.275998
0.214523	0.247788	0.263158
0.357539	0.247788	0.285830
0.498060	0.247788	0.305842
0.596175	0.256637	0.307230
0.638581	0.256637	0.290804
0.655211	0.256637	0.268595
0.681541	0.256637	0.255408
0.703714	0.247788	0.270214
0.710920	0.238938	0.304453
0.684313	0.233038	0.302834
0.634146	0.224188	0.280509
0.576219	0.215339	0.264777
0.517461	0.206489	0.267438
0.466741	0.200590	0.290341
0.441519	0.191741	0.308386
0.429047	0.182891	0.315095
0.407705	0.174042	0.307577
0.375831	0.168142	0.315674
0.338692	0.176991	0.351186
0.336752	0.188790	0.365876
0.361973	0.200590	0.364719
0.386364	0.215339	0.373973
0.404102	0.230088	0.380914
0.406042	0.244838	0.376750
0.359756	0.253688	0.362175
0.300166	0.256637	0.348641
0.292683	0.256637	0.353962
0.332317	0.256637	0.368421
0.398004	0.247788	0.381608
0.418237	0.244838	0.377791
0.388858	0.238938	0.353036
0.322894	0.230088	0.308965
0.272727	0.233038	0.276345
0.257206	0.244838	0.269173
0.254712	0.259587	0.283516
0.246120	0.271387	0.307808
0.216741	0.286135	0.328051
0.178492	0.297935	0.325853
0.129157	0.312684	0.307808
0.059867	0.318584	0.291845
0.014412	0.318584	0.298438
0.012749	0.318584	0.329670
0.017738	0.318584	0.338115
0.024113	0.324484	0.331174
0.030488	0.324484	0.326547
0.028548	0.330383	0.326316
0.027993	0.342183	0.332215
0.067905	0.356932	0.343551
0.119180	0.374631	0.354425
0.151608	0.386431	0.358589
0.156596	0.401180	0.354772
0.148004	0.412980	0.344708
0.154102	0.427728	0.330943
0.186530	0.439528	0.329670
0.245843	0.454277	0.349104
0.298780	0.466077	0.377906
0.332040	0.483776	0.399884
0.337860	0.498525	0.396992
0.327328	0.510325	0.379294
0.307373	0.525073	0.356160
0.278825	0.533923	0.341122
0.252772	0.536873	0.337189
0.247228	0.522124	0.342973
0.276885	0.495575	0.349219
0.342572	0.469027	0.350145
0.375554	0.442478	0.360902
0.371674	0.415929	0.370388
0.355876	0.389381	0.350029
0.336197	0.362832	0.320879
0.319013	0.336283	0.299364
0.308758	0.312684	0.282591
0.287971	0.292035	0.264662
0.222284	0.271387	0.235512
0.136918	0.247788	0.207519
0.060421	0.224188	0.191556
0.032151	0.224188	0.189242
0.066796	0.256637	0.208329
0.154656	0.283186	0.273569
0.245843	0.318584	0.349335
0.279656	0.345133	0.387276
0.247506	0.374631	0.406478
0.172395	0.407080	0.406362
0.125554	0.439528	0.359398
0.099778	0.457227	0.316368
0.085643	0.454277	0.321805
0.115576	0.433628	0.316599
0.193736	0.398230	0.309774
0.300166	0.365781	0.381724
0.400499	0.336283	0.452516
0.461197	0.303835	0.447195
0.470066	0.271387	0.438982
0.441519	0.238938	0.444534
0.434313	0.230088	0.433430
0.430432	0.230088	0.417351
0.399667	0.230088	0.414575
0.344512	0.238938	0.409832
0.271341	0.238938	0.396761
0.206763	0.244838	0.383459
0.158814	0.247788	0.378369
0.125277	0.253688	0.395489
0.098392	0.256637	0.398959
0.070676	0.259587	0.360208
0.065133	0.265487	0.360787
0.088137	0.265487	0.415153
0.129435	0.265487	0.435628
0.179324	0.268436	0.432851
0.227827	0.274336	0.437478
0.258869	0.274336	0.436669
0.277716	0.274336	0.432042
0.355321	0.277286	0.468942
0.451774	0.283186	0.493233
0.501663	0.283186	0.428224
0.515798	0.283186	0.357432
0.503326	0.283186	0.324812
0.478936	0.292035	0.332099
0.453714	0.292035	0.349219
0.433481	0.292035	0.337999
0.368625	0.300885	0.296241
0.264412	0.327434	0.242799
0.215632	0.353982	0.243725
0.209534	0.386431	0.271718
0.213969	0.415929	0.282822
0.208426	0.442478	0.282938
0.185698	0.469027	0.274494
0.168514	0.504425	0.258415
0.148836	0.530973	0.248005
0.112251	0.557522	0.259225
0.075665	0.572272	0.270677
0.054601	0.566372	0.272874
0.078437	0.548673	0.293696
0.135532	0.522124	0.327125
0.200111	0.504425	0.355581
0.253603	0.477876	0.380335
0.287140	0.457227	0.401851
0.337029	0.433628	0.417120
0.391353	0.410029	0.429150
0.421563	0.389381	0.443609
0.425721	0.365781	0.455986
0.413248	0.345133	0.464199
0.425166	0.318584	0.475766
0.437361	0.300885	0.473222
0.409922	0.274336	0.435743
0.340355	0.253688	0.420359
0.259423	0.250737	0.446385
0.284645	0.289086	0.468479
0.359756	0.345133	0.498207
0.398004	0.398230	0.550145
0.433481	0.451327	0.560671
0.476164	0.495575	0.533372
0.521896	0.548673	0.544361
0.549058	0.601770	0.558589
0.542129	0.663717	0.544130
0.503603	0.716814	0.497050
0.430432	0.764012	0.438057
0.325111	0.796460	0.394216
0.250832	0.814159	0.372470
0.223947	0.814159	0.378947
0.207317	0.814159	0.421168
0.201497	0.814159	0.455292
0.203437	0.823009	0.447889
0.179047	0.823009	0.412377
0.127217	0.823009	0.377444
0.058758	0.823009	0.378716
0.056818	0.831858	0.405437
0.146619	0.837758	0.450087
0.266075	0.843658	0.508502
0.384701	0.849558	0.568074
0.478936	0.858407	0.612724
0.531596	0.864307	0.609832
0.529102	0.870206	0.585194
0.462583	0.876106	0.586119
0.417406	0.876106	0.588895
0.419069	0.876106	0.586466
0.410754	0.876106	0.594795
0.405765	0.876106	0.608329
0.416851	0.876106	0.620706
0.403270	0.876106	0.641527
0.367794	0.876106	0.657027
0.333980	0.876106	0.642337
0.283259	0.876106	0.616310
0.215355	0.876106	0.594795
0.184590	0.882006	0.591209
0.205931	0.884956	0.620359
0.281042	0.893805	0.694043
0.379989	0.896755	0.747484
0.478381	0.902655	0.760093
0.555709	0.908555	0.769231
0.591741	0.911504	0.765067
0.573171	0.911504	0.736726
0.544346	0.917404	0.707924
0.531596	0.911504	0.696356
0.549889	0.911504	0.721226
0.598947	0.911504	0.748641
0.666574	0.911504	0.744477
0.694013	0.905604	0.733256
0.673226	0.902655	0.723193
0.631375	0.902655	0.715558
0.571508	0.902655	0.705726
0.497783	0.902655	0.691035
0.435144	0.908555	0.677964
0.413525	0.914454	0.677501
0.479490	0.923304	0.712088
0.563747	0.929204	0.758820
0.600055	0.938053	0.791209
0.606707	0.946903	0.782765
0.598947	0.952803	0.744592
0.593958	0.955752	0.708502
0.600055	0.958702	0.690688
0.616962	0.955752	0.697050
0.629435	0.952803	0.706073
0.637749	0.946903	0.716484
0.643293	0.938053	0.728861
0.618348	0.935104	0.715327
0.564856	0.929204	0.683632
0.517184	0.920354	0.688837
0.478936	0.917404	0.711163
0.450665	0.911504	0.718681
0.449834	0.911504	0.736842
0.487251	0.911504	0.775477
0.565133	0.911504	0.818508
0.651053	0.911504	0.857606
0.703714	0.911504	0.885136
0.722007	0.911504	0.881203
0.707317	0.911504	0.846038
0.667129	0.911504	0.826952
0.615854	0.911504	0.819086
0.572894	0.902655	0.800463
0.545732	0.902655	0.784615
0.543514	0.902655	0.782071
0.596730	0.893805	0.779757
0.680155	0.893805	0.773164
0.732262	0.884956	0.760440
0.759423	0.884956	0.746327
0.769124	0.879056	0.735107
0.744457	0.876106	0.731637
0.701774	0.870206	0.737189
0.709534	0.867257	0.748757
0.752494	0.864307	0.764257
0.794900	0.858407	0.780914
0.842849	0.858407	0.795142
0.896619	0.852507	0.803355
0.944845	0.849558	0.801966
0.978936	0.846608	0.788201
0.988359	0.840708	0.760324
0.947062	0.840708	0.727935
0.850610	0.831858	0.697166
0.759701	0.831858	0.669867
0.687639	0.828909	0.651012
0.631652	0.823009	0.648236
0.593404	0.823009	0.661538
0.571231	0.823009	0.684558
0.546840	0.817109	0.682938
0.512472	0.814159	0.667091
0.463137	0.814159	0.666744
0.402993	0.814159	0.666397
0.341186	0.805310	0.657259
0.327605	0.805310	0.657837
0.363082	0.805310	0.674494
0.413803	0.805310	0.706883
0.504712	0.805310	0.766223
0.640521	0.796460	0.846501
0.712583	0.796460	0.863158
0.728381	0.796460	0.828109
0.735310	0.796460	0.788664
0.704268	0.796460	0.749104
0.625277	0.796460	0.717987
0.555987	0.796460	0.724581
0.516630	0.796460	0.746327
0.513858	0.802360	0.732794
0.522727	0.805310	0.714286
0.524667	0.805310	0.708271
0.515798	0.808259	0.710816
0.480322	0.814159	0.712435
0.405211	0.814159	0.702140
0.347284	0.820059	0.705495
0.335920	0.823009	0.729670
0.366131	0.828909	0.750723
0.460920	0.831858	0.789242
0.627217	0.840708	0.858300
0.734479	0.840708	0.862001
0.759423	0.849558	0.814344
0.739745	0.852507	0.793985
0.691796	0.858407	0.768884
0.631098	0.858407	0.725969
0.564579	0.858407	0.705379
0.514135	0.858407	0.702487
0.506652	0.858407	0.696241
0.500831	0.855458	0.689532
0.467572	0.849558	0.685020
0.401608	0.849558	0.683863
0.331763	0.849558	0.685599
0.312084	0.849558	0.688837
0.342572	0.849558	0.705957
0.414634	0.849558	0.742394
0.482539	0.849558	0.768999
0.529102	0.858407	0.780104
0.548226	0.858407	0.778600
0.536863	0.858407	0.758473
0.500277	0.858407	0.721458
0.479213	0.858407	0.705610
0.497506	0.858407	0.724581
0.578991	0.858407	0.781377
0.654933	0.858407	0.829265
0.675166	0.858407	0.833198
0.674889	0.858407	0.805321
0.651330	0.858407	0.759514
0.583703	0.858407	0.714170
0.516075	0.858407	0.696703
0.491685	0.849558	0.725043
0.551552	0.837758	0.763331
0.658537	0.825958	0.784847
0.712029	0.811210	0.759051
0.746951	0.799410	0.751648
0.793237	0.787611	0.800810
0.835643	0.772861	0.808444
0.881929	0.764012	0.781724
0.953160	0.764012	0.782649
1.000000	0.769912	0.787160
1.000000	0.769912	0.778138
0.997228	0.775812	0.759630
0.981153	0.778761	0.735685
0.926829	0.784661	0.711857
0.853936	0.793511	0.681203
0.775222	0.799410	0.640949
0.677661	0.808259	0.598612
0.570676	0.814159	0.559746
0.476718	0.823009	0.530249
0.387472	0.828909	0.519375
0.297672	0.834808	0.532099
0.226164	0.843658	0.538577
0.178492	0.849558	0.537420
0.147727	0.858407	0.553383
0.160200	0.867257	0.588086
0.247783	0.876106	0.640023
0.421563	0.884956	0.714748
0.656319	0.893805	0.801504
0.833980	0.905604	0.849508
0.942073	0.914454	0.856102
0.990299	0.923304	0.830769
0.988913	0.932153	0.806709
0.949002	0.943953	0.793638
0.889967	0.952803	0.761596
0.816519	0.964602	0.731290
0.732539	0.976401	0.733950
0.616685	0.985250	0.727126
0.465632	0.997050	0.688722
0.354213	1.000000	0.663274
0.294900	1.000000	0.663274
0.244180	0.991150	0.683516
0.251663	0.982301	0.730133
0.372506	0.976401	0.807403
0.506098	0.967551	0.859109
0.595344	0.961652	0.862464
0.625554	0.952803	0.845113
0.632206	0.946903	0.827530
0.677384	0.938053	0.834934
0.737251	0.938053	0.858647
0.787971	0.932153	0.887449
0.816796	0.929204	0.892539
0.827328	0.929204	0.877501
0.837860	0.929204	0.866744
0.836752	0.929204	0.860382
0.811253	0.920354	0.857027
0.780488	0.917404	0.861885
0.753326	0.905604	0.873106
0.728658	0.890856	0.873684
0.684867	0.879056	0.865356
0.587306	0.864307	0.854135
0.501109	0.852507	0.841643
0.472007	0.843658	0.835281
0.509146	0.828909	0.878890
0.582317	0.817109	0.947715
0.625000	0.802360	0.967958
0.640521	0.790560	0.972007
0.638304	0.781711	0.982071
0.636086	0.769912	0.972007
0.653548	0.752212	0.953499
0.714523	0.716814	0.961134
0.814579	0.666666	0.982880
0.931541	0.619469	1.000000
0.987528	0.569321	0.970272
0.981430	0.522124	0.917756
0.932372	0.469027	0.888837
0.878603	0.424779	0.851591
0.847284	0.377581	0.791787
0.812639	0.339233	0.763910
0.784645	0.309735	0.767727
0.799058	0.283186	0.765414
0.806541	0.250737	0.746559
0.763858	0.221239	0.706073
0.713415	0.191741	0.658531
0.673226	0.159292	0.613534
0.648559	0.141593	0.581261
0.650776	0.132743	0.561249
0.694568	0.132743	0.549335
0.738082	0.141593	0.530364
0.760809	0.141593	0.497976
0.788803	0.144542	0.463158
0.801829	0.150442	0.428340
0.763304	0.150442	0.395026
0.731153	0.150442	0.366917
0.738914	0.150442	0.344361
0.727827	0.147493	0.307808
0.697616	0.141593	0.263389
0.676275	0.135693	0.231463
0.641353	0.132743	0.193638
0.573448	0.123894	0.144592
0.448171	0.120944	0.130133
0.307927	0.115044	0.140891
0.244180	0.109144	0.133488
0.253603	0.103245	0.160324
0.326219	0.091445	0.259572
0.465078	0.076696	0.334991
0.619457	0.064896	0.363563
0.710089	0.056047	0.357432
0.723115	0.041298	0.312666
0.672117	0.032449	0.241296
0.607816	0.020649	0.178369
0.566796	0.011799	0.145865
0.573171	0.020649	0.157432
0.573171	0.032449	0.179410
0.572339	0.041298	0.195142
0.608370	0.050148	0.197455
0.642738	0.061947	0.171197
0.651885	0.073746	0.121226
0.629157	0.082596	0.074263
0.567628	0.091445	0.036784
0.473392	0.097345	0.013881
0.425721	0.094396	0.008097
0.422949	0.085546	0.024176
0.407982	0.070796	0.069867
0.359479	0.056047	0.091267
0.272727	0.041298	0.058415
0.189579	0.029498	0.020243
0.153270	0.020649	0.011567
0.205931	0.032449	0.061423
0.353936	0.050148	0.137999
0.522450	0.064896	0.200578
0.596452	0.076696	0.208213
0.573171	0.091445	0.157316
0.484756	0.106195	0.086524
0.381929	0.120944	0.050896
0.324834	0.123894	0.037247
0.331208	0.123894	0.049971
0.365022	0.112095	0.114286
0.446231	0.094396	0.190977
0.553492	0.076696	0.235165
0.586197	0.064896	0.205552
0.565965	0.047197	0.159051
0.516907	0.032449	0.132215
0.437084	0.014750	0.091729
0.375277	0.002950	0.054714
0.391630	0.000000	0.048236
0.433204	0.002950	0.090920
0.467018	0.011799	0.150145
0.476718	0.017699	0.113707
0.444013	0.026549	0.050318
0.360588	0.032449	0.026489
0.259701	0.035398	0.032273
0.183204	0.044248	0.054945
0.188470	0.047197	0.069983
0.261641	0.053097	0.126778
0.373337	0.058997	0.232157
0.454268	0.064896	0.255870
0.492517	0.070796	0.225911
0.492239	0.076696	0.191093
0.471452	0.079646	0.132215
0.441519	0.088496	0.071833
0.409645	0.088496	0.067322
0.419069	0.088496	0.091845
0.481984	0.079646	0.116483
0.493625	0.079646	0.123771
0.487251	0.073746	0.125043
0.503880	0.070796	0.128167
0.444013	0.067847	0.077386
0.327328	0.061947	0.009370
0.221452	0.061947	0.000000
0.117517	0.053097	0.013765
0.025222	0.053097	0.028687
0.034368	0.047197	0.059341
0.137472	0.044248	0.107924
0.273282	0.044248	0.172701
