130.40	6.10	68.48
130.17	6.09	68.43
130.01	6.07	68.44
129.92	6.06	68.49
129.88	6.05	68.55
129.88	6.03	68.61
129.91	6.02	68.65
129.95	6.01	68.65
129.99	6.00	68.60
130.02	5.98	68.47
130.03	5.97	68.21
129.94	5.96	67.65
129.82	5.94	67.01
129.68	5.93	66.33
129.52	5.92	65.65
129.34	5.91	64.98
129.13	5.89	64.57
128.91	5.88	64.23
128.70	5.87	63.94
128.50	5.85	63.68
128.32	5.84	63.45
128.20	5.83	63.16
128.13	5.82	62.84
128.09	5.82	62.55
128.10	5.81	62.29
128.14	5.81	62.09
128.25	5.81	62.04
128.42	5.81	62.15
128.61	5.81	62.28
128.82	5.81	62.39
129.02	5.81	62.46
129.19	5.81	62.33
129.31	5.82	62.02
129.42	5.82	61.64
129.52	5.82	61.22
129.61	5.82	60.76
129.72	5.82	60.32
129.84	5.82	59.91
129.94	5.82	59.49
130.01	5.82	59.09
130.05	5.83	58.69
129.99	5.83	58.31
129.82	5.83	57.94
129.62	5.83	57.60
129.42	5.83	57.27
129.23	5.83	56.95
129.11	5.83	56.65
129.15	5.83	56.39
129.23	5.83	56.13
129.31	5.83	55.88
129.37	5.83	55.63
129.38	5.83	55.38
129.24	5.83	55.10
129.06	5.82	54.81
128.88	5.82	54.52
128.70	5.82	54.22
128.59	5.82	53.93
128.58	5.82	53.63
128.57	5.81	53.33
128.55	5.81	53.02
128.50	5.81	52.69
128.36	5.81	52.32
128.10	5.81	51.88
127.79	5.81	51.45
127.43	5.80	51.04
127.03	5.80	50.67
126.55	5.80	50.38
125.98	5.80	50.24
125.39	5.80	50.15
124.82	5.79	50.10
124.30	5.79	50.09
123.84	5.79	50.11
123.58	5.79	49.99
123.42	5.79	49.92
123.33	5.78	49.92
123.33	5.78	50.01
123.41	5.78	50.21
123.55	5.77	50.74
123.77	5.77	51.39
124.06	5.77	52.12
124.43	5.76	52.91
124.92	5.76	53.74
125.57	5.75	54.62
126.27	5.75	55.45
126.96	5.74	56.19
127.62	5.74	56.80
128.14	5.73	57.09
128.50	5.73	57.09
128.77	5.72	56.92
128.96	5.72	56.60
129.07	5.71	56.17
129.07	5.71	55.58
128.99	5.71	54.90
128.85	5.70	54.20
128.66	5.70	53.52
128.44	5.69	52.90
128.17	5.69	52.63
127.89	5.68	52.48
127.61	5.68	52.39
127.36	5.67	52.32
127.16	5.67	52.23
127.12	5.67	51.84
127.15	5.68	51.42
127.20	5.68	51.02
127.27	5.68	50.70
127.33	5.69	50.52
127.29	5.69	50.77
127.25	5.70	51.11
127.23	5.70	51.48
127.23	5.70	51.84
127.31	5.71	52.05
127.48	5.71	52.09
127.67	5.71	52.03
127.86	5.72	51.90
128.04	5.72	51.68
128.16	5.73	51.33
128.25	5.73	50.90
128.31	5.73	50.43
128.32	5.74	49.94
128.28	5.74	49.46
128.16	5.75	49.07
128.00	5.75	48.70
127.80	5.75	48.34
127.57	5.76	48.00
127.30	5.76	47.65
126.97	5.76	47.25
126.63	5.77	46.88
126.30	5.77	46.56
125.98	5.77	46.32
125.72	5.77	46.17
125.59	5.77	46.25
125.50	5.77	46.43
125.44	5.76	46.67
125.39	5.76	46.96
125.36	5.75	47.29
125.34	5.75	47.63
125.30	5.74	47.97
125.23	5.74	48.29
125.13	5.73	48.59
124.94	5.73	48.83
124.61	5.72	49.00
124.25	5.71	49.09
123.87	5.71	49.11
123.49	5.70	49.03
123.13	5.70	48.72
122.80	5.69	48.16
122.52	5.69	47.58
122.31	5.68	47.07
122.19	5.68	46.67
122.20	5.68	46.68
122.34	5.69	47.00
122.58	5.69	47.48
122.94	5.70	48.09
123.44	5.71	48.81
124.21	5.71	49.70
125.03	5.72	50.59
125.85	5.72	51.40
126.59	5.73	52.08
127.04	5.73	52.30
127.32	5.74	52.26
127.47	5.74	52.04
127.52	5.75	51.68
127.48	5.75	51.19
127.36	5.76	50.60
127.16	5.76	49.97
126.90	5.77	49.33
126.58	5.78	48.72
126.18	5.78	48.25
125.72	5.79	47.92
125.27	5.79	47.69
124.84	5.80	47.55
124.47	5.80	47.51
124.29	5.80	47.66
124.22	5.80	47.92
124.21	5.80	48.26
124.27	5.80	48.67
124.37	5.80	49.12
124.46	5.79	49.62
124.60	5.79	50.13
124.80	5.78	50.62
125.04	5.78	51.08
125.43	5.77	51.48
125.90	5.76	51.80
126.38	5.76	52.03
126.83	5.75	52.16
127.20	5.75	52.14
127.36	5.74	51.85
127.44	5.73	51.47
127.45	5.73	51.05
127.40	5.72	50.63
127.31	5.72	50.41
127.18	5.71	50.38
127.01	5.70	50.37
126.80	5.70	50.34
126.55	5.69	50.25
126.23	5.69	49.84
125.86	5.68	49.18
125.50	5.67	48.51
125.18	5.67	47.89
124.91	5.66	47.39
124.81	5.66	47.33
124.86	5.66	47.64
124.97	5.66	48.07
125.13	5.66	48.56
125.32	5.66	49.06
125.51	5.66	49.39
125.70	5.67	49.61
125.88	5.67	49.76
126.04	5.67	49.83
126.15	5.67	49.80
126.19	5.68	49.58
126.17	5.68	49.28
126.10	5.68	48.93
125.98	5.68	48.54
125.81	5.69	48.14
125.54	5.69	47.80
125.24	5.69	47.46
124.90	5.69	47.16
124.54	5.70	46.89
124.17	5.70	46.66
123.77	5.70	46.53
123.38	5.70	46.45
123.03	5.71	46.42
122.74	5.71	46.44
122.54	5.71	46.50
122.52	5.71	46.52
122.59	5.71	46.61
122.73	5.71	46.81
122.95	5.72	47.12
123.26	5.72	47.69
123.67	5.72	48.60
124.11	5.72	49.57
124.56	5.72	50.53
125.00	5.73	51.40
125.34	5.73	51.86
125.63	5.73	52.09
125.88	5.73	52.20
126.08	5.74	52.19
126.24	5.74	52.11
126.33	5.74	52.06
126.39	5.74	51.96
126.40	5.74	51.78
126.37	5.75	51.54
126.32	5.75	51.20
126.21	5.75	50.64
126.08	5.75	50.02
125.94	5.75	49.41
125.79	5.76	48.82
125.63	5.76	48.32
125.45	5.76	48.04
125.29	5.76	47.87
125.17	5.76	47.79
125.11	5.76	47.82
125.16	5.76	47.99
125.41	5.76	48.36
125.69	5.75	48.78
125.99	5.75	49.22
126.25	5.75	49.65
126.35	5.75	49.95
126.32	5.75	50.12
126.26	5.75	50.26
126.18	5.75	50.36
126.13	5.74	50.46
126.25	5.74	50.71
126.36	5.74	50.91
126.45	5.74	51.02
126.49	5.74	50.98
126.37	5.74	50.58
126.06	5.74	49.72
125.66	5.73	48.76
125.21	5.73	47.78
124.72	5.73	46.85
124.23	5.73	46.30
123.76	5.73	46.20
123.29	5.73	46.23
122.83	5.73	46.35
122.38	5.72	46.51
121.94	5.72	46.61
121.48	5.72	46.45
121.07	5.72	46.31
120.75	5.72	46.22
120.51	5.72	46.20
120.43	5.72	46.31
120.61	5.71	46.70
120.91	5.71	47.20
121.30	5.71	47.79
121.76	5.71	48.46
122.28	5.71	49.23
122.82	5.71	50.10
123.38	5.71	50.95
123.94	5.70	51.72
124.49	5.70	52.37
124.96	5.70	52.62
125.39	5.70	52.70
125.79	5.70	52.64
126.18	5.70	52.48
126.54	5.70	52.24
126.89	5.70	51.97
127.22	5.69	51.62
127.55	5.69	51.23
127.86	5.69	50.80
128.18	5.69	50.28
128.50	5.69	49.73
128.79	5.69	49.20
129.07	5.69	48.71
129.31	5.69	48.28
129.48	5.69	48.08
129.61	5.68	47.96
129.72	5.68	47.91
129.81	5.68	47.92
129.92	5.68	47.96
130.08	5.67	48.02
130.21	5.67	48.10
130.30	5.66	48.20
130.35	5.65	48.30
130.26	5.65	48.46
130.07	5.64	48.64
129.83	5.63	48.77
129.54	5.63	48.83
129.22	5.62	48.80
128.89	5.61	48.43
128.54	5.60	47.87
128.19	5.60	47.26
127.85	5.59	46.65
127.52	5.58	46.09
127.21	5.58	45.79
126.92	5.58	45.65
126.68	5.58	45.59
126.50	5.58	45.61
126.38	5.58	45.70
126.46	5.59	45.82
126.59	5.59	46.01
126.76	5.60	46.24
126.93	5.60	46.53
127.05	5.61	46.91
127.08	5.61	47.39
127.08	5.61	47.88
127.07	5.62	48.33
127.04	5.62	48.71
127.05	5.63	48.84
127.05	5.63	48.84
127.03	5.64	48.75
126.98	5.64	48.57
126.89	5.65	48.34
126.69	5.65	48.05
126.46	5.66	47.73
126.19	5.66	47.37
125.90	5.66	47.00
125.60	5.67	46.62
125.30	5.67	46.22
124.99	5.68	45.85
124.69	5.68	45.51
124.39	5.69	45.23
124.11	5.69	45.03
123.86	5.69	45.06
123.63	5.69	45.20
123.42	5.70	45.39
123.23	5.70	45.62
123.06	5.70	45.86
122.87	5.69	46.04
122.69	5.69	46.18
122.55	5.69	46.31
122.47	5.68	46.44
122.46	5.67	46.55
122.66	5.67	46.69
122.95	5.66	46.82
123.29	5.65	46.93
123.64	5.65	47.02
123.98	5.64	47.08
124.16	5.63	47.01
124.28	5.63	46.90
124.37	5.62	46.77
124.46	5.61	46.65
124.55	5.60	46.56
124.69	5.60	46.59
124.87	5.59	46.68
125.07	5.58	46.81
125.30	5.57	46.96
125.55	5.57	47.12
125.83	5.57	47.24
126.14	5.57	47.36
126.47	5.57	47.48
126.84	5.58	47.63
127.24	5.58	47.81
127.75	5.59	48.09
128.25	5.59	48.37
128.72	5.60	48.62
129.12	5.60	48.81
129.31	5.61	48.84
129.34	5.61	48.73
129.31	5.62	48.55
129.22	5.62	48.31
129.11	5.62	48.01
129.08	5.63	47.63
129.07	5.63	47.23
129.06	5.64	46.83
129.04	5.64	46.44
129.02	5.65	46.08
128.96	5.65	45.83
128.89	5.66	45.66
128.82	5.66	45.56
128.74	5.66	45.54
128.67	5.67	45.62
128.65	5.67	45.97
128.64	5.68	46.44
128.62	5.68	46.92
128.59	5.69	47.36
128.53	5.69	47.71
128.38	5.70	47.59
128.18	5.70	47.28
127.96	5.71	46.90
127.73	5.71	46.49
127.48	5.72	46.10
127.24	5.72	46.02
127.01	5.72	46.03
126.79	5.73	46.10
126.58	5.73	46.19
126.40	5.74	46.30
126.28	5.74	46.32
126.21	5.75	46.29
126.16	5.75	46.27
126.13	5.76	46.27
126.12	5.76	46.28
126.09	5.76	46.33
126.04	5.77	46.41
126.01	5.77	46.56
126.01	5.76	46.78
126.05	5.75	47.08
126.17	5.73	47.60
126.38	5.69	48.31
126.63	5.65	49.05
126.93	5.60	49.77
127.27	5.56	50.43
127.70	5.51	50.74
128.15	5.47	50.94
128.61	5.43	51.07
129.05	5.38	51.17
129.45	5.34	51.29
129.73	5.29	51.57
129.98	5.24	51.84
130.21	5.19	52.07
130.41	5.16	52.26
130.64	5.14	52.33
130.91	5.16	52.24
131.17	5.18	52.09
131.38	5.20	51.91
131.55	5.24	51.72
131.60	5.27	51.61
131.55	5.30	51.56
131.46	5.33	51.51
131.35	5.37	51.44
131.23	5.40	51.33
131.24	5.43	51.11
131.24	5.46	50.86
131.22	5.49	50.58
131.16	5.52	50.28
131.04	5.55	49.96
130.76	5.58	49.64
130.43	5.61	49.31
130.07	5.64	49.00
129.69	5.67	48.69
129.32	5.70	48.41
129.03	5.71	48.13
128.75	5.72	47.89
128.48	5.73	47.70
128.21	5.74	47.56
127.95	5.74	47.49
127.65	5.74	47.56
127.37	5.73	47.71
127.11	5.72	47.91
126.88	5.71	48.16
126.73	5.70	48.46
126.70	5.69	48.81
126.70	5.68	49.19
126.72	5.67	49.58
126.75	5.66	49.96
126.72	5.65	50.31
126.57	5.63	50.59
126.42	5.62	50.86
126.29	5.61	51.10
126.20	5.60	51.34
126.19	5.59	51.56
126.32	5.58	51.75
126.50	5.57	51.95
126.70	5.57	52.17
126.92	5.57	52.44
127.15	5.57	52.87
127.36	5.58	53.43
127.56	5.60	53.98
127.72	5.61	54.47
127.85	5.63	54.86
127.83	5.64	54.80
127.77	5.65	54.63
127.68	5.67	54.38
127.59	5.68	54.09
127.52	5.69	53.85
127.56	5.70	53.83
127.59	5.71	53.83
127.61	5.73	53.82
127.58	5.74	53.78
127.46	5.75	53.68
127.14	5.76	53.43
126.79	5.77	53.13
126.44	5.79	52.81
126.11	5.80	52.49
125.95	5.81	52.20
125.94	5.82	51.96
125.96	5.84	51.72
125.97	5.85	51.48
125.94	5.86	51.24
125.69	5.87	50.90
125.34	5.88	50.56
124.98	5.89	50.24
124.62	5.90	49.96
124.31	5.90	49.74
124.13	5.90	49.66
124.02	5.90	49.67
124.00	5.90	49.77
124.08	5.90	49.96
124.35	5.90	50.34
124.86	5.89	50.92
125.42	5.89	51.54
125.98	5.89	52.17
126.48	5.89	52.75
126.72	5.88	53.10
126.69	5.88	53.22
126.57	5.88	53.26
126.41	5.87	53.27
126.23	5.87	53.26
126.12	5.87	53.32
126.08	5.86	53.44
126.08	5.86	53.60
126.11	5.86	53.79
126.19	5.85	54.04
126.39	5.85	54.47
126.65	5.85	54.95
126.91	5.84	55.41
127.16	5.84	55.81
127.37	5.84	56.06
127.44	5.84	55.96
127.46	5.83	55.75
127.44	5.83	55.45
127.39	5.83	55.11
127.30	5.82	54.75
127.19	5.82	54.49
127.06	5.82	54.24
126.92	5.81	53.99
126.77	5.81	53.75
126.62	5.81	53.54
126.50	5.80	53.37
126.38	5.80	53.21
126.26	5.80	53.06
126.14	5.80	52.91
126.01	5.79	52.76
125.88	5.79	52.58
125.74	5.79	52.39
125.59	5.78	52.20
125.42	5.78	52.02
125.24	5.78	51.84
124.98	5.77	51.67
124.71	5.77	51.52
124.46	5.77	51.37
124.22	5.77	51.25
124.03	5.77	51.13
123.94	5.77	51.05
123.92	5.77	50.98
123.93	5.78	50.93
123.99	5.78	50.90
124.08	5.79	50.87
124.20	5.79	50.83
124.34	5.80	50.81
124.50	5.80	50.80
124.69	5.81	50.83
124.90	5.81	50.90
125.14	5.81	51.07
125.40	5.82	51.28
125.67	5.82	51.53
125.94	5.82	51.82
126.20	5.82	52.12
126.44	5.82	52.52
126.67	5.82	52.92
126.89	5.82	53.29
127.11	5.82	53.60
127.33	5.82	53.80
127.58	5.82	53.73
127.82	5.82	53.56
128.04	5.81	53.31
128.23	5.81	53.00
128.39	5.81	52.65
128.48	5.81	52.25
128.53	5.80	51.86
128.54	5.80	51.51
128.51	5.80	51.23
128.43	5.80	51.09
128.25	5.79	51.31
128.05	5.79	51.61
127.84	5.79	51.95
127.65	5.78	52.29
127.51	5.78	52.54
127.50	5.77	52.46
127.53	5.76	52.35
127.58	5.74	52.27
127.64	5.73	52.26
127.70	5.72	52.51
127.74	5.71	53.30
127.76	5.70	54.14
127.75	5.68	54.96
127.70	5.67	55.65
127.59	5.66	56.08
127.31	5.66	55.64
127.00	5.65	55.01
126.68	5.64	54.30
126.35	5.64	53.58
126.08	5.64	53.02
125.93	5.64	52.97
125.81	5.65	53.01
125.71	5.66	53.11
125.61	5.67	53.24
125.50	5.68	53.31
125.36	5.68	53.22
125.21	5.69	53.10
125.04	5.70	52.98
124.86	5.70	52.86
124.64	5.71	52.75
124.31	5.71	52.69
124.00	5.71	52.66
123.74	5.71	52.66
123.55	5.71	52.71
123.55	5.71	52.82
123.83	5.71	53.02
124.20	5.71	53.27
124.62	5.71	53.56
125.08	5.71	53.87
125.49	5.71	54.20
125.82	5.71	54.55
126.12	5.71	54.89
126.37	5.71	55.23
126.58	5.71	55.54
126.65	5.71	55.80
126.60	5.71	56.00
126.54	5.71	56.17
126.49	5.71	56.31
126.49	5.71	56.41
126.74	5.71	56.49
127.15	5.71	56.54
127.58	5.71	56.56
128.00	5.72	56.55
128.37	5.72	56.50
128.49	5.72	56.42
128.53	5.72	56.31
128.49	5.73	56.14
128.38	5.73	55.93
128.23	5.73	55.66
128.01	5.73	55.21
127.77	5.73	54.74
127.50	5.74	54.25
127.23	5.74	53.78
126.97	5.74	53.35
126.77	5.74	53.18
126.59	5.74	53.07
126.43	5.75	52.96
126.29	5.75	52.85
126.17	5.75	52.69
126.10	5.75	52.25
126.03	5.75	51.76
125.97	5.75	51.26
125.90	5.76	50.79
125.82	5.76	50.37
125.62	5.76	50.17
125.40	5.76	50.07
125.19	5.76	50.06
125.00	5.76	50.14
124.86	5.76	50.30
124.88	5.77	50.59
125.01	5.77	50.96
125.20	5.77	51.40
125.41	5.76	51.87
125.65	5.76	52.36
125.85	5.76	52.84
126.02	5.76	53.30
126.18	5.75	53.74
126.34	5.75	54.15
126.49	5.74	54.52
126.66	5.74	54.79
126.82	5.73	55.00
126.98	5.73	55.16
127.12	5.72	55.27
127.24	5.72	55.34
127.30	5.71	55.37
127.31	5.71	55.34
127.31	5.71	55.31
127.34	5.71	55.28
127.39	5.71	55.26
127.55	5.72	55.33
127.81	5.73	55.49
128.11	5.74	55.64
128.43	5.76	55.79
128.77	5.77	55.90
129.12	5.79	55.91
129.47	5.80	55.85
129.80	5.81	55.74
130.09	5.83	55.59
130.32	5.84	55.40
130.43	5.85	55.16
130.44	5.86	54.89
130.39	5.87	54.61
130.29	5.88	54.33
130.14	5.89	54.07
129.94	5.90	53.93
129.69	5.90	53.88
129.43	5.90	53.81
129.16	5.89	53.71
128.90	5.89	53.55
128.74	5.88	53.14
128.62	5.87	52.57
128.51	5.86	51.97
128.39	5.85	51.35
128.23	5.84	50.77
127.95	5.83	50.33
127.58	5.83	50.02
127.19	5.82	49.79
126.80	5.81	49.64
126.42	5.80	49.57
126.09	5.79	49.60
125.84	5.78	49.76
125.63	5.77	49.98
125.47	5.77	50.26
125.37	5.76	50.60
125.33	5.76	50.97
125.39	5.76	51.34
125.50	5.76	51.74
125.66	5.76	52.16
125.86	5.77	52.61
126.10	5.77	53.08
126.38	5.77	53.63
126.68	5.78	54.18
126.98	5.78	54.69
127.27	5.78	55.16
127.53	5.78	55.54
127.67	5.78	55.68
127.79	5.79	55.76
127.91	5.79	55.80
128.05	5.79	55.83
128.22	5.79	55.89
128.46	5.79	56.06
128.74	5.79	56.25
129.05	5.78	56.46
129.40	5.78	56.70
129.83	5.78	56.98
130.34	5.77	57.29
130.84	5.77	57.60
131.30	5.77	57.86
131.69	5.76	58.08
131.84	5.76	58.14
131.79	5.76	58.06
131.69	5.75	57.94
131.55	5.75	57.79
131.43	5.75	57.63
131.47	5.74	57.58
131.60	5.74	57.57
131.74	5.74	57.56
131.88	5.73	57.52
132.01	5.73	57.45
132.06	5.73	57.25
132.08	5.72	57.00
132.04	5.72	56.72
131.95	5.72	56.40
131.78	5.71	56.05
131.46	5.71	55.68
131.10	5.71	55.28
130.72	5.70	54.88
130.33	5.70	54.47
129.97	5.70	54.06
129.69	5.69	53.66
129.44	5.69	53.27
129.21	5.69	52.91
129.02	5.68	52.58
128.91	5.68	52.33
128.85	5.68	52.16
128.80	5.68	52.01
128.74	5.67	51.87
128.64	5.67	51.73
128.35	5.67	51.46
127.97	5.67	51.15
127.58	5.67	50.85
127.22	5.66	50.59
126.92	5.66	50.39
126.84	5.66	50.36
126.89	5.66	50.44
127.01	5.65	50.59
127.18	5.65	50.79
127.38	5.65	51.05
127.62	5.65	51.38
127.86	5.65	51.73
128.10	5.64	52.08
128.30	5.64	52.40
128.44	5.64	52.65
128.47	5.64	52.76
128.44	5.64	52.82
128.38	5.64	52.84
128.29	5.64	52.82
128.18	5.63	52.79
128.07	5.63	52.75
127.93	5.63	52.68
127.77	5.63	52.60
127.60	5.63	52.50
127.42	5.63	52.39
127.22	5.63	52.27
127.01	5.63	52.14
126.80	5.62	52.00
126.58	5.62	51.86
126.40	5.62	51.75
126.22	5.62	51.66
126.04	5.62	51.55
125.84	5.62	51.43
125.62	5.62	51.27
125.30	5.61	51.01
124.92	5.61	50.68
124.53	5.61	50.35
124.16	5.61	50.01
123.81	5.61	49.70
123.57	5.61	49.46
123.42	5.61	49.27
123.30	5.61	49.15
123.22	5.60	49.08
123.16	5.60	49.09
123.10	5.60	49.24
123.05	5.60	49.49
123.01	5.60	49.79
123.00	5.59	50.11
122.99	5.59	50.43
123.02	5.59	50.67
123.07	5.59	50.87
123.13	5.59	51.05
123.19	5.58	51.21
123.26	5.58	51.36
123.32	5.58	51.51
123.37	5.58	51.66
123.42	5.58	51.80
123.47	5.58	51.93
123.53	5.58	52.04
123.61	5.58	52.15
123.71	5.59	52.24
123.80	5.59	52.30
123.88	5.59	52.33
123.94	5.59	52.30
123.95	5.59	52.14
123.91	5.59	51.88
123.85	5.59	51.60
123.78	5.60	51.32
123.69	5.60	51.07
123.60	5.60	50.93
123.50	5.60	50.93
123.41	5.60	50.99
123.33	5.60	51.08
123.27	5.60	51.20
123.26	5.60	51.33
123.30	5.60	51.46
123.37	5.61	51.58
123.45	5.61	51.71
123.55	5.61	51.81
123.66	5.61	51.89
123.80	5.61	51.91
123.92	5.61	51.91
124.02	5.61	51.88
124.08	5.61	51.82
124.07	5.62	51.71
123.88	5.62	51.49
123.66	5.62	51.26
123.42	5.62	51.05
123.20	5.62	50.89
123.01	5.62	50.80
122.95	5.61	51.00
122.94	5.61	51.28
123.00	5.60	51.60
123.11	5.59	51.95
123.30	5.58	52.30
123.66	5.57	52.53
124.08	5.56	52.74
124.51	5.55	52.91
124.94	5.54	53.06
125.34	5.53	53.17
125.52	5.52	53.19
125.63	5.51	53.17
125.73	5.51	53.14
125.83	5.51	53.10
125.96	5.51	53.08
126.29	5.52	53.15
126.69	5.54	53.25
127.10	5.56	53.36
127.51	5.59	53.45
127.89	5.61	53.52
128.14	5.63	53.50
128.33	5.65	53.45
128.47	5.67	53.37
128.56	5.69	53.27
128.61	5.71	53.15
128.59	5.73	52.98
128.52	5.74	52.80
128.44	5.75	52.63
128.33	5.77	52.46
128.22	5.78	52.32
128.14	5.78	52.27
128.08	5.79	52.26
128.01	5.79	52.27
127.94	5.80	52.29
127.87	5.80	52.29
127.79	5.81	52.24
127.70	5.81	52.16
127.60	5.82	52.06
127.48	5.82	51.95
127.33	5.83	51.83
127.11	5.83	51.69
126.86	5.84	51.54
126.60	5.84	51.40
126.34	5.84	51.28
126.11	5.85	51.18
125.94	5.85	51.16
125.84	5.85	51.20
125.77	5.85	51.27
125.73	5.85	51.35
125.74	5.85	51.45
125.81	5.84	51.53
125.94	5.84	51.61
126.08	5.84	51.67
126.21	5.84	51.72
126.33	5.84	51.74
126.36	5.83	51.69
126.31	5.83	51.57
126.23	5.83	51.44
126.15	5.83	51.33
126.08	5.83	51.23
126.05	5.82	51.23
126.07	5.82	51.35
126.11	5.82	51.50
126.19	5.82	51.65
126.30	5.82	51.80
126.47	5.81	51.87
126.69	5.81	51.87
126.92	5.81	51.86
127.16	5.81	51.86
127.39	5.81	51.87
127.59	5.81	51.98
127.76	5.81	52.15
127.89	5.81	52.31
127.98	5.80	52.45
128.04	5.80	52.56
127.97	5.80	52.50
127.83	5.80	52.35
127.68	5.80	52.19
127.54	5.80	52.03
127.43	5.80	51.91
127.50	5.80	51.95
127.62	5.79	52.05
127.77	5.79	52.19
127.94	5.79	52.34
128.08	5.79	52.48
128.17	5.78	52.58
128.23	5.78	52.67
128.27	5.78	52.74
128.29	5.77	52.79
128.27	5.77	52.79
128.20	5.76	52.74
128.11	5.76	52.67
128.03	5.76	52.59
127.96	5.75	52.51
127.92	5.75	52.43
127.93	5.75	52.36
127.98	5.74	52.31
128.04	5.74	52.30
128.12	5.74	52.34
128.20	5.74	52.47
128.29	5.74	52.70
128.40	5.74	52.97
128.54	5.74	53.28
128.71	5.74	53.61
129.00	5.74	53.99
129.33	5.74	54.38
129.67	5.74	54.74
129.98	5.74	55.04
130.25	5.73	55.25
130.32	5.73	55.15
130.29	5.73	54.91
130.24	5.73	54.63
130.20	5.73	54.37
130.21	5.73	54.18
130.42	5.73	54.35
130.68	5.73	54.59
130.97	5.73	54.86
131.25	5.73	55.13
131.49	5.73	55.31
131.66	5.73	55.37
131.80	5.73	55.37
131.92	5.73	55.34
132.02	5.73	55.26
132.13	5.72	55.14
132.23	5.72	54.98
132.30	5.72	54.80
132.33	5.72	54.61
132.30	5.72	54.40
132.14	5.72	54.11
131.88	5.73	53.79
131.59	5.74	53.52
131.27	5.74	53.35
130.95	5.75	53.30
130.73	5.77	53.72
130.56	5.78	54.44
130.40	5.80	55.19
130.22	5.81	55.88
130.01	5.83	56.42
129.67	5.84	56.24
129.28	5.86	55.75
128.86	5.87	55.12
128.42	5.89	54.40
127.98	5.90	53.67
127.56	5.92	53.18
127.15	5.93	52.78
126.77	5.95	52.45
126.44	5.96	52.21
126.15	5.97	52.06
125.99	5.98	52.12
125.90	5.98	52.29
125.86	5.98	52.54
125.87	5.98	52.83
125.92	5.97	53.15
126.02	5.97	53.41
126.14	5.97	53.64
126.28	5.96	53.88
126.41	5.96	54.11
126.55	5.95	54.34
126.60	5.95	54.57
126.63	5.95	54.80
126.66	5.94	55.02
126.68	5.94	55.24
126.71	5.93	55.46
126.73	5.93	55.65
126.77	5.92	55.84
126.84	5.92	56.03
126.95	5.92	56.23
127.13	5.91	56.45
127.44	5.91	56.76
127.83	5.90	57.10
128.27	5.90	57.43
128.74	5.90	57.74
129.24	5.89	58.01
129.74	5.89	58.18
130.24	5.89	58.29
130.72	5.88	58.33
131.17	5.88	58.29
131.57	5.88	58.16
131.90	5.87	57.89
132.16	5.87	57.55
132.37	5.86	57.15
132.50	5.86	56.70
132.53	5.86	56.22
132.42	5.85	55.69
132.25	5.85	55.16
132.05	5.85	54.66
131.81	5.84	54.20
131.60	5.84	53.87
131.43	5.84	53.71
131.26	5.84	53.61
131.08	5.84	53.56
130.89	5.84	53.53
130.70	5.84	53.48
130.48	5.84	53.40
130.26	5.84	53.31
130.01	5.84	53.24
129.75	5.84	53.17
129.46	5.84	53.10
129.09	5.84	53.01
128.72	5.84	52.95
128.36	5.84	52.91
128.02	5.84	52.91
127.73	5.84	52.95
127.56	5.84	53.13
127.44	5.84	53.35
127.37	5.84	53.61
127.33	5.84	53.89
127.32	5.85	54.19
127.31	5.85	54.44
127.32	5.85	54.70
127.36	5.85	54.95
127.42	5.85	55.20
127.51	5.85	55.44
127.59	5.85	55.63
127.71	5.85	55.82
127.85	5.86	56.01
128.04	5.86	56.20
128.26	5.86	56.42
128.61	5.86	56.73
129.00	5.86	57.07
129.41	5.86	57.40
129.82	5.86	57.70
130.23	5.86	57.95
130.55	5.86	58.05
130.84	5.87	58.08
131.10	5.87	58.05
131.34	5.87	57.98
131.56	5.87	57.85
131.80	5.87	57.70
131.99	5.87	57.51
132.12	5.87	57.29
132.17	5.87	57.03
132.08	5.87	56.73
131.73	5.88	56.37
131.31	5.88	55.99
130.85	5.88	55.62
130.39	5.88	55.26
130.02	5.87	54.95
129.86	5.85	54.72
129.73	5.83	54.53
129.63	5.80	54.36
129.53	5.77	54.22
129.40	5.73	54.09
129.17	5.70	53.97
128.92	5.66	53.86
128.65	5.62	53.78
128.37	5.58	53.72
128.07	5.54	53.69
127.75	5.50	53.69
127.43	5.46	53.72
127.12	5.42	53.77
126.83	5.39	53.86
126.57	5.35	53.97
126.41	5.31	54.16
126.30	5.27	54.39
126.22	5.23	54.61
126.16	5.19	54.84
126.10	5.15	55.05
126.01	5.10	55.17
125.91	5.05	55.24
125.80	5.00	55.29
125.70	4.97	55.31
125.61	4.94	55.31
125.54	4.95	55.31
125.50	5.00	55.31
125.46	5.07	55.30
125.41	5.14	55.29
125.35	5.23	55.26
125.23	5.32	55.21
125.05	5.40	55.13
124.85	5.48	55.06
124.66	5.57	55.01
124.47	5.66	54.99
124.33	5.74	55.01
124.28	5.83	55.17
124.26	5.92	55.37
124.27	6.00	55.59
124.30	6.07	55.81
124.36	6.13	56.03
124.39	6.17	56.14
124.42	6.19	56.20
124.49	6.20	56.27
124.62	6.20	56.38
124.83	6.20	56.53
125.20	6.20	56.86
125.71	6.19	57.31
126.27	6.19	57.80
126.86	6.18	58.31
127.44	6.17	58.81
127.96	6.16	59.25
128.43	6.15	59.63
128.85	6.14	59.95
129.21	6.13	60.20
129.49	6.12	60.34
129.58	6.11	60.30
129.56	6.10	60.13
129.48	6.09	59.85
129.37	6.08	59.49
129.25	6.08	59.06
129.18	6.07	58.50
129.17	6.06	57.86
129.17	6.05	57.21
129.20	6.04	56.60
129.26	6.03	56.04
129.39	6.02	55.75
129.57	6.01	55.65
129.76	5.99	55.61
129.95	5.98	55.58
130.12	5.97	55.56
130.22	5.95	55.34
130.27	5.94	55.06
130.29	5.93	54.74
130.28	5.91	54.41
130.24	5.90	54.08
130.15	5.89	53.78
130.03	5.87	53.51
129.88	5.86	53.25
129.72	5.85	53.02
129.54	5.83	52.82
129.37	5.82	52.68
129.21	5.81	52.59
129.05	5.80	52.53
128.87	5.79	52.49
128.69	5.78	52.45
128.51	5.77	52.41
128.33	5.77	52.34
128.13	5.76	52.27
127.90	5.76	52.20
127.65	5.76	52.15
127.35	5.76	52.10
126.92	5.76	52.09
126.45	5.76	52.09
125.96	5.75	52.10
125.47	5.75	52.14
125.00	5.75	52.20
124.58	5.75	52.26
124.23	5.75	52.34
123.94	5.75	52.44
123.69	5.75	52.58
123.51	5.75	52.76
123.40	5.75	52.99
123.46	5.76	53.38
123.57	5.76	53.81
123.72	5.76	54.25
123.87	5.76	54.71
124.02	5.76	55.15
124.04	5.76	55.47
123.97	5.77	55.72
123.90	5.77	55.95
123.84	5.77	56.19
123.81	5.77	56.44
123.87	5.77	56.75
124.08	5.77	57.17
124.32	5.78	57.61
124.59	5.78	58.05
124.87	5.78	58.48
125.14	5.78	58.88
125.31	5.78	59.21
125.47	5.78	59.51
125.63	5.79	59.77
125.81	5.79	59.98
125.99	5.79	60.16
126.23	5.79	60.26
126.50	5.79	60.31
126.79	5.79	60.32
127.09	5.80	60.30
127.42	5.80	60.24
127.79	5.80	60.19
128.18	5.80	60.13
128.57	5.80	60.02
128.93	5.80	59.87
129.25	5.81	59.66
129.48	5.81	59.35
129.61	5.81	58.93
129.69	5.81	58.47
129.72	5.81	57.97
129.70	5.82	57.43
129.64	5.82	56.88
129.54	5.82	56.31
129.40	5.82	55.75
129.21	5.82	55.20
128.97	5.83	54.69
128.66	5.83	54.23
128.21	5.83	53.88
127.74	5.83	53.58
127.28	5.83	53.32
126.84	5.83	53.09
126.46	5.83	52.91
126.35	5.82	52.75
126.31	5.81	52.62
126.30	5.81	52.51
126.32	5.80	52.42
126.33	5.79	52.35
126.25	5.78	52.32
126.13	5.77	52.30
125.99	5.76	52.27
125.83	5.75	52.22
125.64	5.74	52.15
125.37	5.73	51.90
125.04	5.72	51.56
124.74	5.71	51.23
124.49	5.70	50.97
124.31	5.69	50.81
124.33	5.69	50.97
124.57	5.68	51.49
124.88	5.68	52.08
125.23	5.67	52.70
125.59	5.67	53.29
125.85	5.66	53.62
126.02	5.66	53.70
126.16	5.66	53.70
126.28	5.66	53.63
126.38	5.65	53.52
126.43	5.65	53.37
126.44	5.65	53.22
126.47	5.64	53.09
126.53	5.64	53.00
126.66	5.64	52.96
126.91	5.64	53.08
127.35	5.64	53.43
127.87	5.65	53.84
128.45	5.65	54.27
129.09	5.66	54.70
129.79	5.66	55.05
130.55	5.67	55.30
131.30	5.68	55.47
132.02	5.68	55.57
132.66	5.69	55.59
133.13	5.69	55.46
133.42	5.70	55.20
133.63	5.71	54.86
133.75	5.71	54.47
133.81	5.72	54.04
133.83	5.72	53.59
133.82	5.73	53.14
133.75	5.73	52.68
133.65	5.73	52.24
133.51	5.73	51.81
133.34	5.73	51.45
133.15	5.73	51.15
132.92	5.73	50.88
132.66	5.73	50.64
132.37	5.73	50.41
132.03	5.72	50.20
131.65	5.72	49.99
131.24	5.71	49.79
130.82	5.71	49.59
130.38	5.71	49.40
129.92	5.70	49.18
129.45	5.70	48.91
128.97	5.69	48.64
128.52	5.69	48.41
128.09	5.68	48.23
127.69	5.68	48.11
127.34	5.68	48.16
127.04	5.67	48.31
126.81	5.67	48.52
126.64	5.66	48.77
126.55	5.66	49.05
126.58	5.66	49.31
126.73	5.66	49.55
126.94	5.66	49.80
127.22	5.66	50.06
127.54	5.66	50.32
127.92	5.65	50.62
128.34	5.65	50.94
128.76	5.65	51.24
129.17	5.65	51.52
129.55	5.65	51.76
129.82	5.65	51.90
129.92	5.65	51.86
129.98	5.65	51.81
130.02	5.66	51.75
130.07	5.66	51.73
130.19	5.67	51.84
130.45	5.67	52.20
130.72	5.68	52.59
130.98	5.69	52.96
131.21	5.70	53.27
131.34	5.71	53.38
131.33	5.71	53.21
131.27	5.72	52.97
131.17	5.73	52.68
131.05	5.74	52.37
130.95	5.75	52.16
130.91	5.75	52.11
130.84	5.76	52.06
130.74	5.77	52.00
130.59	5.78	51.90
130.37	5.78	51.73
129.93	5.79	51.28
129.45	5.79	50.80
128.94	5.80	50.30
128.44	5.80	49.83
127.97	5.81	49.42
127.65	5.81	49.25
127.42	5.81	49.22
127.24	5.82	49.25
127.08	5.82	49.33
126.94	5.83	49.44
126.79	5.83	49.51
126.62	5.83	49.54
126.47	5.84	49.58
126.33	5.84	49.63
126.22	5.85	49.69
126.13	5.85	49.76
126.10	5.85	49.85
126.08	5.86	49.95
126.08	5.86	50.07
126.10	5.86	50.19
126.11	5.87	50.33
126.08	5.87	50.46
126.05	5.87	50.60
126.04	5.87	50.76
126.06	5.87	50.94
126.12	5.87	51.16
126.31	5.86	51.47
126.58	5.86	51.84
126.87	5.86	52.21
127.17	5.85	52.57
127.45	5.85	52.89
127.66	5.84	53.08
127.78	5.84	53.15
127.87	5.84	53.17
127.93	5.83	53.17
127.96	5.83	53.16
127.96	5.82	53.16
127.91	5.82	53.19
127.85	5.82	53.26
127.81	5.82	53.37
127.78	5.81	53.54
127.80	5.81	53.80
127.96	5.82	54.32
128.16	5.82	54.88
128.39	5.82	55.47
128.65	5.83	56.03
128.93	5.83	56.52
129.24	5.83	56.77
129.54	5.84	56.94
129.82	5.84	57.04
130.06	5.84	57.09
130.24	5.84	57.09
130.24	5.85	57.03
130.19	5.85	56.95
130.08	5.85	56.86
129.95	5.86	56.76
129.81	5.86	56.69
129.73	5.86	56.71
129.66	5.86	56.78
129.59	5.86	56.86
129.50	5.86	56.95
129.38	5.87	57.03
129.20	5.87	57.07
128.98	5.87	57.09
128.73	5.87	57.09
128.47	5.87	57.06
128.20	5.87	57.02
127.94	5.87	56.94
127.71	5.87	56.82
127.47	5.86	56.69
127.24	5.86	56.55
127.00	5.87	56.42
126.75	5.88	56.29
126.45	5.91	56.19
126.14	5.94	56.12
125.85	5.98	56.06
125.59	6.03	56.04
125.38	6.09	56.04
125.26	6.15	56.10
125.24	6.22	56.22
125.27	6.30	56.36
125.33	6.38	56.52
125.43	6.46	56.68
125.54	6.55	56.82
125.68	6.63	56.94
125.82	6.71	57.04
125.96	6.79	57.13
126.09	6.87	57.20
126.18	6.95	57.24
126.19	7.02	57.21
126.18	7.10	57.16
126.17	7.17	57.12
126.17	7.25	57.10
126.19	7.33	57.10
126.29	7.40	57.24
126.43	7.48	57.41
126.60	7.55	57.61
126.78	7.63	57.82
126.98	7.71	58.02
127.21	7.79	58.20
127.44	7.88	58.36
127.67	7.96	58.49
127.90	8.04	58.60
128.12	8.11	58.68
128.27	8.18	58.71
128.38	8.25	58.70
128.48	8.31	58.65
128.59	8.35	58.56
128.72	8.38	58.42
128.90	8.38	58.23
129.14	8.36	57.97
129.42	8.32	57.68
129.73	8.26	57.36
130.07	8.18	57.03
130.47	8.09	56.70
130.93	7.97	56.38
131.41	7.83	56.06
131.90	7.69	55.74
132.37	7.54	55.41
132.80	7.39	55.09
133.19	7.25	54.78
133.53	7.11	54.46
133.81	6.97	54.15
134.02	6.84	53.82
134.16	6.71	53.50
134.22	6.59	53.17
134.19	6.47	52.83
134.06	6.37	52.49
133.83	6.27	52.14
133.47	6.19	51.78