0.643796	0.569186	0.338608
0.644145	0.569186	0.338755
0.642048	0.569186	0.337236
0.638064	0.569186	0.334983
0.632646	0.569186	0.332876
0.626529	0.569186	0.332582
0.620482	0.569186	0.336158
0.617302	0.568605	0.344731
0.619364	0.567442	0.358546
0.623978	0.565698	0.369128
0.628731	0.564535	0.373732
0.629186	0.563372	0.380297
0.626180	0.562209	0.387008
0.623069	0.562209	0.386665
0.621181	0.562209	0.383530
0.621496	0.562209	0.383922
0.623314	0.563953	0.387939
0.625900	0.565116	0.395042
0.627473	0.566279	0.397590
0.627298	0.567442	0.394112
0.625690	0.568605	0.388037
0.622370	0.569186	0.381081
0.616882	0.570349	0.375055
0.611639	0.570930	0.372018
0.609297	0.570930	0.373879
0.610381	0.570930	0.381962
0.614855	0.572093	0.395336
0.618944	0.572674	0.404056
0.621531	0.572674	0.405477
0.622964	0.572674	0.400578
0.621950	0.573837	0.392985
0.616498	0.574419	0.387792
0.610276	0.576163	0.383040
0.606676	0.577326	0.377358
0.606466	0.578488	0.378680
0.609193	0.579651	0.387890
0.609857	0.581395	0.390731
0.608389	0.583140	0.387155
0.606991	0.584302	0.383040
0.606047	0.585465	0.381375
0.605872	0.586628	0.385294
0.607899	0.588372	0.390193
0.611919	0.589535	0.392054
0.610521	0.591279	0.384657
0.603495	0.592442	0.369177
0.595142	0.594186	0.353500
0.587732	0.596512	0.336109
0.583502	0.599419	0.312252
0.582209	0.602907	0.295890
0.583677	0.606395	0.298976
0.585844	0.609302	0.308088
0.588780	0.612209	0.317984
0.597344	0.615116	0.332435
0.612094	0.618605	0.355803
0.633135	0.620930	0.397541
0.648025	0.624419	0.425807
0.647815	0.627907	0.415226
0.647536	0.630814	0.387743
0.650682	0.633140	0.359232
0.656239	0.633140	0.347426
0.661272	0.630233	0.341743
0.663300	0.625000	0.332288
0.661971	0.619767	0.327585
0.657707	0.615116	0.326753
0.652394	0.611046	0.316024
0.643866	0.605814	0.295743
0.629256	0.600581	0.268113
0.613107	0.595349	0.254740
0.599126	0.590116	0.268505
0.588431	0.586047	0.288738
0.584096	0.583140	0.308627
0.592380	0.583140	0.329153
0.609053	0.584302	0.349875
0.627298	0.584884	0.369862
0.645229	0.585465	0.386518
0.660189	0.586628	0.396757
0.667669	0.586628	0.395042
0.667529	0.588372	0.381962
0.660783	0.588372	0.359183
0.650612	0.588372	0.334885
0.640126	0.588372	0.316955
0.633904	0.587791	0.313820
0.633799	0.586628	0.325626
0.638168	0.585465	0.338951
0.642852	0.584884	0.345760
0.642083	0.583140	0.337285
0.636840	0.582558	0.327977
0.627962	0.581395	0.327193
0.615973	0.580232	0.316073
0.602412	0.579651	0.294371
0.590248	0.580232	0.290648
0.581300	0.581977	0.298731
0.577071	0.583721	0.298780
0.578050	0.584884	0.299760
0.583537	0.586628	0.308774
0.585599	0.588372	0.310929
0.582663	0.590116	0.302160
0.579168	0.591860	0.284818
0.576442	0.593023	0.269730
0.575638	0.593605	0.270857
0.577735	0.593605	0.277715
0.583188	0.593605	0.284525
0.589444	0.593605	0.300250
0.596260	0.593605	0.317690
0.604719	0.593605	0.319404
0.608424	0.593605	0.315632
0.603321	0.593605	0.313624
0.595666	0.593605	0.301719
0.587382	0.593605	0.284280
0.577875	0.594186	0.276246
0.572492	0.595349	0.278450
0.576337	0.596512	0.289766
0.584656	0.597093	0.305932
0.593499	0.598256	0.321070
0.597868	0.598837	0.325822
0.598113	0.600581	0.322833
0.595316	0.601163	0.316220
0.588675	0.602326	0.309313
0.579832	0.602326	0.304561
0.575079	0.603488	0.302307
0.574904	0.604070	0.304512
0.578329	0.604070	0.313722
0.587801	0.604070	0.330427
0.602062	0.604070	0.351296
0.610416	0.604070	0.362857
0.613002	0.604070	0.363935
0.612373	0.605233	0.356342
0.608319	0.605814	0.346544
0.601713	0.605814	0.339147
0.595980	0.606977	0.336452
0.593254	0.607558	0.336207
0.595351	0.609302	0.334297
0.601503	0.609884	0.331651
0.609997	0.611046	0.330672
0.617022	0.612209	0.340322
0.621181	0.612791	0.347426
0.621741	0.614535	0.335375
0.618665	0.615116	0.323862
0.612758	0.616279	0.319502
0.606326	0.616279	0.309117
0.601957	0.616860	0.302062
0.601992	0.618023	0.310097
0.602027	0.618023	0.308284
0.600769	0.618023	0.294420
0.600350	0.619767	0.289570
0.598497	0.619767	0.284427
0.593674	0.619767	0.272326
0.585949	0.619767	0.267722
0.578784	0.620930	0.269877
0.577665	0.619767	0.269436
0.585704	0.618605	0.282075
0.603041	0.616860	0.314065
0.620832	0.615116	0.338216
0.634568	0.613372	0.350463
0.641279	0.611628	0.352912
0.646208	0.609884	0.348454
0.651346	0.608139	0.341645
0.654666	0.606395	0.341498
0.655890	0.605814	0.341694
0.655086	0.604651	0.335032
0.654317	0.604070	0.334738
0.652324	0.604070	0.336991
0.644250	0.602326	0.322442
0.633030	0.602326	0.303532
0.621601	0.601163	0.292608
0.609787	0.600581	0.288689
0.599720	0.601163	0.292608
0.596610	0.602326	0.307451
0.600070	0.603488	0.327046
0.608284	0.604070	0.344143
0.617861	0.605814	0.357762
0.626529	0.605814	0.366972
0.633065	0.607558	0.371185
0.635407	0.608139	0.366776
0.631912	0.609302	0.351296
0.627123	0.609302	0.340763
0.624397	0.609884	0.340616
0.627403	0.611046	0.341694
0.632681	0.611046	0.343164
0.636001	0.611046	0.344192
0.635722	0.612209	0.336109
0.631458	0.612791	0.319943
0.623628	0.612791	0.304806
0.612478	0.612791	0.290697
0.598812	0.614535	0.277519
0.587417	0.614535	0.263949
0.582628	0.612791	0.258267
0.589759	0.612791	0.285798
0.603321	0.612791	0.321658
0.616253	0.612209	0.337971
0.626319	0.611046	0.350071
0.631388	0.611046	0.359330
0.629360	0.610465	0.355264
0.625131	0.609302	0.345662
0.623593	0.609302	0.339783
0.624677	0.609302	0.343654
0.626494	0.609302	0.352961
0.624747	0.609302	0.352618
0.618560	0.609302	0.341449
0.607934	0.608721	0.321560
0.595841	0.607558	0.306961
0.584306	0.607558	0.297849
0.575149	0.607558	0.285994
0.570430	0.607558	0.284084
0.571618	0.607558	0.300005
0.577910	0.607558	0.318033
0.585005	0.606977	0.331259
0.586753	0.605814	0.335228
0.590668	0.605814	0.337677
0.599685	0.605814	0.342135
0.606571	0.605814	0.342331
0.612443	0.604651	0.343996
0.619993	0.604070	0.353941
0.631388	0.602326	0.361142
0.642712	0.601163	0.360506
0.644076	0.600000	0.351198
0.639322	0.598837	0.336746
0.631527	0.597093	0.320531
0.620133	0.595930	0.306863
0.609472	0.594186	0.299907
0.605208	0.591279	0.304267
0.601573	0.587791	0.306079
0.595351	0.584302	0.300642
0.586963	0.580814	0.298535
0.578504	0.577907	0.299025
0.572947	0.576163	0.299760
0.570849	0.577907	0.305835
0.572143	0.579070	0.316661
0.574869	0.580814	0.320825
0.576477	0.582558	0.316318
0.574869	0.584302	0.303532
0.572772	0.584884	0.293636
0.572632	0.586628	0.293636
0.576582	0.586628	0.305786
0.587487	0.586047	0.329790
0.607725	0.584884	0.363347
0.627753	0.584884	0.383726
0.641839	0.584884	0.384706
0.647081	0.584884	0.383334
0.647326	0.584884	0.376035
0.647571	0.584884	0.357566
0.649004	0.584302	0.348748
0.649983	0.583140	0.349532
0.644495	0.581977	0.333611
0.634568	0.581395	0.306226
0.623314	0.580232	0.277176
0.614296	0.579651	0.264537
0.609647	0.579651	0.269534
