0.235267	0.475000	0.441385
0.240580	0.474419	0.461373
0.240266	0.472093	0.445157
0.237504	0.469767	0.430755
0.232995	0.467442	0.428012
0.225516	0.464535	0.422133
0.229256	0.464535	0.432372
0.241174	0.467442	0.450938
0.241035	0.471512	0.443933
0.232856	0.475581	0.416744
0.223523	0.479070	0.399108
0.218490	0.482558	0.418557
0.207095	0.484884	0.433057
0.196784	0.486046	0.443198
0.211499	0.487209	0.485426
0.224117	0.488372	0.491990
0.224187	0.489535	0.466810
0.215729	0.490698	0.444717
0.209193	0.491860	0.431539
0.203565	0.492442	0.429187
0.199301	0.494186	0.440504
0.211010	0.494186	0.484642
0.239462	0.494186	0.539901
0.269976	0.492442	0.556753
0.264523	0.492442	0.480919
0.257218	0.491279	0.428844
0.262950	0.490698	0.443100
0.263999	0.490116	0.463675
0.265956	0.488953	0.482340
0.275114	0.488953	0.496056
0.269276	0.488953	0.477147
0.254946	0.488953	0.450546
0.244355	0.488953	0.449615
0.228102	0.488953	0.467447
0.219713	0.488953	0.503111
0.236351	0.488953	0.549160
0.247396	0.488953	0.548768
0.243866	0.488953	0.511733
0.231213	0.488953	0.473473
0.224292	0.488953	0.474551
0.223453	0.488953	0.499927
0.228312	0.488953	0.527801
0.239462	0.488953	0.523735
0.239671	0.487209	0.492088
0.227123	0.487209	0.455445
0.219853	0.487209	0.439524
0.208319	0.487209	0.431735
0.196225	0.487209	0.434331
0.198602	0.488372	0.460834
0.195281	0.490116	0.455494
0.182908	0.491860	0.415960
0.169207	0.493023	0.375937
0.157288	0.494186	0.365502
0.150996	0.495930	0.384363
0.154771	0.495930	0.421545
0.177455	0.495930	0.466174
0.199790	0.495930	0.475824
0.207270	0.495930	0.440553
0.208214	0.495930	0.407681
0.205907	0.495930	0.394063
0.205942	0.495930	0.409053
0.215659	0.497674	0.458972
0.234114	0.497674	0.486700
0.247326	0.497674	0.469848
0.235966	0.498256	0.433841
0.223803	0.499419	0.394895
0.215239	0.499419	0.371283
0.207410	0.499419	0.382256
0.211185	0.499419	0.415226
0.235058	0.501163	0.463479
0.282978	0.501163	0.527752
0.321915	0.501163	0.537599
0.345194	0.501163	0.524911
0.365711	0.502907	0.561309
0.381650	0.502907	0.580121
0.380636	0.502907	0.557978
0.360643	0.502907	0.508059
0.352115	0.502326	0.495763
0.348200	0.501163	0.487875
0.332052	0.500000	0.455837
0.290982	0.499419	0.395483
0.259070	0.497674	0.359134
0.238343	0.497674	0.351982
0.216987	0.495930	0.360163
0.197169	0.495349	0.379758
0.183362	0.494186	0.409690
0.195386	0.493023	0.473914
0.207655	0.490116	0.520404
0.196575	0.488372	0.506883
0.188501	0.486046	0.489394
0.180391	0.483140	0.479596
0.169976	0.480814	0.482046
0.157148	0.479070	0.487679
0.149703	0.476744	0.500220
0.159874	0.477907	0.527703
0.157812	0.479070	0.503797
0.143831	0.480233	0.448195
0.135862	0.481977	0.426346
0.127228	0.481977	0.421790
0.117302	0.483721	0.427718
0.109367	0.484302	0.440847
0.114296	0.485465	0.464655
0.135582	0.487209	0.489688
0.135407	0.488953	0.446480
0.129955	0.490698	0.399451
0.131702	0.491860	0.391613
0.130094	0.493023	0.396855
0.125131	0.494186	0.406065
0.118141	0.494186	0.407828
0.123244	0.494186	0.424729
0.147221	0.493605	0.464802
0.146767	0.492442	0.431147
0.139252	0.492442	0.383138
0.142048	0.490698	0.376868
0.140580	0.490698	0.384216
0.137819	0.488953	0.404399
0.143796	0.488953	0.446284
0.162286	0.487791	0.492921
0.186403	0.487209	0.514917
0.188885	0.486046	0.470044
0.186543	0.485465	0.419733
0.184446	0.484884	0.394650
0.175149	0.483721	0.401999
0.171723	0.483140	0.431147
0.183362	0.481977	0.464655
0.188780	0.481977	0.456474
0.182454	0.480814	0.416842
0.166550	0.480233	0.375447
0.149738	0.479651	0.365894
0.136141	0.478488	0.382452
0.129325	0.478488	0.409984
0.133275	0.476744	0.449615
0.144355	0.475581	0.482487
0.150891	0.473837	0.473424
0.156414	0.472674	0.463577
0.159595	0.470930	0.463136
0.156624	0.469767	0.464655
0.163090	0.470930	0.478274
0.174764	0.473837	0.489639
0.174694	0.477325	0.472787
0.165571	0.480233	0.450840
0.151660	0.482558	0.434576
0.137434	0.484302	0.430314
0.128871	0.485465	0.446921
0.130409	0.483721	0.481507
0.143097	0.482558	0.502866
0.153967	0.480814	0.512761
0.158022	0.479070	0.516436
0.161447	0.476744	0.517660
0.167983	0.475581	0.529467
0.179553	0.476744	0.545535
0.193394	0.479070	0.539803
0.190108	0.482558	0.483760
0.179133	0.484884	0.428256
0.172282	0.487791	0.417773
0.162775	0.488953	0.422280
0.155820	0.488953	0.433204
0.159769	0.490698	0.445353
0.157882	0.490698	0.427767
0.150542	0.490698	0.401117
0.147815	0.491860	0.412972
0.146208	0.492442	0.440896
0.151800	0.492442	0.479547
0.187417	0.491279	0.548425
0.223348	0.488372	0.573752
0.242188	0.484884	0.548131
0.247046	0.480814	0.521775
0.247361	0.477325	0.517709
0.254736	0.473837	0.538333
0.276582	0.473256	0.571254
0.280322	0.473256	0.543673
0.267354	0.475000	0.489639
0.249388	0.476163	0.459854
0.229955	0.476744	0.446774
0.217756	0.478488	0.457160
0.221915	0.478488	0.496889
0.228452	0.478488	0.493950
0.224607	0.478488	0.456180
0.206606	0.478488	0.425660
0.189689	0.478488	0.411698
0.173715	0.479070	0.413315
0.161901	0.480233	0.427277
0.169242	0.480233	0.449077
0.167005	0.481977	0.426836
0.151276	0.483140	0.373732
0.138483	0.483721	0.345515
0.127333	0.484884	0.360751
0.120622	0.485465	0.403664
0.122754	0.486628	0.436144
0.143132	0.487209	0.482487
0.169591	0.488953	0.514574
0.175149	0.490698	0.471856
0.178329	0.491860	0.437809
0.179133	0.493023	0.426052
0.176407	0.494186	0.432274
0.179203	0.494186	0.446970
0.193009	0.494186	0.472052
0.211814	0.494186	0.490031
0.209018	0.494186	0.445892
0.202307	0.492442	0.411062
0.194687	0.492442	0.400137
0.181929	0.492442	0.397884
0.178189	0.491860	0.407485
0.188605	0.490698	0.426101
0.207095	0.490116	0.443933
0.216323	0.488953	0.447362
0.221985	0.487791	0.434674
0.230199	0.487209	0.415226
0.230374	0.485465	0.408563
0.240056	0.484884	0.426689
0.259979	0.483140	0.449664
0.247151	0.480814	0.397541
0.230444	0.477907	0.345907
0.219643	0.475581	0.328957
0.203390	0.472674	0.343703
0.196225	0.471512	0.380493
0.212268	0.471512	0.426199
0.230828	0.473837	0.445206
0.240336	0.476163	0.427326
0.240930	0.479070	0.392642
0.250122	0.481395	0.401607
0.257952	0.483721	0.428159
0.263579	0.483721	0.449370
0.290563	0.483721	0.471464
0.293918	0.483721	0.439867
0.277001	0.481977	0.381718
0.267669	0.481977	0.357713
0.251660	0.480233	0.357027
0.230339	0.480233	0.375055
0.223628	0.478488	0.407681
0.219259	0.477325	0.426787
0.203076	0.475000	0.413217
0.177525	0.472674	0.390339
0.150017	0.470349	0.378778
0.128976	0.468605	0.390535
0.124013	0.465698	0.421349
0.129675	0.464535	0.453681
0.135442	0.462791	0.463724
0.132226	0.462209	0.435556
0.127403	0.461046	0.420957
0.123383	0.459302	0.429481
0.120902	0.459884	0.450987
0.129465	0.462209	0.467349
0.140755	0.465116	0.462499
0.143691	0.468605	0.431980
0.146417	0.470930	0.398717
0.144530	0.473837	0.381718
0.142258	0.476163	0.393132
0.159035	0.477907	0.431294
0.176582	0.480233	0.454465
0.178854	0.482558	0.431196
0.164698	0.484884	0.376574
0.147920	0.487209	0.354970
0.126949	0.488953	0.352373
0.108668	0.490116	0.368932
0.107864	0.490116	0.417675
0.107270	0.488953	0.428746
0.102936	0.488953	0.406065
0.098043	0.488953	0.390878
0.094303	0.487791	0.416646
0.087976	0.487209	0.425170
0.089759	0.487209	0.444766
0.108948	0.487209	0.510165
0.123663	0.488953	0.504531
0.120343	0.488953	0.434527
0.108424	0.490116	0.381130
0.099336	0.490698	0.397982
0.085774	0.490698	0.402489
0.077560	0.491279	0.405918
0.089584	0.492442	0.448734
0.110101	0.492442	0.491305
0.128766	0.493605	0.502621
0.138168	0.494186	0.476118
0.135477	0.494767	0.433498
0.128067	0.495930	0.414050
0.123593	0.495930	0.426738
0.128766	0.495930	0.463528
0.146173	0.495930	0.495616
0.165047	0.494186	0.497575
0.176092	0.493605	0.464361
0.178329	0.492442	0.417136
0.177525	0.491279	0.402097
0.174030	0.490698	0.410425
0.168647	0.489535	0.425758
0.171618	0.487791	0.448734
0.166410	0.484884	0.435997
0.141105	0.482558	0.371871
0.116882	0.479651	0.343017
0.092660	0.476744	0.342086
0.067214	0.473837	0.354137
0.059909	0.473837	0.392054
0.069871	0.476163	0.429726
0.081825	0.479070	0.422966
0.091227	0.481395	0.396659
0.098078	0.484302	0.373977
0.103810	0.486628	0.367021
0.110521	0.488372	0.367658
0.129570	0.488372	0.385882
0.153478	0.487209	0.397982
0.160993	0.485465	0.366923
0.159490	0.484302	0.341106
0.150122	0.483140	0.328467
0.136735	0.481977	0.331308
0.138273	0.480233	0.366972
0.147361	0.480233	0.397002
0.150926	0.478488	0.385245
0.145858	0.478488	0.360114
0.136980	0.477325	0.346789
0.130584	0.476744	0.356635
0.132961	0.476744	0.380885
0.148305	0.478488	0.423799
0.163055	0.480814	0.446235
0.153618	0.482558	0.392789
0.143132	0.484302	0.365208
0.132995	0.486046	0.365012
0.120762	0.487209	0.371234
0.117197	0.488953	0.389066
0.130304	0.488372	0.424827
0.160538	0.487209	0.473081
0.174939	0.485465	0.444374
0.179238	0.484302	0.389605
0.181720	0.483140	0.359477
0.177875	0.481977	0.352422
0.173436	0.480233	0.364474
0.173611	0.479070	0.387400
0.173681	0.477325	0.393279
0.165711	0.474419	0.367903
0.145229	0.472093	0.317053
0.123943	0.469186	0.304463
0.104544	0.466860	0.322638
0.086124	0.463954	0.333905
0.081720	0.462791	0.359232
0.095281	0.462791	0.399990
0.102621	0.462791	0.391319
0.105173	0.463954	0.373781
0.105767	0.464535	0.368883
0.103076	0.464535	0.350561
0.114960	0.464535	0.368736
0.146557	0.464535	0.426836
0.165641	0.462209	0.397296
0.175533	0.459884	0.352325
0.179623	0.456977	0.338216
0.172842	0.454651	0.356880
0.169416	0.452326	0.390291
0.187871	0.452326	0.413707
0.191262	0.454651	0.383579
0.174275	0.456395	0.321903
0.158127	0.458139	0.303483
0.140545	0.459302	0.307108
0.122230	0.461046	0.317690
0.117372	0.459884	0.336893
0.122265	0.458139	0.354676
0.122160	0.454651	0.355509
0.118805	0.450581	0.349238
0.114855	0.447093	0.345956
0.112548	0.443023	0.355460
0.129395	0.440698	0.391074
0.173715	0.443605	0.444864
0.190423	0.448837	0.398912
0.197973	0.454070	0.341645
0.213142	0.456977	0.340322
0.219609	0.460465	0.360604
0.226250	0.462791	0.392152
0.248864	0.462791	0.426934
0.288605	0.462791	0.462891
0.324817	0.463954	0.465439
0.329046	0.464535	0.398717
0.328487	0.464535	0.356880
0.324327	0.464535	0.348258
0.311744	0.464535	0.359722
0.298637	0.464535	0.369813
0.280391	0.466279	0.360261
0.236526	0.466279	0.315926
0.185739	0.466279	0.281291
0.140755	0.466279	0.281193
0.096400	0.466279	0.290991
0.057288	0.466279	0.306765
0.037225	0.465698	0.340714
0.026529	0.463372	0.353451
0.015135	0.459884	0.322393
0.008039	0.456395	0.305835
0.002901	0.452326	0.307353
0.000000	0.449419	0.325185
0.016812	0.448837	0.375055
0.043167	0.450581	0.401509
0.064593	0.454070	0.374957
0.077455	0.456977	0.353843
0.083887	0.460465	0.340126
0.086124	0.462791	0.336746
0.084551	0.464535	0.351835
0.091751	0.464535	0.384216
0.113247	0.462209	0.417479
0.111884	0.459884	0.385049
0.102062	0.456977	0.348014
0.095980	0.454651	0.348846
0.081405	0.451163	0.356048
0.071024	0.450581	0.381375
0.080357	0.454651	0.439034
0.087417	0.461046	0.456376
0.084935	0.466279	0.432910
0.074659	0.473256	0.402440
0.063090	0.478488	0.400333
0.051485	0.481977	0.412776
0.040650	0.483721	0.416058
0.044705	0.483140	0.433645
0.054212	0.479070	0.442610
0.050227	0.475000	0.410033
0.045928	0.469767	0.399941
0.042363	0.465698	0.411307
0.038378	0.461046	0.426052
0.055051	0.456977	0.467398
0.086054	0.454651	0.510557
0.111045	0.453488	0.516093
0.118595	0.451744	0.483368
0.116952	0.450000	0.440357
0.119609	0.448837	0.425660
0.137050	0.448837	0.463087
0.148549	0.448837	0.459658
0.146417	0.450581	0.411209
0.132122	0.452326	0.350757
0.116463	0.452326	0.325871
0.107864	0.454651	0.333856
0.113562	0.457558	0.360995
0.130514	0.462209	0.385588
0.147815	0.466279	0.387253
0.154946	0.471512	0.360506
0.157812	0.475581	0.342331
0.155260	0.479651	0.337187
0.149074	0.482558	0.344976
0.164872	0.483140	0.384510
0.192625	0.479651	0.411062
0.209857	0.472674	0.384657
0.210276	0.465698	0.374026
0.203845	0.458721	0.368589
0.199720	0.451744	0.362073
0.203111	0.444186	0.382060
0.204719	0.438953	0.395728
0.196575	0.438372	0.374565
0.186683	0.436628	0.344731
0.175568	0.436047	0.322540
0.162391	0.434884	0.323421
0.164243	0.435465	0.353206
0.187417	0.438372	0.405428
0.218979	0.442442	0.447166
0.231248	0.447093	0.424092
0.225166	0.452326	0.360702
0.222335	0.456977	0.333954
0.216987	0.460465	0.330182
0.212443	0.463372	0.344192
0.233240	0.465116	0.384657
0.253653	0.466860	0.406800
0.251101	0.469186	0.382550
0.246382	0.470930	0.364817
0.241139	0.472674	0.350855
0.235442	0.474419	0.335619
0.227158	0.475581	0.334640
0.224117	0.476744	0.351982
0.247885	0.475581	0.382305
0.258965	0.475000	0.375251
0.244844	0.475000	0.332092
0.234953	0.473837	0.319355
0.223558	0.473256	0.319551
0.210591	0.473256	0.324842
0.218245	0.472093	0.362710
0.234813	0.471512	0.403125
0.235897	0.471512	0.396904
0.227193	0.469767	0.366531
0.216113	0.469767	0.338902
0.210556	0.468605	0.341008
0.212618	0.468023	0.363935
0.224432	0.467442	0.396855
0.247326	0.466279	0.419047
0.259595	0.466279	0.416156
0.253827	0.464535	0.392838
0.251136	0.464535	0.381571
0.249004	0.463372	0.380836
0.244250	0.462791	0.387253
0.257393	0.461628	0.412139
0.285110	0.459884	0.440161
0.291961	0.456977	0.419243
0.291052	0.454651	0.377945
0.287592	0.451744	0.343115
0.277770	0.449419	0.337824
0.281894	0.447093	0.356097
0.297134	0.445349	0.374026
0.278504	0.445349	0.341204
0.255925	0.445349	0.310488
0.243341	0.445349	0.307745
0.229675	0.445930	0.324107
0.220238	0.448837	0.352178
0.222859	0.452326	0.382844
0.223209	0.456395	0.392054
0.217931	0.460465	0.384853
0.212408	0.463954	0.393916
0.213107	0.466279	0.419928
0.225795	0.466279	0.459168
0.252080	0.466279	0.497526
