0.349360	0.252222	0.225238
0.341010	0.254444	0.225885
0.348267	0.258889	0.241416
0.362681	0.262222	0.257632
0.376102	0.266667	0.261705
0.385115	0.270000	0.270955
0.394923	0.273333	0.291283
0.430844	0.276667	0.315341
0.462092	0.281111	0.320822
0.459507	0.284444	0.294709
0.442442	0.287778	0.277884
0.431440	0.285555	0.274534
0.442442	0.275555	0.275638
0.444562	0.264444	0.263989
0.432998	0.251111	0.244614
0.414507	0.237778	0.232394
0.409934	0.234444	0.236353
0.419743	0.240000	0.250133
0.421168	0.243333	0.248877
0.416396	0.245555	0.248382
0.413845	0.248889	0.259574
0.439890	0.252222	0.278188
0.466068	0.256667	0.278074
0.464941	0.260000	0.244423
0.452813	0.261111	0.222421
0.448969	0.260000	0.222040
0.466101	0.256667	0.237952
0.470343	0.252222	0.233384
0.457121	0.247778	0.213057
0.432534	0.244444	0.197373
0.427132	0.247778	0.209745
0.448936	0.260000	0.246441
0.467891	0.271111	0.252760
0.475446	0.283333	0.240502
0.469050	0.295555	0.228131
0.453244	0.307778	0.224895
0.456160	0.321111	0.232585
0.468023	0.331111	0.237419
0.459639	0.341111	0.221660
0.447048	0.344444	0.218462
0.446782	0.343333	0.233232
0.469846	0.336667	0.252722
0.484393	0.331111	0.256604
0.481808	0.324444	0.247659
0.465173	0.318889	0.240008
0.453310	0.314444	0.237533
0.447810	0.313333	0.237381
0.434257	0.311111	0.229958
0.415269	0.311111	0.223373
0.396978	0.307778	0.223791
0.398237	0.303333	0.235325
0.405262	0.296667	0.238904
0.402545	0.290000	0.221964
0.395984	0.284444	0.217168
0.399993	0.285555	0.231709
0.423090	0.294444	0.258622
0.440520	0.301111	0.263304
0.446584	0.311111	0.254511
0.443104	0.317778	0.248725
0.438664	0.327778	0.253140
0.446120	0.334444	0.267606
0.468222	0.343333	0.284888
0.476871	0.351111	0.283517
0.469746	0.361111	0.266997
0.456094	0.367778	0.248458
0.463682	0.372778	0.253940
0.471834	0.377778	0.259193
0.465273	0.382778	0.247202
0.458910	0.387778	0.236239
0.454371	0.392778	0.234564
0.452283	0.397778	0.243966
0.454073	0.402778	0.254282
0.457088	0.407778	0.256985
0.459606	0.412778	0.253940
0.463152	0.417778	0.263266
0.465703	0.422778	0.275181
0.468984	0.427778	0.285763
0.478726	0.432778	0.299886
0.487872	0.437778	0.308603
0.494864	0.442778	0.316292
0.502817	0.447778	0.333689
0.517596	0.452778	0.348649
0.524886	0.457778	0.358089
0.514315	0.462778	0.363685
0.509113	0.466111	0.371831
0.511730	0.456667	0.380853
0.515210	0.452222	0.386601
0.498741	0.448889	0.383974
0.479223	0.445555	0.381081
0.472331	0.442222	0.386372
0.474286	0.438889	0.403159
0.473623	0.435555	0.415493
0.468785	0.431111	0.418234
0.479621	0.427778	0.431785
0.487276	0.424444	0.440046
0.479919	0.421111	0.432585
0.463019	0.417778	0.413475
0.461760	0.414444	0.405329
0.476175	0.411111	0.407918
0.476904	0.406667	0.393909
0.468189	0.403333	0.369852
0.464511	0.400000	0.351732
0.489595	0.396667	0.363228
0.512161	0.393333	0.359612
0.517231	0.390000	0.336696
0.507555	0.386667	0.320213
0.506826	0.383333	0.315797
0.508350	0.380000	0.313437
0.498906	0.376667	0.303730
0.481079	0.373333	0.298363
0.460634	0.373333	0.293376
0.444728	0.377778	0.285877
0.441017	0.382222	0.289037
0.438001	0.386667	0.294861
0.424481	0.390000	0.293605
0.413149	0.392222	0.289684
0.411624	0.394444	0.290445
0.423918	0.396667	0.302512
0.434754	0.397778	0.311230
0.436908	0.401111	0.311839
0.428955	0.401111	0.306243
0.438101	0.401111	0.318957
0.460269	0.403333	0.339665
0.468156	0.404444	0.333841
0.456823	0.405555	0.319452
0.439360	0.410000	0.312448
0.442309	0.415555	0.324819
0.444662	0.420000	0.330719
0.435980	0.423333	0.322649
0.415137	0.424444	0.308793
0.403672	0.424444	0.306585
0.407781	0.420000	0.319566
0.403208	0.416667	0.324629
0.395089	0.412222	0.326037
0.392571	0.407778	0.331785
0.397475	0.403333	0.340731
0.406588	0.398889	0.350247
0.413546	0.395555	0.356376
0.420836	0.391111	0.355805
0.429684	0.386667	0.352836
0.440089	0.382222	0.355158
0.448240	0.381111	0.351770
0.448042	0.384444	0.342863
0.435914	0.400000	0.335668
0.444065	0.415555	0.349144
0.465140	0.430000	0.371641
0.473424	0.445555	0.378493
0.470740	0.460000	0.374610
0.469150	0.475555	0.373620
0.487276	0.490000	0.394328
0.489396	0.504444	0.410126
0.472762	0.516667	0.415379
0.472960	0.517778	0.427979
0.494831	0.513333	0.449867
0.526244	0.506667	0.471565
0.540758	0.500000	0.477541
0.515641	0.493333	0.480282
0.525615	0.486667	0.481424
0.590662	0.485555	0.481157
0.548777	0.491111	0.484659
0.513652	0.501111	0.478759
0.524289	0.507778	0.464827
0.534297	0.517778	0.453064
0.516635	0.524444	0.433498
0.504772	0.534444	0.429501
0.508483	0.541111	0.439931
0.497680	0.551111	0.434145
0.465935	0.556667	0.421089
0.440089	0.557778	0.419147
0.442541	0.557778	0.435173
0.451156	0.555555	0.441264
0.447081	0.554444	0.434564
0.427663	0.554444	0.420898
0.405229	0.554444	0.411344
0.411956	0.555555	0.424971
0.430148	0.557778	0.433993
0.437040	0.560000	0.421469
0.431705	0.561111	0.416178
0.416065	0.564444	0.413932
0.400888	0.564444	0.415379
0.404500	0.567778	0.426684
0.436112	0.567778	0.438447
0.464378	0.570000	0.439741
0.462191	0.571111	0.428968
0.441514	0.573333	0.421926
0.432633	0.574444	0.430910
0.445092	0.577778	0.445032
0.465869	0.580000	0.446517
0.462787	0.581111	0.437495
0.442210	0.584444	0.432204
0.422195	0.584444	0.434145
0.422891	0.586667	0.434488
0.423355	0.587778	0.430339
0.420041	0.587778	0.421279
0.414872	0.587778	0.410202
0.389356	0.591111	0.411762
0.370402	0.591111	0.427141
0.386573	0.591111	0.447431
0.405130	0.593333	0.443662
0.413414	0.594444	0.430415
0.411823	0.594444	0.424667
0.417556	0.597778	0.424895
0.451852	0.597778	0.448877
0.493605	0.601111	0.467872
0.500530	0.601111	0.439779
0.485950	0.603333	0.427712
0.473491	0.604444	0.429121
0.478561	0.604444	0.428740
0.487110	0.606667	0.429273
0.485287	0.607778	0.426532
0.466598	0.607778	0.416064
0.437537	0.610000	0.392425
0.415932	0.611111	0.382908
0.413546	0.614444	0.402246
0.421267	0.616667	0.420708
0.423719	0.617778	0.422078
0.413082	0.621111	0.403730
0.395785	0.622222	0.383822
0.388727	0.624444	0.389912
0.402843	0.626667	0.423753
0.431738	0.627778	0.432547
0.450494	0.631111	0.429006
0.448605	0.632222	0.420594
0.433395	0.634444	0.407042
0.426536	0.637778	0.406129
0.441878	0.641111	0.424743
0.469846	0.644444	0.448192
0.461628	0.646667	0.429311
0.428126	0.650000	0.416787
0.393200	0.653333	0.430567
0.386507	0.654444	0.451618
0.397077	0.654444	0.470689
0.409371	0.651111	0.479406
0.411724	0.651111	0.473049
0.414607	0.651111	0.457442
0.429220	0.651111	0.442786
0.457287	0.651111	0.438257
0.454536	0.651111	0.444119
0.441182	0.653333	0.450971
0.441083	0.654444	0.452075
0.440122	0.654444	0.453673
0.429717	0.654444	0.443205
0.408775	0.654444	0.422497
0.391013	0.654444	0.428626
0.396547	0.654444	0.459345
0.425277	0.654444	0.490407
0.450825	0.654444	0.481538
0.474153	0.654444	0.461858
