85.55	5.31	67.99
85.98	5.30	67.56
86.51	5.30	67.73
87.10	5.30	68.34
87.70	5.29	69.22
88.29	5.29	70.20
88.83	5.28	71.11
89.28	5.28	71.78
89.57	5.28	71.62
89.68	5.27	70.68
89.63	5.27	69.46
89.40	5.27	68.11
88.83	5.26	67.00
87.99	5.26	66.18
87.05	5.26	65.49
86.07	5.25	64.95
85.20	5.25	64.63
84.66	5.24	64.68
84.20	5.24	64.86
83.82	5.24	65.12
83.48	5.23	65.40
83.14	5.23	65.56
82.77	5.23	65.52
82.43	5.22	65.46
82.12	5.22	65.38
81.86	5.21	65.32
81.68	5.21	65.47
81.55	5.21	65.59
81.44	5.21	65.64
81.34	5.20	65.57
81.15	5.20	64.86
80.92	5.20	63.78
80.76	5.20	62.80
80.72	5.20	62.09
80.85	5.20	62.05
81.28	5.19	63.35
81.87	5.19	64.99
82.63	5.19	66.76
83.60	5.19	68.40
84.85	5.19	69.59
86.13	5.19	70.56
87.33	5.19	71.29
88.25	5.18	71.75
88.82	5.18	71.91
89.18	5.18	71.71
89.30	5.18	71.12
89.08	5.18	69.61
88.63	5.18	67.61
88.04	5.17	65.47
87.37	5.17	63.36
86.83	5.17	62.01
86.46	5.17	61.56
86.10	5.17	61.42
85.74	5.17	61.53
85.38	5.16	61.80
84.98	5.16	62.16
84.40	5.16	62.16
83.81	5.16	62.19
83.22	5.16	62.26
82.65	5.16	62.37
82.12	5.16	62.53
81.66	5.17	62.74
81.28	5.17	63.00
80.98	5.18	63.34
80.79	5.18	63.77
80.72	5.19	64.29
80.84	5.19	64.91
81.10	5.19	65.64
81.49	5.20	66.50
82.02	5.20	67.49
82.74	5.21	68.77
83.67	5.21	70.42
84.67	5.22	72.02
85.68	5.22	73.42
86.63	5.23	74.33
87.49	5.23	74.54
88.22	5.24	74.36
88.78	5.24	73.84
89.05	5.25	72.97
88.85	5.26	71.68
88.45	5.26	70.22
87.91	5.27	68.67
87.28	5.27	67.14
86.75	5.28	65.96
86.34	5.28	65.18
85.94	5.29	64.57
85.54	5.30	64.11
85.14	5.30	63.80
84.74	5.31	63.60
84.18	5.31	63.47
83.64	5.32	63.45
83.17	5.33	63.54
82.81	5.33	63.73
82.60	5.34	64.04
82.84	5.35	64.61
83.28	5.35	65.28
83.81	5.36	65.96
84.37	5.37	66.60
84.89	5.38	67.11
85.21	5.39	67.23
85.46	5.39	67.25
85.61	5.40	67.20
85.68	5.41	67.12
85.63	5.41	67.05
85.22	5.42	67.06
84.78	5.43	67.12
84.35	5.43	67.24
84.00	5.44	67.45
83.85	5.44	67.73
83.98	5.44	68.08
84.28	5.44	68.60
84.75	5.44	69.36
85.44	5.43	70.56
86.38	5.42	72.39
87.42	5.40	74.27
88.53	5.38	76.03
89.76	5.37	77.42
91.00	5.35	78.30
91.99	5.33	78.60
92.57	5.32	78.17
91.92	5.30	75.99
90.74	5.29	73.09
89.29	5.27	69.86
87.75	5.25	66.63
87.17	5.24	65.11
86.76	5.22	64.05
86.48	5.21	63.42
86.25	5.19	63.17
86.04	5.17	63.23
85.70	5.16	63.57
85.06	5.14	64.16
84.37	5.13	64.90
83.62	5.11	65.75
82.84	5.09	66.64
82.03	5.08	67.52
81.16	5.06	67.99
80.30	5.05	68.44
79.46	5.03	68.89
78.67	5.01	69.35
77.95	5.00	69.94
77.38	4.98	70.79
76.85	4.96	71.61
76.38	4.95	72.33
75.95	4.94	72.88
75.58	4.93	73.16
75.22	4.93	73.18
74.84	4.93	72.90
74.41	4.93	72.25
73.78	4.92	70.68
73.11	4.92	68.86
72.42	4.92	66.92
71.76	4.92	65.02
71.21	4.91	63.71
70.80	4.91	63.11
70.44	4.91	62.73
70.14	4.91	62.53
69.87	4.90	62.43
69.62	4.90	62.36
69.32	4.90	61.91
69.05	4.89	61.50
68.81	4.89	61.15
68.62	4.89	60.88
68.49	4.89	60.72
68.48	4.89	60.95
68.56	4.88	61.34
68.66	4.89	61.81
68.80	4.89	62.32
68.95	4.89	62.81
68.94	4.90	63.02
68.88	4.91	63.06
68.90	4.92	63.14
69.04	4.93	63.34
69.36	4.94	63.70
69.92	4.95	64.77
70.74	4.96	66.01
71.84	4.97	67.23
73.26	4.98	68.29
75.22	5.00	68.21
77.54	5.01	67.84
80.07	5.02	67.90
82.74	5.03	68.92
85.76	5.04	73.38
88.57	5.06	77.97
90.94	5.07	81.80
92.07	5.09	81.93
92.15	5.11	79.02
91.69	5.13	74.90
90.88	5.15	70.17
90.64	5.17	68.12
90.64	5.18	67.53
90.67	5.19	67.57
90.69	5.20	68.08
90.68	5.21	68.93
90.62	5.22	69.98
90.46	5.23	71.07
89.91	5.24	71.17
89.29	5.25	71.27
88.64	5.26	71.40
87.98	5.27	71.57
87.33	5.28	71.80
86.76	5.28	72.27
86.27	5.29	72.96
85.85	5.29	73.61
85.52	5.29	74.15
85.30	5.29	74.48
85.40	5.28	74.42
85.51	5.28	74.11
85.55	5.27	73.55
85.38	5.26	72.70
84.67	5.26	71.33
83.79	5.25	69.81
82.80	5.24	68.24
81.74	5.23	66.72
80.68	5.23	65.45
79.67	5.22	64.46
78.76	5.21	63.78
78.01	5.20	63.47
77.49	5.20	63.59
77.51	5.19	65.01
77.79	5.18	66.76
78.23	5.18	68.53
78.79	5.17	70.10
79.42	5.16	70.70
80.07	5.15	70.80
80.69	5.15	70.57
81.21	5.14	70.07
81.49	5.13	69.38
81.64	5.12	68.51
81.66	5.12	67.50
81.56	5.11	66.40
81.24	5.10	65.26
80.88	5.09	64.10
80.52	5.09	62.98
80.25	5.08	61.90
80.27	5.07	60.80
80.37	5.06	59.91
80.51	5.05	59.36
80.67	5.05	59.32
80.87	5.05	60.78
80.99	5.06	62.37
81.01	5.07	63.74
80.80	5.08	64.13
80.23	5.10	62.67
79.55	5.11	60.83
78.82	5.13	58.93
78.08	5.14	57.58
77.41	5.15	56.89
76.92	5.17	56.76
76.74	5.18	57.43
77.15	5.20	59.73
77.82	5.21	62.26
78.67	5.23	64.56
79.73	5.24	65.43
80.79	5.25	65.35
81.66	5.27	64.63
82.03	5.28	63.29
81.83	5.30	61.46
81.27	5.31	59.39
80.34	5.33	57.29
78.96	5.35	55.44
77.45	5.36	53.77
75.94	5.38	52.37
74.95	5.39	51.49
74.19	5.41	51.00
73.48	5.42	50.81
72.72	5.43	50.92
71.72	5.45	51.41
70.64	5.46	51.97
69.47	5.48	52.48
68.05	5.49	52.34
66.52	5.51	51.79
65.14	5.52	51.39
64.09	5.53	51.45
63.87	5.54	52.94
63.97	5.54	54.76
64.31	5.54	56.66
64.71	5.54	57.92
65.17	5.53	58.77
65.73	5.53	59.62
66.38	5.52	60.88
67.12	5.51	62.93
67.90	5.50	64.82
68.70	5.50	66.21
69.43	5.49	65.47
70.13	5.48	64.36
70.82	5.47	63.40
71.45	5.47	64.26
72.06	5.46	66.03
72.68	5.45	67.79
73.35	5.44	68.45
74.08	5.44	67.74
74.84	5.43	66.67
75.61	5.42	65.57
76.42	5.41	65.24
77.19	5.41	65.07
77.90	5.40	65.04
78.47	5.39	65.15
78.90	5.38	65.33
79.21	5.38	65.46
79.38	5.37	65.43
79.28	5.36	64.79
79.09	5.35	63.96
78.89	5.35	63.08
78.77	5.34	62.31
78.90	5.33	61.83
79.12	5.32	61.56
79.45	5.32	61.53
79.89	5.31	62.01
80.42	5.31	62.91
81.00	5.31	63.86
81.59	5.32	64.68
82.09	5.33	64.81
82.56	5.33	64.57
83.02	5.34	64.09
83.48	5.35	63.42
84.05	5.36	62.35
84.60	5.37	61.28
85.10	5.38	60.38
85.52	5.38	59.79
85.45	5.39	60.27
85.37	5.40	61.15
85.43	5.41	62.32
85.75	5.41	63.69
86.95	5.42	65.35
88.40	5.43	66.93
89.97	5.44	68.25
91.57	5.44	68.93
93.08	5.45	68.66
94.40	5.46	67.95
95.43	5.47	66.90
95.74	5.48	65.53
95.55	5.49	64.01
95.12	5.50	62.52
94.55	5.51	61.21
94.35	5.52	60.98
94.13	5.53	61.04
93.88	5.53	61.27
93.56	5.54	61.54
93.06	5.55	61.44
92.34	5.56	60.78
91.54	5.57	60.05
90.68	5.57	59.33
89.80	5.58	58.71
88.87	5.59	58.47
87.93	5.60	58.68
87.07	5.61	59.03
86.35	5.61	59.45
85.82	5.62	59.91
85.70	5.62	60.02
85.96	5.62	59.93
86.37	5.62	60.02
86.89	5.62	60.43
87.45	5.62	61.60
87.99	5.61	64.02
88.51	5.60	66.54
88.95	5.59	68.87
89.23	5.58	70.28
89.26	5.57	70.07
89.18	5.56	69.39
88.99	5.56	68.45
88.70	5.55	67.57
88.24	5.54	67.41
87.79	5.53	67.34
87.42	5.52	67.31
87.18	5.51	67.27
87.33	5.50	66.90
87.70	5.49	66.51
88.27	5.48	66.21
89.03	5.47	66.08
90.11	5.46	66.52
91.33	5.45	67.17
92.58	5.44	67.89
93.79	5.43	68.58
94.91	5.42	68.94
95.83	5.42	69.21
96.44	5.41	69.40
96.49	5.40	69.54
95.72	5.39	69.66
94.65	5.38	69.72
93.43	5.37	69.69
92.28	5.36	69.54
91.89	5.35	69.05
91.62	5.34	68.50
91.44	5.33	67.95
91.30	5.32	67.45
91.14	5.31	67.07
90.76	5.30	67.22
90.10	5.29	67.96
89.43	5.28	68.70
88.78	5.27	69.32
88.19	5.26	69.72
87.71	5.26	69.12
87.37	5.26	67.51
87.19	5.27	65.96
87.18	5.27	64.76
87.37	5.28	64.20
88.18	5.29	66.70
89.09	5.30	69.49
89.96	5.31	72.06
90.69	5.32	73.89
90.74	5.33	72.30
90.58	5.35	69.90
90.27	5.36	67.08
89.89	5.37	64.36
89.59	5.38	63.10
89.27	5.39	62.21
88.91	5.40	61.66
88.54	5.41	61.42
88.09	5.42	61.66
87.63	5.43	62.16
87.19	5.44	62.67
86.82	5.45	63.05
86.59	5.46	62.68
86.54	5.48	61.55
86.54	5.49	60.41
86.58	5.50	59.47
86.64	5.51	59.48
86.68	5.52	60.88
86.69	5.53	62.61
86.63	5.54	64.47
86.50	5.55	66.22
86.03	5.57	66.92
85.41	5.58	66.99
84.79	5.59	66.86
84.26	5.59	66.62
83.94	5.60	66.37
84.01	5.60	66.22
84.25	5.60	66.23
84.63	5.60	66.49
85.15	5.60	67.26
85.87	5.59	69.10
86.61	5.59	71.04
87.32	5.58	72.79
87.88	5.57	73.83
88.19	5.57	73.58
88.33	5.56	72.84
88.32	5.56	71.75
88.08	5.55	70.46
87.58	5.54	69.12
86.95	5.54	67.76
86.24	5.53	66.45
85.49	5.53	65.29
84.91	5.52	64.90
84.37	5.52	64.85
83.86	5.51	64.98
83.34	5.50	65.22
82.83	5.50	65.52
82.17	5.49	65.53
81.34	5.49	65.11
80.60	5.48	64.79
80.03	5.47	64.67
79.70	5.47	64.85
79.81	5.46	65.67
80.46	5.46	67.31
81.39	5.45	69.18
82.57	5.45	71.18
84.00	5.44	73.18
85.83	5.44	75.06
87.69	5.44	76.74
89.44	5.44	78.16
90.87	5.44	79.13
91.68	5.43	79.44
92.15	5.43	79.33
92.29	5.43	78.82
92.06	5.43	77.89
91.26	5.43	76.32
90.23	5.43	74.52
89.04	5.42	72.60
87.80	5.42	70.70
86.83	5.42	69.24
86.41	5.42	68.57
86.09	5.42	68.13
85.81	5.41	67.88
85.53	5.41	67.76
85.22	5.41	67.75
84.67	5.41	67.67
83.72	5.41	67.37
82.72	5.40	67.13
81.70	5.40	66.96
80.70	5.40	66.90
79.77	5.40	66.95
78.90	5.39	67.13
78.17	5.39	67.48
77.63	5.39	68.01
77.31	5.39	68.74
77.28	5.39	69.71
77.87	5.41	71.25
78.96	5.43	73.21
80.17	5.45	75.15
81.41	5.48	76.93
82.46	5.50	78.25
83.09	5.53	78.77
83.56	5.56	78.94
83.90	5.59	78.78
84.13	5.62	78.35
84.35	5.64	77.52
84.47	5.66	76.51
84.47	5.68	75.44
84.34	5.71	74.37
84.07	5.73	73.40
83.28	5.75	72.95
82.36	5.77	72.74
81.47	5.78	72.71
80.69	5.80	72.85
80.14	5.81	73.16
80.33	5.81	73.64
80.77	5.81	74.26
81.44	5.81	74.99
82.30	5.81	75.82
83.48	5.81	77.14
84.84	5.80	78.62
86.10	5.80	79.74
87.12	5.79	80.23
87.38	5.79	78.93
86.99	5.79	76.19
86.34	5.78	72.97
85.52	5.78	69.60
84.91	5.78	67.26
84.57	5.77	66.17
84.29	5.77	65.53
84.04	5.77	65.28
83.82	5.76	65.33
83.62	5.76	65.61
83.37	5.75	65.87
83.11	5.75	66.14
82.84	5.75	66.52
82.56	5.74	66.99
82.29	5.74	67.53
81.98	5.74	68.10
81.60	5.74	68.61
81.25	5.73	69.19
80.94	5.74	69.83
80.71	5.74	70.56
80.57	5.74	71.43
80.50	5.75	72.57
80.61	5.75	73.72
80.93	5.76	74.82
81.50	5.77	75.83
82.59	5.78	76.34
83.93	5.79	76.77
85.44	5.80	77.23
87.11	5.80	77.86
89.19	5.81	79.47
91.10	5.82	80.90
92.59	5.83	81.84
93.04	5.84	81.41
92.20	5.85	79.27
90.86	5.87	76.52
89.23	5.88	73.45
88.19	5.90	71.19
87.70	5.90	69.74
87.36	5.91	68.60
87.14	5.92	67.74
86.99	5.93	67.12
86.87	5.93	66.73
86.66	5.94	66.52
86.23	5.95	66.45
85.77	5.96	66.52
85.29	5.96	66.69
84.78	5.97	66.93
84.27	5.98	67.22
83.62	5.98	67.44
82.87	5.99	67.57
82.21	6.00	67.73
81.69	6.00	67.95
81.37	6.01	68.21
81.39	6.01	68.38
81.81	6.01	68.44
82.48	6.01	68.83
83.40	6.01	69.69
84.61	6.01	71.55
86.14	6.01	74.90
87.78	6.01	78.39
89.45	6.01	81.64
91.14	6.01	83.84
92.72	6.01	84.86
93.95	6.01	84.97
94.69	6.01	84.12
94.07	6.01	81.36
92.72	6.01	77.62
91.01	6.01	73.46
89.12	6.01	69.24
88.11	6.01	67.04
87.56	6.02	66.03
87.18	6.02	65.61
86.93	6.02	65.67
86.76	6.02	66.11
86.62	6.02	66.81
86.39	6.02	67.54
85.85	6.02	67.94
85.27	6.02	68.38
84.66	6.02	68.83
84.01	6.02	69.26
83.32	6.02	69.64
82.60	6.02	69.86
81.83	6.02	69.74
81.05	6.02	69.55
80.25	6.02	69.33
79.46	6.02	69.11
78.67	6.02	68.91
77.74	6.02	68.94
76.76	6.02	69.14
75.91	6.02	69.33
75.27	6.02	69.48
74.90	6.02	69.56
75.15	6.02	69.27
75.91	6.02	68.74
76.83	6.03	68.30
77.84	6.03	68.03
78.75	6.03	68.36
79.49	6.03	69.32
80.15	6.03	70.36
80.74	6.03	71.32
81.17	6.04	71.66
81.47	6.04	71.42
81.71	6.04	71.00
81.93	6.04	70.49
82.26	6.04	70.14
82.75	6.04	70.08
83.22	6.05	70.08
83.63	6.05	70.13
83.94	6.05	70.21
83.89	6.05	70.25
83.48	6.05	70.26
83.02	6.05	70.28
82.57	6.05	70.32
82.22	6.06	70.40
82.26	6.06	70.47
82.54	6.06	70.60
82.92	6.06	70.82
83.40	6.07	71.16
83.91	6.07	71.79
84.45	6.07	72.66
85.01	6.08	73.60
85.59	6.08	74.54
86.15	6.08	75.44
86.71	6.09	76.25
87.22	6.09	76.85
87.67	6.09	77.17
88.04	6.10	77.07
88.33	6.10	75.92
88.49	6.10	74.57
88.53	6.10	73.16
88.42	6.11	71.88
87.92	6.11	71.57
87.32	6.11	71.43
86.71	6.12	71.32
86.15	6.12	71.06
85.76	6.12	70.04
85.54	6.13	69.10
85.53	6.13	68.44
85.94	6.13	68.67
86.80	6.14	69.97
87.78	6.14	71.51
88.77	6.14	73.04
89.64	6.14	73.99
90.28	6.15	74.49
90.60	6.15	74.60
90.41	6.16	74.24
89.17	6.16	73.17
87.57	6.16	71.74
85.81	6.17	70.06
84.27	6.17	68.24
83.47	6.18	66.42
82.87	6.18	64.64
82.41	6.18	63.01
82.05	6.19	61.61
81.75	6.19	60.55
81.30	6.19	60.88
80.84	6.19	61.64
80.38	6.20	62.54
79.90	6.20	63.45
79.41	6.20	64.24
78.71	6.21	63.93
77.89	6.21	62.80
77.15	6.21	61.64
76.54	6.22	60.62
76.13	6.22	59.92
76.11	6.22	60.32
76.50	6.22	61.74
77.15	6.22	63.47
78.06	6.22	65.38
79.24	6.22	67.32
80.99	6.22	68.99
82.82	6.22	70.51
84.59	6.22	71.80
86.07	6.21	72.71
86.95	6.21	73.04
87.57	6.21	73.10
87.96	6.21	72.95
88.15	6.21	72.71
88.18	6.21	72.45
88.05	6.21	72.13
87.79	6.20	71.79
87.43	6.20	71.46
87.01	6.20	71.31
86.54	6.20	71.30
86.02	6.20	71.31
85.48	6.20	71.32
84.93	6.20	71.30
84.38	6.19	71.24
83.63	6.19	70.73
82.94	6.19	70.13
82.42	6.19	69.62
82.16	6.19	69.28
82.24	6.19	69.17
83.24	6.19	69.67
84.61	6.18	70.50
86.15	6.18	71.57
87.74	6.18	72.85
89.19	6.17	74.60
90.46	6.17	76.47
91.54	6.17	78.12
92.35	6.16	79.36
92.45	6.16	79.07
92.27	6.16	78.23
91.89	6.15	77.02
91.40	6.15	75.60
91.27	6.15	74.54
91.30	6.14	73.70
91.33	6.14	72.97
91.32	6.14	72.37
91.26	6.14	71.93
91.09	6.13	71.68
90.39	6.13	72.05
89.56	6.13	72.62
88.72	6.12	73.27
87.94	6.12	73.91
87.27	6.12	74.49
87.03	6.11	74.54
87.10	6.11	74.29
87.26	6.11	74.07
87.47	6.10	74.00
87.64	6.10	74.26
87.53	6.10	75.36
87.44	6.10	76.64
87.41	6.10	77.99
87.49	6.10	79.32
88.12	6.10	80.58
88.81	6.10	81.58
89.40	6.10	82.16
89.79	6.10	82.18
89.36	6.10	80.69
88.58	6.10	78.54
87.63	6.10	76.10
86.61	6.09	73.59
85.95	6.09	72.11
85.46	6.09	71.15
85.04	6.09	70.41
84.68	6.09	69.83
84.37	6.09	69.33
84.10	6.09	68.79
83.86	6.09	67.86
83.62	6.09	66.94
83.36	6.09	66.06
83.07	6.09	65.24
82.73	6.09	64.50
82.19	6.09	64.03
81.59	6.09	63.68
80.93	6.09	63.43
80.23	6.08	63.25
79.51	6.08	63.14
78.80	6.08	62.98
78.08	6.08	62.81
77.37	6.08	62.73
76.67	6.08	62.76
75.98	6.08	62.93
75.29	6.08	63.27
74.44	6.08	64.18
73.66	6.08	65.19
73.00	6.08	66.25
72.52	6.08	67.30
72.24	6.08	68.26
72.39	6.08	68.67
72.88	6.08	68.77
73.60	6.08	68.94
74.53	6.08	69.29
75.67	6.08	70.10
77.12	6.08	72.10
78.63	6.08	74.04
80.10	6.08	75.62
81.35	6.08	76.01
82.24	6.09	74.66
82.98	6.09	72.87
83.61	6.09	70.95
84.18	6.09	69.85
84.74	6.09	70.02
85.22	6.09	70.51
85.61	6.09	71.18
85.89	6.09	71.88
86.02	6.09	71.98
86.00	6.10	71.58
85.87	6.10	71.04
85.64	6.10	70.40
85.32	6.10	69.72
84.84	6.10	68.99
84.01	6.10	68.16
83.20	6.10	67.45
82.47	6.10	66.94
81.92	6.10	66.73
81.61	6.10	66.87
82.08	6.10	68.31
82.82	6.10	70.03
83.75	6.11	71.78
84.79	6.11	73.38
85.90	6.11	74.26
87.02	6.11	74.55
88.07	6.11	74.60
88.99	6.11	74.48
89.51	6.11	74.42
89.80	6.11	74.32
89.95	6.11	74.17
90.02	6.12	73.95
90.19	6.12	73.68
90.36	6.12	73.35
90.48	6.12	72.98
90.51	6.12	72.57
90.45	6.12	72.12
90.15	6.12	71.61
89.74	6.12	71.08
89.23	6.12	70.54
88.63	6.13	70.00
87.94	6.13	69.48
87.00	6.13	68.90
86.05	6.13	68.39
85.14	6.13	67.97
84.31	6.13	67.67
83.67	6.13	67.60
83.37	6.13	67.96
83.24	6.13	68.40
83.28	6.13	68.84
83.49	6.13	69.23
84.00	6.12	69.09
84.61	6.11	68.91
85.27	6.11	68.80
85.91	6.10	68.97
86.48	6.09	69.97
86.92	6.08	70.99
87.16	6.08	71.84
87.09	6.07	72.14
86.41	6.06	71.16
85.53	6.06	69.74
84.54	6.05	68.01
83.52	6.04	66.10
82.83	6.03	64.27
82.26	6.02	62.49
81.84	6.01	60.85
81.57	6.01	59.41
81.49	6.00	58.28
81.74	6.01	57.67
82.28	6.02	57.61
82.95	6.03	57.98
83.69	6.04	58.79
84.47	6.05	60.12
85.19	6.07	63.20
85.86	6.08	66.30
86.48	6.10	69.02
87.00	6.11	70.92
87.28	6.13	69.62
87.38	6.15	66.16
87.40	6.17	62.23
87.36	6.18	58.40
87.34	6.20	55.98
87.51	6.22	57.43
87.64	6.23	59.73
87.67	6.24	62.50
87.58	6.26	65.35
87.28	6.27	67.77
86.19	6.28	67.61
85.04	6.29	67.08
83.98	6.30	66.35
83.12	6.31	65.61
82.87	6.31	65.08
83.37	6.31	64.95
84.07	6.31	65.23
84.87	6.31	66.04
85.63	6.30	68.20
86.25	6.30	71.78
86.69	6.29	75.24
86.88	6.29	78.03
86.38	6.28	77.86
85.39	6.27	75.50
84.24	6.27	72.39
83.07	6.26	69.00
82.45	6.26	67.28
82.44	6.25	67.35
82.57	6.24	67.90
82.77	6.24	68.70
82.95	6.23	69.57
83.04	6.23	70.31
82.33	6.22	69.29
81.58	6.21	68.23
80.85	6.21	67.32
80.23	6.20	66.72
79.84	6.20	67.38
79.73	6.19	69.13
79.91	6.19	70.78
80.42	6.19	71.97
81.54	6.20	70.86
83.09	6.21	68.46
84.82	6.22	66.28
86.59	6.23	65.26
88.18	6.24	68.10
89.65	6.25	71.62
90.95	6.25	75.07
91.86	6.26	76.49
92.44	6.27	76.11
92.89	6.28	75.14
93.29	6.29	73.89
93.99	6.30	72.97
94.63	6.31	72.25
95.14	6.32	71.90
95.36	6.33	72.42
95.14	6.34	74.39
94.74	6.35	76.53
94.19	6.36	78.47
93.66	6.38	78.90
93.14	6.39	77.89
92.57	6.40	76.37
91.94	6.41	74.55
91.21	6.42	72.82
90.24	6.43	71.81
89.26	6.43	70.99
88.33	6.44	70.38
87.50	6.45	70.01
86.89	6.45	69.90
86.58	6.46	70.10
86.46	6.46	70.58
86.53	6.46	71.36
86.86	6.46	72.58
87.55	6.45	74.55
88.30	6.45	76.52
89.04	6.44	78.27
89.51	6.43	79.17
89.64	6.43	78.99
89.63	6.42	78.43
89.54	6.41	77.65
89.48	6.41	77.07
89.45	6.40	76.72
89.38	6.39	76.41
89.24	6.38	76.12
89.04	6.38	75.85
88.60	6.37	75.55
88.09	6.36	75.27
87.54	6.36	75.01
86.97	6.35	74.78
86.40	6.34	74.59
85.95	6.35	74.42
85.53	6.35	74.29
85.15	6.35	74.24
84.82	6.33	74.27
84.52	6.31	74.38
84.05	6.25	74.26
83.73	6.17	74.40
83.63	6.10	74.94
83.84	6.01	76.00
84.75	5.94	78.58
86.07	5.86	81.84
87.60	5.78	85.10
89.24	5.70	88.03
90.84	5.63	89.49
92.37	5.55	90.28
93.79	5.47	90.53
94.96	5.39	90.27
95.77	5.32	89.56
96.33	5.24	88.52
96.64	5.16	87.25
96.60	5.08	85.89
96.22	4.99	84.56
95.65	4.91	83.21
94.94	4.84	81.88
94.17	4.78	80.61
93.60	4.75	79.63
93.01	4.75	78.74
92.41	4.76	77.94
91.80	4.79	77.21
91.17	4.85	76.54
90.50	4.94	75.84
89.81	5.07	75.15
89.09	5.20	74.52
88.35	5.35	73.95
87.58	5.51	73.45
86.80	5.66	73.03
85.88	5.81	72.84
84.92	5.96	72.76
83.99	6.09	72.72
83.11	6.21	72.70
82.31	6.31	72.66
81.62	6.39	72.59
81.02	6.42	71.71
80.59	6.42	70.95
80.37	6.42	70.49
80.39	6.41	70.49
80.78	6.39	71.45
81.84	6.39	74.38
83.00	6.39	77.43
84.14	6.39	80.21
85.04	6.39	82.02
85.24	6.38	81.51
85.29	6.38	80.26
85.25	6.38	78.52
85.28	6.38	76.56
85.70	6.38	74.82
86.18	6.38	73.20
86.66	6.37	71.82
87.11	6.37	70.84
87.44	6.37	70.79
87.52	6.37	72.43
87.51	6.37	74.37
87.40	6.37	76.38
87.21	6.36	78.19
86.85	6.36	78.93
86.25	6.36	77.81
85.68	6.36	76.43
85.21	6.36	75.05
84.91	6.36	73.93
85.08	6.36	74.01
85.69	6.36	75.22
86.46	6.36	76.74
87.34	6.37	78.41
88.23	6.37	80.02
89.06	6.37	81.40
89.86	6.38	82.52
90.61	6.38	83.27
91.29	6.38	83.17
91.85	6.39	82.10
92.30	6.39	80.76
92.60	6.39	79.40
92.70	6.39	78.57
92.53	6.40	78.90
92.21	6.40	79.37
91.77	6.40	79.79
91.25	6.41	79.98
90.77	6.41	78.52
90.25	6.41	76.53
89.68	6.42	74.36
89.06	6.42	72.19
88.37	6.42	70.22
87.53	6.43	69.60
86.61	6.43	69.75
85.67	6.43	70.19
84.75	6.43	70.81
83.87	6.44	71.51
83.04	6.44	71.96
82.20	6.44	71.49
81.54	6.44	71.15
81.13	6.44	71.09
81.02	6.44	71.44
81.40	6.44	72.71
82.46	6.44	75.47
83.80	6.43	78.44
85.34	6.43	81.36
87.01	6.43	83.79
88.72	6.42	85.21
90.40	6.42	86.24
91.97	6.42	86.91
93.22	6.41	87.37
94.15	6.41	87.60
94.88	6.41	87.53
95.41	6.40	87.14
95.76	6.40	86.06
95.95	6.40	84.55
96.01	6.39	82.96
95.97	6.39	81.45
95.90	6.39	80.46
95.88	6.38	80.61
95.80	6.38	81.04
95.64	6.38	81.62
95.38	6.37	82.26
94.95	6.37	82.61
94.25	6.37	82.31
93.48	6.36	81.90
92.66	6.36	81.43
91.85	6.36	80.96
91.06	6.36	80.54
90.37	6.35	80.32
89.78	6.35	80.20
89.32	6.34	80.18
89.03	6.34	80.28
89.10	6.34	80.78
89.50	6.34	81.60
89.96	6.34	82.27
90.41	6.34	82.60
90.57	6.34	81.84
90.39	6.34	79.93
90.15	6.34	77.88
89.91	6.35	75.98
89.87	6.35	75.29
90.16	6.35	76.40
90.49	6.35	78.01
90.81	6.35	79.88
91.07	6.35	81.77
91.01	6.35	82.92
90.56	6.35	83.03
90.04	6.35	82.94
89.51	6.35	82.71
89.02	6.35	82.45
88.72	6.35	82.42
88.60	6.35	82.55
88.61	6.35	82.74
88.76	6.35	82.99
89.20	6.35	83.42
89.96	6.36	84.04
90.70	6.36	84.52
91.33	6.36	84.74
91.47	6.36	84.19
91.09	6.36	82.86
90.54	6.36	81.32
89.91	6.36	79.74
89.48	6.36	78.67
89.40	6.36	78.37
89.36	6.36	78.31
89.32	6.36	78.43
89.25	6.36	78.65
89.06	6.36	78.88
88.20	6.37	78.52
87.35	6.37	78.26
86.60	6.37	78.16
86.06	6.37	78.30
85.89	6.37	78.86
86.59	6.37	80.47
87.55	6.37	82.23
88.70	6.37	83.98
89.97	6.37	85.57
91.31	6.36	86.43
92.60	6.36	86.96
93.77	6.36	87.20
94.68	6.36	87.12
94.99	6.36	86.57
95.07	6.36	85.85
94.97	6.36	85.07
94.79	6.35	84.34
94.86	6.35	84.25
94.89	6.35	84.31
94.85	6.35	84.46
94.72	6.35	84.65
94.47	6.35	84.83
93.73	6.34	84.75
92.85	6.34	84.59
91.99	6.34	84.41
91.23	6.34	84.23
90.76	6.34	84.10
90.97	6.34	84.16
91.29	6.34	84.17
91.61	6.34	84.06
91.82	6.34	83.79
91.38	6.34	82.82
90.76	6.35	81.70
90.05	6.35	80.58
89.31	6.35	79.59
88.82	6.35	79.38
88.49	6.35	79.68
88.19	6.35	80.16
87.88	6.35	80.71
87.55	6.35	81.22
86.89	6.36	81.17
86.07	6.36	80.77
85.35	6.36	80.40
84.84	6.36	80.16
84.72	6.36	80.27
85.39	6.34	81.16
86.24	6.33	82.14
87.16	6.30	83.06
87.92	6.27	83.59
88.35	6.24	83.53
88.72	6.20	83.32
89.08	6.15	83.03
89.60	6.11	82.88
90.20	6.07	82.84
90.74	6.03	82.90
91.17	5.99	83.08
91.32	5.95	83.54
91.20	5.91	84.20
90.96	5.87	84.91
90.62	5.83	85.60
90.16	5.79	86.31
89.65	5.75	86.87
89.23	5.71	87.10
88.95	5.67	86.86
89.07	5.62	85.02
89.40	5.58	82.97
89.90	5.55	81.12
90.64	5.53	80.50
91.58	5.54	81.19
92.48	5.55	82.28
93.22	5.58	83.47
93.37	5.59	84.01
93.27	5.61	84.34
92.97	5.62	84.44
92.53	5.63	84.25
92.06	5.65	83.69
91.47	5.66	82.87
90.75	5.67	81.80
89.92	5.68	80.51
88.63	5.70	78.31
87.29	5.71	76.06
86.07	5.72	74.13
85.10	5.72	72.81
84.85	5.73	73.38
85.22	5.72	75.45
85.81	5.72	77.84
86.53	5.71	80.17
87.15	5.70	81.45
87.68	5.68	81.94
88.14	5.66	81.93
88.46	5.64	81.41
88.48	5.63	80.05
88.38	5.61	78.46
88.22	5.59	76.86
88.08	5.57	75.78
88.07	5.55	75.70
88.03	5.54	75.83
87.93	5.52	76.01
87.72	5.50	75.99
87.29	5.48	75.30
86.76	5.46	74.45
86.16	5.45	73.48
85.49	5.43	72.45
84.54	5.41	71.41
83.64	5.39	70.40
82.94	5.38	69.49
82.53	5.36	68.71
83.01	5.34	68.12
83.84	5.32	67.77
84.87	5.31	67.70
86.00	5.30	68.05
87.07	5.29	69.28
88.09	5.28	70.60
89.01	5.27	71.78
89.68	5.26	72.20
90.05	5.26	71.60
90.22	5.25	70.63
90.21	5.24	69.43
89.95	5.23	68.17
89.42	5.22	67.01
88.83	5.22	65.95
88.26	5.21	65.05
87.83	5.20	64.48
87.74	5.19	64.60
87.83	5.18	64.92
88.11	5.17	65.35
88.63	5.17	65.82
89.68	5.16	66.25
90.75	5.16	66.52
91.72	5.16	66.53
92.23	5.16	65.97
92.04	5.16	64.63
91.58	5.16	63.05
90.94	5.16	61.40
90.26	5.16	60.03
89.69	5.16	59.31
89.10	5.16	58.77
88.49	5.16	58.38
87.87	5.16	58.08
87.09	5.16	57.63
86.24	5.15	57.11
85.53	5.15	56.73
85.06	5.16	56.57
85.02	5.16	56.80
85.82	5.16	57.83
86.86	5.16	58.97
88.00	5.16	60.08
89.09	5.16	60.91
89.86	5.16	61.11
90.50	5.16	60.99
90.98	5.16	60.53
91.23	5.17	59.60
91.18	5.17	58.06
90.96	5.17	56.36
90.63	5.17	54.69
90.23	5.17	53.20
89.87	5.17	52.85
89.52	5.17	52.94
89.14	5.17	53.20
88.75	5.18	53.55
88.32	5.18	53.71
87.71	5.18	53.20
87.21	5.18	52.71
86.89	5.18	52.35
86.85	5.18	52.23
87.65	5.18	53.18
88.81	5.18	54.45
90.04	5.18	55.67
91.23	5.18	56.61
91.89	5.17	56.34
92.28	5.17	55.52
92.50	5.17	54.45
92.57	5.17	53.28
92.54	5.17	52.47
92.40	5.16	51.78
92.15	5.16	51.22
91.80	5.16	50.80
91.30	5.16	50.60
90.57	5.16	50.68
89.86	5.15	50.91
89.26	5.15	51.28
88.84	5.15	51.77
89.02	5.15	52.44
89.49	5.16	53.17
90.09	5.16	53.86
90.75	5.17	54.44
91.30	5.17	54.68
91.77	5.18	54.69
92.17	5.19	54.56
92.51	5.19	54.32
92.70	5.20	54.03
92.79	5.21	53.68
92.78	5.21	53.24
92.66	5.22	52.74
92.41	5.23	52.09
92.03	5.23	51.34
91.56	5.24	50.60
91.03	5.24	49.91
90.44	5.25	49.34
89.62	5.25	48.99
88.83	5.26	48.82
88.16	5.26	48.86
87.69	5.27	49.13
87.72	5.27	49.85
88.18	5.27	50.90
88.81	5.28	52.07
89.53	5.28	53.24
90.16	5.28	54.25
90.72	5.29	55.06
91.25	5.29	55.72
91.75	5.29	56.17
92.30	5.30	56.29
92.83	5.30	56.14
93.25	5.30	55.78
93.50	5.30	55.22
93.39	5.31	54.35
92.82	5.31	53.16
92.10	5.31	51.98
91.31	5.32	50.95
90.51	5.32	50.18
89.77	5.32	50.31
89.17	5.32	50.86
88.78	5.32	51.70
88.69	5.32	52.76
89.32	5.32	54.14
90.44	5.32	55.66
91.75	5.32	57.09
93.11	5.31	58.27
94.25	5.31	58.73
95.18	5.30	58.62
95.97	5.29	58.20
96.58	5.29	57.51
96.87	5.28	56.62
96.93	5.27	55.58
96.80	5.26	54.49
96.50	5.26	53.40
96.01	5.25	52.46
95.31	5.24	51.80
94.54	5.24	51.28
93.73	5.23	50.92
92.95	5.22	50.73
92.27	5.22	50.80
91.76	5.21	51.14
91.36	5.20	51.59
91.11	5.20	52.09
91.05	5.19	52.58
91.36	5.18	52.98
91.74	5.18	53.30
92.13	5.17	53.53
92.39	5.16	53.61
92.39	5.15	53.44
92.26	5.14	53.15
92.00	5.13	52.77
91.59	5.13	52.30
90.99	5.12	51.78
90.28	5.11	51.22
89.48	5.10	50.66
88.61	5.09	50.11
87.58	5.09	49.66
86.52	5.08	49.27
85.55	5.07	48.93
84.71	5.06	48.63
84.20	5.06	48.33
84.16	5.05	47.96
84.32	5.06	47.74
84.61	5.06	47.72
85.00	5.06	48.14
85.43	5.07	49.30
85.87	5.08	50.56
86.28	5.10	51.75
86.57	5.11	52.43
86.68	5.12	52.36
86.70	5.13	52.05
86.63	5.14	51.60
86.48	5.15	51.30
86.25	5.16	51.23
85.96	5.17	51.10
85.61	5.18	50.85
85.16	5.19	50.24
84.53	5.20	48.79
83.95	5.21	47.38
83.49	5.22	46.22
83.24	5.23	45.56
83.51	5.24	46.61
84.02	5.25	48.11
84.73	5.26	49.86
85.61	5.27	51.60
86.65	5.28	52.95
87.78	5.29	54.14
88.95	5.30	55.12
90.10	5.31	55.79
91.20	5.32	56.12
92.20	5.33	56.20
93.06	5.35	56.03
93.64	5.36	55.51
94.02	5.37	54.82
94.21	5.38	54.05
94.20	5.39	53.32
93.98	5.40	52.74
93.62	5.41	52.24
93.13	5.43	51.85
92.43	5.44	51.61
91.66	5.45	51.52
90.99	5.46	51.58
90.53	5.47	51.82
90.87	5.47	52.49
91.45	5.47	53.26
92.12	5.47	54.00
92.75	5.47	54.55
93.12	5.47	54.71
93.31	5.46	54.61
93.29	5.46	54.25
92.83	5.46	53.39
91.98	5.46	52.12
90.94	5.45	50.76
89.80	5.45	49.45
88.69	5.45	48.72
87.65	5.45	48.52
86.69	5.45	48.50
85.86	5.44	48.57
85.22	5.44	48.56
84.96	5.44	48.02
84.85	5.44	47.61
84.88	5.43	47.47
85.00	5.43	47.82
85.20	5.43	49.48
85.44	5.43	51.38
85.66	5.42	53.29
85.81	5.42	54.75
85.83	5.42	55.17
85.76	5.42	55.26
85.57	5.42	55.11
85.25	5.41	54.83
84.54	5.41	54.78
83.77	5.41	54.66
83.01	5.41	54.49
82.34	5.40	54.24
82.01	5.40	53.69
81.94	5.40	53.03
82.05	5.40	52.46
82.33	5.39	52.08
82.85	5.39	52.25
83.56	5.39	52.94
84.32	5.39	53.82
85.08	5.39	54.80
85.66	5.38	55.70
86.07	5.38	56.50
86.38	5.38	57.23
86.62	5.38	57.86
86.85	5.37	58.33
87.05	5.37	58.63
87.16	5.37	58.76
87.17	5.37	58.68
87.05	5.36	58.37
86.54	5.36	57.54
85.95	5.36	56.55
85.33	5.36	55.47
84.75	5.36	54.37
84.32	5.35	53.16
84.06	5.35	52.05
83.96	5.35	51.31
84.04	5.35	51.07
84.44	5.34	52.23
85.14	5.33	54.71
86.01	5.32	57.31
86.99	5.31	59.62
88.07	5.30	60.37
89.19	5.29	59.72
90.24	5.28	58.65
91.15	5.28	57.44
91.63	5.27	57.04
91.86	5.26	56.93
91.90	5.25	56.87
91.81	5.24	56.80
91.66	5.23	56.35
91.42	5.22	55.75
91.12	5.21	55.10
90.75	5.20	54.45
90.35	5.19	53.86
89.93	5.18	53.36
89.49	5.18	52.96
89.03	5.17	52.68
88.57	5.16	52.53
88.11	5.15	52.91
87.66	5.14	53.42
87.23	5.13	53.89
86.83	5.12	54.22
86.42	5.11	53.92
86.00	5.10	52.96
85.70	5.09	51.96
85.55	5.08	51.08
85.69	5.08	50.70
86.25	5.07	51.17
86.92	5.06	51.87
87.64	5.06	52.70
88.26	5.06	53.53
88.74	5.05	54.27
89.09	5.05	54.81
89.29	5.06	55.06
89.29	5.06	54.90
89.07	5.06	54.25
88.60	5.06	52.99
87.84	5.06	51.03