0.303267	0.735555	0.724400
0.311088	0.738889	0.692996
0.304758	0.742222	0.668976
0.297170	0.744444	0.676056
0.296872	0.746667	0.682337
0.313606	0.747778	0.706509
0.332593	0.744444	0.720023
0.332991	0.744444	0.699353
0.312943	0.744444	0.666768
0.304825	0.744444	0.683175
0.308702	0.744444	0.721507
0.319504	0.742222	0.745032
0.328749	0.740000	0.730758
0.316886	0.736667	0.705177
0.300119	0.733333	0.687400
0.289847	0.728889	0.683061
0.285274	0.725555	0.689570
0.299258	0.723333	0.715531
0.316986	0.721111	0.729311
0.320399	0.721111	0.715226
0.313109	0.721111	0.708565
0.306415	0.721111	0.707080
0.311817	0.721111	0.726075
0.330241	0.721111	0.754473
0.345252	0.721111	0.741378
0.344291	0.721111	0.698021
0.344721	0.721111	0.693605
0.354464	0.721111	0.727598
0.366393	0.720000	0.729425
0.362184	0.717778	0.724477
0.351647	0.716667	0.721964
0.354099	0.714444	0.729045
0.364438	0.713333	0.769775
0.355723	0.711111	0.746517
0.333819	0.708889	0.709478
0.313241	0.707778	0.707537
0.300053	0.705555	0.708298
0.307211	0.704444	0.728512
0.319040	0.704444	0.735097
0.318046	0.704444	0.713932
0.307012	0.704444	0.699277
0.300815	0.704444	0.707689
0.314103	0.704444	0.733498
0.340347	0.704444	0.756643
0.356783	0.707778	0.755539
0.351050	0.707778	0.731823
0.340679	0.707778	0.712181
0.331732	0.711111	0.706281
0.329975	0.711111	0.717054
0.344092	0.711111	0.740693
0.350653	0.713333	0.733879
0.343164	0.714444	0.713475
0.329644	0.715555	0.706585
0.322586	0.717778	0.718196
0.328153	0.717778	0.737305
0.339618	0.718889	0.744842
0.348168	0.721111	0.739627
0.352111	0.721111	0.748192
0.353337	0.723333	0.759878
0.352243	0.724444	0.776742
0.353271	0.724444	0.769281
0.354331	0.727778	0.720251
0.355325	0.727778	0.739322
0.356352	0.728889	0.750514
0.357380	0.731111	0.729806
0.350056	0.731111	0.704987
0.332825	0.732222	0.699962
0.319869	0.734444	0.703997
0.324674	0.734444	0.716711
0.340712	0.733333	0.732242
0.342932	0.731111	0.734298
0.332328	0.731111	0.722802
0.321393	0.727778	0.708375
0.326065	0.727778	0.728702
0.348267	0.727778	0.767720
0.367387	0.727778	0.770423
0.353536	0.727778	0.714884
0.310988	0.727778	0.634107
0.286600	0.730000	0.607499
0.274140	0.731111	0.623601
0.263006	0.731111	0.649600
0.245609	0.731111	0.651846
0.234741	0.731111	0.675600
0.242461	0.731111	0.725961
0.266022	0.731111	0.776209
0.280668	0.731111	0.784812
0.266684	0.730000	0.742634
0.251607	0.727778	0.714960
0.240771	0.727778	0.700799
0.236099	0.727778	0.702550
0.240009	0.727778	0.729958
0.249685	0.727778	0.737153
0.257804	0.731111	0.717092
0.257572	0.731111	0.685725
0.247995	0.734444	0.661820
0.240274	0.734444	0.651694
0.241732	0.736667	0.667035
0.255186	0.738889	0.706471
0.272583	0.741111	0.718919
0.281264	0.744444	0.701332
0.280933	0.747778	0.683099
0.278580	0.750000	0.689912
0.278746	0.751111	0.703578
0.292266	0.751111	0.726913
0.313738	0.746667	0.745108
0.316886	0.743333	0.724400
0.309199	0.738889	0.697982
0.298231	0.735555	0.690065
0.295778	0.730000	0.707385
0.316787	0.727778	0.736467
0.339883	0.724444	0.744537
0.344887	0.724444	0.732356
0.332660	0.724444	0.719033
0.327225	0.724444	0.722193
0.337299	0.724444	0.742101
0.342037	0.724444	0.740350
0.326894	0.723333	0.704301
0.306846	0.721111	0.679597
0.291504	0.721111	0.679406
0.292895	0.721111	0.699581
0.311783	0.721111	0.723601
0.322818	0.721111	0.726456
0.317317	0.723333	0.705520
0.306018	0.724444	0.698477
0.302406	0.724444	0.716064
0.315627	0.726667	0.736087
0.343230	0.727778	0.766844
0.362549	0.730000	0.774648
0.362350	0.731111	0.751351
0.349924	0.732222	0.724971
0.340513	0.734444	0.731252
0.343396	0.734444	0.741797
0.350189	0.734444	0.738066
0.341275	0.734444	0.719147
0.317019	0.733333	0.683061
0.300119	0.731111	0.663228
0.295215	0.731111	0.671184
0.296574	0.732222	0.698059
0.314733	0.734444	0.719490
0.322487	0.735555	0.709288
0.311452	0.737778	0.681271
0.295944	0.740000	0.666540
0.286732	0.741111	0.668100
0.293989	0.745555	0.692920
0.315296	0.750000	0.727370
0.335178	0.755555	0.741150
0.345020	0.760000	0.739551
0.346080	0.765555	0.750666
0.355424	0.766667	0.771450
0.378388	0.757778	0.774001
0.371661	0.730000	0.734716
0.350123	0.697778	0.701294
0.325071	0.667778	0.695699
0.307211	0.637778	0.718272
0.318477	0.607778	0.748040
0.327722	0.573333	0.755919
0.324044	0.536667	0.741150
0.316157	0.501111	0.722002
0.310856	0.464444	0.713970
0.320266	0.442222	0.727598
0.325469	0.441111	0.716407
0.311518	0.451111	0.668633
0.284910	0.458889	0.616901
0.270296	0.465555	0.598553
0.265326	0.470000	0.599543
0.272550	0.473333	0.608717
0.302638	0.474444	0.624781
0.326463	0.474444	0.622421
0.327026	0.475555	0.578721
0.310856	0.477778	0.517434
0.300186	0.477778	0.499201
0.303300	0.477778	0.509402
0.318378	0.477778	0.525581
0.332328	0.477778	0.520594
0.323381	0.477778	0.476094
0.307542	0.474444	0.439208
0.297700	0.474444	0.436087
0.289217	0.474444	0.444461
0.291769	0.475555	0.459764
0.303698	0.477778	0.468633
0.302870	0.480000	0.445108
0.290046	0.481111	0.412752
0.275863	0.483333	0.393072
0.270661	0.484444	0.398630
0.272351	0.485555	0.420670
0.292929	0.487778	0.460259
0.331997	0.487778	0.501789
0.354530	0.490000	0.496574
0.329048	0.491111	0.429425
0.297733	0.491111	0.377274
0.294950	0.494444	0.391016
0.302571	0.494444	0.430681
0.313175	0.493333	0.464104
0.318974	0.490000	0.459421
0.304261	0.485555	0.416597
0.287063	0.480000	0.381119
0.283319	0.475555	0.385877
0.282159	0.472222	0.411877
0.286964	0.466667	0.439018
0.297303	0.461111	0.448192
0.295546	0.454444	0.433308
0.285373	0.448889	0.412638
0.273113	0.442222	0.401408
0.265259	0.435555	0.409022
0.274240	0.434444	0.437686
0.294122	0.436667	0.462962
0.308370	0.443333	0.457708
0.303002	0.448889	0.430643
0.294784	0.454444	0.408679
0.295314	0.457778	0.412105
0.306780	0.461111	0.448687
0.321923	0.461111	0.465169
0.328352	0.461111	0.452569
0.321194	0.461111	0.427179
0.311750	0.461111	0.407195
0.301975	0.463333	0.399543
0.299457	0.464444	0.413437
0.315296	0.466667	0.455957
0.333753	0.468889	0.477693
0.340314	0.471111	0.467986
0.332626	0.474444	0.447126
0.325966	0.474444	0.451466
0.330704	0.477778	0.467644
0.329114	0.477778	0.459726
0.305984	0.477778	0.414427
0.282192	0.477778	0.383479
0.262642	0.477778	0.376742
0.256743	0.477778	0.398858
0.277951	0.476667	0.447925
0.288820	0.471111	0.456186
0.281861	0.461111	0.428968
0.267049	0.451111	0.403807
0.253165	0.442222	0.403007
0.255782	0.436667	0.431595
0.268606	0.436667	0.454397
0.274836	0.444444	0.437648
0.275101	0.451111	0.424134
0.277421	0.456667	0.415988
0.282192	0.463333	0.414998
0.285771	0.466667	0.424096
0.298429	0.467778	0.433841
0.306548	0.464444	0.429616
0.298032	0.463333	0.405443
0.277354	0.461111	0.372174
0.257008	0.460000	0.358356
0.247863	0.457778	0.368215
0.255252	0.454444	0.394785
0.269435	0.454444	0.423753
0.281430	0.454444	0.404416
0.291305	0.454444	0.378759
0.301113	0.454444	0.416064
