0.201674	0.518199	0.519677
0.210272	0.518199	0.547862
0.239737	0.516992	0.590060
0.247748	0.513541	0.572886
0.227154	0.509574	0.499661
0.215976	0.504399	0.471144
0.210136	0.500259	0.474218
0.206885	0.495774	0.496486
0.212652	0.491634	0.527571
0.227720	0.490599	0.555280
0.245682	0.492324	0.565237
0.246553	0.495084	0.539117
0.230971	0.497499	0.493369
0.219227	0.499741	0.478115
0.214854	0.500949	0.483887
0.219992	0.500949	0.499863
0.222016	0.499224	0.505823
0.216291	0.495084	0.497309
0.204368	0.491116	0.484609
0.193673	0.487149	0.475618
0.190391	0.483698	0.479024
0.199409	0.479558	0.517801
0.210209	0.476798	0.556809
0.204337	0.475073	0.533200
0.192970	0.475073	0.499040
0.182799	0.473348	0.478115
0.177944	0.472141	0.477682
0.183638	0.472141	0.503990
0.201464	0.475073	0.552624
0.206707	0.479041	0.538251
0.200415	0.483698	0.491868
0.192383	0.487666	0.472631
0.185840	0.491634	0.471375
0.182736	0.494566	0.481102
0.184057	0.495774	0.488116
0.187381	0.493359	0.494466
0.188986	0.490599	0.502028
0.180220	0.487149	0.486586
0.166127	0.483698	0.461331
0.158755	0.480248	0.458878
0.162635	0.477316	0.480178
0.179276	0.475073	0.519822
0.194197	0.475073	0.534296
0.200038	0.475073	0.518378
0.194648	0.476798	0.483599
0.190076	0.477316	0.461951
0.189720	0.479041	0.460754
0.190873	0.482491	0.470134
0.198842	0.486459	0.493224
0.220936	0.490599	0.535696
0.232019	0.495774	0.541368
0.225623	0.500949	0.504568
0.216773	0.505434	0.478071
0.208636	0.507849	0.470365
0.204337	0.507849	0.487538
0.210765	0.506641	0.522030
0.224365	0.504916	0.555222
0.224187	0.502674	0.544499
0.219290	0.500949	0.525407
0.217717	0.499224	0.525306
0.218315	0.497499	0.536230
0.220097	0.495774	0.552191
0.220936	0.494049	0.563693
0.219080	0.492324	0.565237
0.213879	0.492324	0.555366
0.207934	0.491634	0.547963
0.204400	0.490599	0.549651
0.207441	0.490599	0.565425
0.212547	0.490599	0.579034
0.214225	0.488874	0.576581
0.207902	0.488874	0.557055
0.201852	0.488874	0.534296
0.202198	0.487149	0.521077
0.202617	0.487149	0.519490
0.212893	0.487149	0.540271
0.242191	0.487149	0.587606
0.264662	0.487149	0.610451
0.270775	0.487149	0.593711
0.262701	0.487149	0.549507
0.251974	0.487149	0.514439
0.242463	0.488184	0.502259
0.237262	0.489909	0.518480
0.241247	0.491634	0.544788
0.255822	0.493359	0.576581
0.276228	0.495774	0.607031
0.273816	0.498016	0.588616
0.260813	0.500259	0.549016
0.255015	0.501466	0.526359
0.253127	0.502674	0.524916
0.256063	0.504399	0.538583
0.264274	0.506124	0.553591
0.264274	0.507159	0.544932
0.256137	0.508884	0.522564
0.246521	0.510091	0.511062
0.240125	0.511299	0.510052
0.243030	0.513024	0.524829
0.260363	0.514749	0.560230
0.264945	0.516992	0.556911
0.255434	0.518717	0.525551
0.243407	0.520442	0.503803
0.236140	0.522167	0.494235
0.234987	0.523892	0.498651
0.240576	0.525099	0.517845
0.263959	0.524409	0.557733
0.281366	0.522167	0.575051
0.269831	0.519234	0.537385
0.258129	0.515784	0.512750
0.249636	0.512334	0.503326
0.244246	0.509574	0.503471
0.237158	0.506641	0.515449
0.233341	0.504916	0.543056
0.253264	0.501984	0.597073
0.269936	0.500259	0.629111
0.266790	0.498016	0.614391
0.257353	0.495084	0.584229
0.248272	0.494049	0.567056
0.243376	0.496291	0.575282
0.239496	0.499224	0.586885
0.240995	0.502674	0.601403
0.249982	0.506641	0.617523
0.243376	0.511299	0.607132
0.225309	0.514749	0.581401
0.208217	0.518717	0.563737
0.197836	0.520959	0.568643
0.198150	0.523892	0.596063
0.211362	0.526824	0.632200
0.221743	0.530274	0.646862
0.220863	0.533724	0.633975
0.212935	0.536484	0.622184
0.204683	0.539934	0.617046
0.202586	0.542349	0.624349
0.214015	0.542349	0.655290
0.228349	0.542349	0.678611
0.234117	0.540624	0.668509
0.227825	0.539417	0.632863
0.220726	0.537692	0.607377
0.220485	0.536484	0.610552
0.226284	0.535449	0.628967
0.242746	0.533724	0.652692
0.262565	0.531999	0.657743
0.263120	0.529584	0.612183
0.253127	0.527859	0.573752
0.241834	0.525617	0.558686
0.237713	0.523892	0.565180
0.248902	0.522167	0.591734
0.263435	0.520442	0.614636
0.256347	0.519924	0.597362
0.237189	0.519924	0.553692
0.217297	0.518199	0.514381
0.207902	0.518199	0.514872
0.211048	0.517509	0.544687
0.224952	0.516474	0.586307
0.242820	0.516474	0.613193
0.252677	0.515267	0.610062
0.253473	0.514749	0.587981
0.249636	0.516474	0.568643
0.247360	0.517509	0.577115
0.255193	0.519234	0.608965
0.282246	0.520959	0.638925
0.287552	0.522684	0.623873
0.270010	0.525099	0.576494
0.254564	0.526824	0.543533
0.245787	0.528549	0.545986
0.244634	0.529584	0.576783
0.247360	0.530274	0.597939
0.260960	0.530274	0.623974
0.277769	0.528549	0.646285
0.266444	0.528549	0.612573
0.258192	0.527859	0.584951
0.259241	0.526824	0.582555
0.254805	0.526824	0.591791
0.257710	0.525617	0.601028
0.275986	0.523892	0.609686
0.293319	0.522167	0.658652
0.303805	0.520442	0.692711
0.304120	0.518199	0.670053
0.293257	0.518199	0.634451
0.284197	0.518199	0.622530
0.286126	0.519924	0.631334
0.290111	0.519924	0.623194
0.268825	0.520959	0.560764
0.240020	0.521649	0.522564
0.216039	0.522684	0.516690
0.203739	0.523374	0.528481
0.203739	0.523374	0.548353
0.202796	0.523374	0.557733
0.193463	0.523374	0.551614
0.183051	0.523374	0.548728
0.177493	0.523374	0.563506
0.182170	0.523374	0.594043
0.201044	0.523892	0.624637
0.214508	0.525099	0.641580
0.217685	0.526824	0.640036
0.215483	0.527342	0.628491
0.216532	0.528549	0.636240
0.225130	0.528549	0.653212
0.233341	0.527342	0.652404
0.220412	0.525617	0.604390
0.207692	0.524409	0.578370
0.203876	0.522684	0.585586
0.210660	0.520959	0.605646
0.242432	0.520442	0.657166
0.285665	0.522167	0.706031
0.308146	0.524409	0.693331
0.295312	0.526134	0.619500
0.282907	0.528549	0.574329
0.289828	0.530274	0.591546
0.303564	0.530274	0.609253
0.312089	0.530274	0.606944
0.305735	0.530274	0.576393
0.286399	0.529067	0.524728
0.268258	0.528549	0.490049
0.261799	0.527859	0.498506
0.260363	0.526824	0.524050
0.255749	0.525617	0.537673
0.241593	0.522167	0.517989
0.234746	0.519234	0.520731
0.236140	0.515784	0.549161
0.239255	0.512334	0.583464
0.246804	0.512334	0.610639
0.253515	0.515267	0.616469
0.240786	0.518199	0.586019
0.226420	0.520959	0.564126
0.219814	0.522684	0.568643
0.213627	0.524409	0.564025
0.211530	0.525099	0.562640
0.218807	0.525099	0.587029
0.220233	0.525099	0.589670
0.214194	0.526824	0.572251
0.208322	0.526824	0.572641
0.209999	0.526824	0.586683
0.219573	0.528549	0.602514
0.213732	0.528549	0.586495
0.200835	0.530274	0.563939
0.192803	0.530274	0.563015
0.187874	0.531999	0.570664
0.186616	0.534242	0.581199
0.190181	0.537692	0.590969
0.190978	0.541659	0.596352
0.186123	0.545110	0.598228
0.182526	0.546835	0.605934
0.182872	0.547525	0.614348
0.187979	0.547525	0.616556
0.189133	0.547525	0.612082
0.187172	0.548042	0.605213
0.187203	0.549250	0.602759
0.195906	0.548042	0.614102
0.208636	0.547525	0.633397
0.212233	0.545800	0.642489
0.210524	0.544075	0.636861
0.210796	0.542349	0.631997
0.220412	0.540624	0.647785
0.232397	0.538209	0.654467
0.234012	0.535967	0.641089
0.218661	0.533034	0.612717
0.203771	0.530792	0.592888
0.194826	0.527859	0.588804
0.195067	0.525617	0.600883
0.206602	0.523892	0.616657
0.216500	0.523374	0.624984
0.218210	0.523374	0.620698
0.221639	0.523374	0.609008
0.228307	0.523374	0.615834
0.239842	0.523374	0.636038
0.255046	0.525099	0.635851
0.251135	0.526824	0.593278
0.235543	0.527859	0.544976
0.222687	0.528549	0.529346
0.218556	0.530274	0.546188
0.222121	0.530792	0.576638
0.229608	0.531999	0.597752
0.236801	0.533724	0.607421
0.246804	0.534759	0.616123
0.261097	0.535449	0.631911
0.270429	0.537174	0.643254
0.278996	0.537692	0.650527
0.286965	0.538899	0.650239
0.276165	0.540624	0.622963
0.261306	0.542349	0.594389
0.253096	0.542867	0.582555
0.245714	0.544075	0.579958
0.245127	0.544075	0.594100
0.260541	0.544075	0.635952
0.275986	0.542867	0.656488
0.282278	0.541142	0.647872
0.278849	0.539417	0.632098
0.276542	0.537692	0.620308
0.281649	0.536484	0.627625
0.296402	0.536484	0.662361
0.309048	0.537692	0.669000
0.304015	0.539934	0.635995
0.277591	0.542867	0.582844
0.257112	0.545110	0.555078
0.244812	0.546835	0.560518
0.239989	0.547525	0.590247
0.241037	0.547525	0.593956
0.235616	0.547525	0.582599
0.220338	0.547525	0.573463
0.208699	0.545800	0.566868
0.202481	0.545800	0.574762
0.203917	0.545800	0.601460
0.214718	0.545110	0.640613
0.219185	0.544075	0.651105
0.218451	0.542867	0.640079
0.220129	0.542349	0.632430
0.227678	0.540624	0.640036
0.247811	0.540624	0.669577
0.271058	0.541659	0.690358
0.276091	0.542349	0.657166
0.266654	0.544075	0.616036
0.251764	0.544592	0.590579
0.239150	0.545800	0.586351
0.232502	0.546317	0.589136
0.243407	0.547525	0.614304
0.272002	0.547525	0.660240
0.290845	0.547525	0.680300
0.285812	0.547525	0.646140
0.269171	0.547525	0.594187
0.261621	0.547525	0.578081
0.262282	0.547525	0.588905
0.270775	0.547525	0.614968
0.285287	0.549250	0.639603
0.298290	0.549250	0.649084
0.303428	0.549250	0.639069
0.299265	0.549250	0.617234
0.295773	0.549250	0.611793
0.297765	0.550975	0.616267
0.303386	0.550975	0.615791
0.295144	0.550975	0.594865
0.276542	0.552700	0.556146
0.255675	0.552700	0.519576
0.241624	0.553217	0.521019
0.239674	0.554425	0.549219
0.248587	0.553735	0.583753
0.251901	0.551492	0.589670
0.243585	0.548560	0.574329
0.228769	0.545800	0.556088
0.219887	0.542867	0.554457
0.227857	0.540624	0.585297
0.244739	0.538899	0.621087
0.252320	0.538899	0.617768
0.243722	0.539934	0.582021
0.232261	0.540624	0.555655
0.226493	0.540624	0.554356
0.224008	0.540624	0.554933
0.229639	0.540624	0.563361
0.238028	0.540624	0.569278
0.234641	0.540624	0.549219
0.224606	0.540624	0.529491
0.215662	0.538899	0.528048
0.215305	0.538899	0.554169
0.227993	0.541142	0.589425
0.246731	0.545800	0.618966
0.259104	0.549767	0.629169
0.261097	0.554425	0.606988
0.253998	0.559600	0.580246
0.242254	0.563567	0.568456
0.233026	0.566500	0.567979
0.230929	0.567017	0.586394
0.233173	0.565810	0.609008
0.226808	0.564085	0.588847
0.218912	0.562360	0.570577
0.213910	0.560635	0.573694
0.213910	0.558910	0.594100
0.220758	0.556667	0.613150
0.227018	0.554942	0.621607
0.228832	0.553217	0.625503
0.240156	0.550975	0.646573
0.256797	0.553217	0.669288
0.258265	0.557875	0.665147
0.241834	0.561842	0.636038
0.221639	0.565810	0.609109
0.207965	0.569260	0.606887
0.206539	0.571675	0.635461
0.216773	0.571675	0.674484
0.230090	0.568742	0.681699
0.236245	0.565292	0.677803
0.227961	0.561842	0.657599
0.210555	0.558392	0.627913
0.199157	0.554425	0.612226
0.204232	0.550975	0.624204
0.216291	0.547525	0.644899
0.219049	0.544075	0.642879
0.212935	0.540624	0.608431
0.203142	0.536484	0.573752
0.195141	0.533034	0.563982
0.193432	0.534242	0.576638
0.204547	0.536484	0.608864
0.225204	0.539417	0.641436
0.233938	0.541659	0.633065
0.229849	0.544592	0.607377
0.218944	0.548042	0.582642
0.208112	0.549767	0.569509
0.200981	0.551492	0.571818
0.205207	0.552700	0.585009
0.221460	0.552010	0.598805
0.221565	0.550975	0.596164
0.205836	0.549767	0.565959
0.184340	0.548560	0.525060
0.170258	0.547525	0.516214
0.166483	0.546317	0.534787
0.175564	0.545800	0.573983
0.200143	0.545800	0.624637
0.214089	0.545800	0.635374
0.208982	0.545800	0.601071
0.206224	0.545800	0.584287
0.205973	0.546835	0.581011
0.209538	0.547525	0.591936
0.219363	0.547525	0.628303
0.244917	0.548560	0.672261
0.280212	0.550285	0.703866
0.289377	0.552010	0.708297
0.267703	0.553735	0.651249
0.239391	0.555460	0.590146
0.229220	0.556150	0.588126
0.231768	0.557875	0.613092
0.245504	0.557185	0.649561
0.265081	0.556150	0.680112
0.263854	0.554425	0.663126
0.249111	0.553217	0.624017
0.234987	0.551492	0.596352
0.228035	0.549767	0.588328
0.232365	0.548560	0.603524
0.249174	0.547525	0.639314
0.250087	0.547525	0.631810
0.235092	0.547525	0.591402
0.218556	0.547525	0.562106
0.207902	0.547525	0.560951
0.207441	0.547525	0.581487
0.219363	0.547525	0.603091
0.234704	0.546317	0.635317
0.241383	0.543385	0.653746
0.231139	0.541142	0.625604
0.216322	0.538209	0.593134
0.203813	0.535967	0.573218
0.198884	0.533724	0.575137
0.207724	0.533034	0.605011
0.222226	0.534759	0.637395
0.222897	0.537692	0.623873
0.216815	0.541142	0.594245
0.209716	0.543385	0.568845
0.206224	0.545800	0.560908
0.208877	0.547525	0.573752
0.220275	0.547525	0.597939
0.238342	0.546317	0.614781
0.238059	0.545800	0.601547
0.223421	0.545800	0.570043
0.206015	0.544075	0.541757
0.195424	0.544075	0.536894
0.195770	0.543385	0.552913
0.204683	0.542349	0.575340
0.208384	0.542349	0.573362
0.200489	0.542349	0.548872
0.186333	0.542349	0.518667
0.176403	0.542349	0.503702
0.176581	0.542867	0.519490
0.191397	0.544075	0.560807
0.214991	0.545110	0.604578
0.219436	0.546317	0.606309
0.203603	0.548042	0.570332
0.183260	0.549250	0.537327
0.175711	0.550975	0.547963
0.174725	0.550975	0.570433
0.176445	0.550975	0.588227
0.178080	0.550975	0.593321
0.181268	0.549250	0.588270
0.185525	0.549250	0.585629
0.189269	0.547525	0.603625
0.204966	0.546835	0.636428
0.229461	0.545800	0.664815
0.241981	0.545110	0.658320
0.235721	0.544075	0.621275
0.220653	0.543385	0.583941
0.210660	0.542349	0.577446
0.208038	0.542349	0.590579
0.214225	0.542349	0.610884
0.227259	0.544075	0.621751
0.228307	0.545800	0.599007
0.218105	0.546835	0.564126
0.205312	0.548042	0.547819
0.196431	0.549250	0.551326
0.205176	0.549250	0.580001
0.236214	0.549250	0.627437
0.256902	0.549250	0.649604
0.254595	0.549250	0.631853
0.237850	0.549250	0.595154
0.226839	0.547525	0.579669
0.225581	0.547525	0.592412
0.229985	0.546835	0.614016
0.228307	0.544075	0.601504
0.219751	0.539934	0.585153
0.209297	0.536484	0.574373
0.205417	0.533034	0.563304
0.207095	0.530274	0.565858
0.218598	0.530274	0.592701
0.250087	0.530274	0.648738
0.273543	0.530274	0.673704
0.274592	0.530274	0.652057
0.257238	0.530274	0.612140
