83.576667	5.660000	74.673333
82.746667	5.666667	73.910000
82.413333	5.676667	74.803333
83.400000	5.693333	76.906667
85.583333	5.706667	79.133333
86.440000	5.723333	79.033333
86.080000	5.736667	77.220000
85.060000	5.753333	75.226667
83.963333	5.766667	74.373333
83.250000	5.776667	74.410000
83.556667	5.780000	75.500000
85.060000	5.780000	77.360000
85.250000	5.773333	76.666667
83.893333	5.766667	74.066667
81.823333	5.760000	71.436667
80.346667	5.753333	70.690000
79.923333	5.750000	71.663333
80.806667	5.740000	74.040000
82.993333	5.740000	77.793333
84.450000	5.740000	79.026667
84.126667	5.743333	76.430000
83.796667	5.750000	75.240000
83.703333	5.750000	75.023333
84.033333	5.750000	75.493333
84.943333	5.753333	77.490000
87.203333	5.760000	80.450000
90.516667	5.770000	83.193333
91.660000	5.776667	83.886667
89.873333	5.790000	80.163333
87.126667	5.800000	75.703333
85.910000	5.806667	75.486667
86.120000	5.810000	77.096667
87.493333	5.810000	79.473333
89.300000	5.803333	81.873333
89.290000	5.796667	80.976667
87.936667	5.786667	78.196667
86.580000	5.780000	76.186667
85.856667	5.770000	75.446667
86.173333	5.760000	76.470000
87.750000	5.756667	79.526667
87.943333	5.750000	79.210000
86.530000	5.750000	75.950000
85.063333	5.750000	74.020000
84.050000	5.750000	73.813333
83.886667	5.760000	74.993333
84.900000	5.756667	76.453333
86.353333	5.746667	78.573333
87.120000	5.733333	79.986667
86.246667	5.716667	78.286667
84.826667	5.703333	75.993333
83.576667	5.686667	74.443333
83.036667	5.673333	74.503333
83.760000	5.670000	76.466667
85.186667	5.683333	78.740000
85.363333	5.696667	77.530000
84.830000	5.713333	75.223333
84.116667	5.726667	73.500000
83.673333	5.743333	73.330000
83.930000	5.750000	74.216667
85.020000	5.750000	75.943333
86.663333	5.750000	78.086667
86.873333	5.746667	76.926667
85.633333	5.740000	74.056667
83.856667	5.740000	72.220000
82.663333	5.730000	72.260000
82.596667	5.730000	73.186667
83.543333	5.730000	73.933333
84.076667	5.730000	74.153333
83.390000	5.730000	72.936667
81.936667	5.730000	70.886667
80.953333	5.730000	69.713333
80.866667	5.730000	70.520000
82.130000	5.730000	73.263333
84.416667	5.740000	76.546667
85.133333	5.746667	76.720000
83.753333	5.753333	74.376667
81.636667	5.760000	72.220000
80.766667	5.770000	73.086667
80.646667	5.770000	74.306667
80.893333	5.770000	74.826667
81.143333	5.770000	74.996667
81.443333	5.763333	75.083333
81.783333	5.760000	75.460000
82.073333	5.753333	76.580000
83.443333	5.750000	78.600000
85.840000	5.743333	80.650000
87.133333	5.740000	80.346667
86.676667	5.736667	78.310000
85.243333	5.730000	75.960000
84.210000	5.726667	74.836667
83.893333	5.720000	75.310000
84.423333	5.723333	76.843333
85.620000	5.733333	77.996667
85.896667	5.740000	76.576667
85.073333	5.750000	74.030000
83.790000	5.756667	73.040000
82.820000	5.760000	73.130000
83.430000	5.770000	74.900000
86.316667	5.766667	78.506667
88.473333	5.760000	80.063333
88.516667	5.760000	78.580000
86.933333	5.760000	75.710000
85.710000	5.760000	74.890000
85.500000	5.760000	75.816667
86.050000	5.753333	77.233333
85.870000	5.736667	76.656667
85.103333	5.713333	75.303333
84.176667	5.690000	74.190000
83.620000	5.673333	73.813333
83.716667	5.670000	74.130000
84.856667	5.676667	75.573333
87.690000	5.693333	79.576667
90.023333	5.703333	81.606667
90.140000	5.716667	79.786667
88.050000	5.733333	76.133333
86.633333	5.743333	74.416667
86.600000	5.750000	75.266667
87.833333	5.750000	78.080000
88.516667	5.750000	78.786667
88.000000	5.750000	77.080000
86.510000	5.750000	74.746667
84.966667	5.750000	73.113333
83.836667	5.750000	72.836667
83.456667	5.740000	74.223333
84.723333	5.740000	77.113333
85.746667	5.740000	78.876667
84.573333	5.740000	77.513333
83.313333	5.740000	76.616667
82.476667	5.733333	76.743333
82.313333	5.730000	77.846667
83.053333	5.730000	79.256667
83.806667	5.723333	79.900000
83.836667	5.720000	79.326667
83.696667	5.710000	79.096667
84.406667	5.706667	80.160000
86.576667	5.700000	82.366667
89.520000	5.686667	83.350000
90.516667	5.670000	82.373333
89.123333	5.653333	79.913333
86.906667	5.636667	77.213333
85.370000	5.616667	75.800000
85.286667	5.603333	75.996667
86.320000	5.586667	77.053333
85.446667	5.563333	76.700000
83.523333	5.540000	75.800000
82.263333	5.520000	76.236667
82.916667	5.500000	79.263333
85.203333	5.476667	81.860000
85.940000	5.456667	82.183333
84.170000	5.433333	79.776667
81.693333	5.410000	76.746667
80.016667	5.390000	75.453333
77.606667	5.370000	73.973333
75.363333	5.346667	73.423333
75.200000	5.326667	74.173333
77.890000	5.300000	75.743333
80.476667	5.320270	77.213333
82.396667	5.365676	76.983333
84.366667	5.411081	77.166667
85.783333	5.456486	77.480000
85.166667	5.501892	75.026667
84.236667	5.547297	72.663333
84.130000	5.592703	72.103333
83.836667	5.638108	71.753333
82.166667	5.683514	69.643333
80.580000	5.728919	67.766667
79.193333	5.774324	67.806667
78.956667	5.819730	70.300000
81.350000	5.860000	74.290000
84.570000	5.893333	76.616667
86.426667	5.933333	76.763333
86.546667	5.973333	75.766667
86.266667	6.010000	75.286667
86.793333	6.040000	77.300000
88.646667	6.063333	80.033333
90.136667	6.083333	80.913333
89.326667	6.106667	79.016667
87.806667	6.126667	77.163333
86.426667	6.146667	76.000000
85.780000	6.166667	76.320000
86.276667	6.183333	79.253333
89.216667	6.190000	84.016667
93.466667	6.200000	88.636667
96.093333	6.203333	90.286667
96.143333	6.210000	87.553333
95.990000	6.216667	86.770000
95.993333	6.223333	87.700000
95.840000	6.233333	88.266667
95.980000	6.260000	89.346667
95.673333	6.290000	90.023333
94.900000	6.316667	90.036667
94.073333	6.340000	89.760000
93.216667	6.370000	89.620000
92.393333	6.393333	90.100000
92.946667	6.400000	92.183333
94.813333	6.386667	94.860000
94.913333	6.363333	94.366667
92.983333	6.340000	90.936667
90.470000	6.320000	88.180000
88.166667	6.300000	87.193333
86.963333	6.276667	87.880000
88.510000	6.253333	89.836667
91.523333	6.240000	92.830000
93.396667	6.240000	94.280000
92.680000	6.240000	92.230000
91.463333	6.233333	89.926667
90.966667	6.230000	89.416667
91.733333	6.230000	90.716667
92.943333	6.240000	91.770000
91.370000	6.243333	88.863333
89.383333	6.250000	86.466667
88.163333	6.250000	86.046667
87.726667	6.250000	86.640000
89.803333	6.250000	90.276667
93.240000	6.250000	94.636667
95.793333	6.250000	96.493333
96.810000	6.240000	96.400000
97.333333	6.240000	96.676667
98.470000	6.240000	97.963333
99.690000	6.246667	98.446667
97.830000	6.260000	94.386667
95.403333	6.270000	91.473333
93.146667	6.276667	90.090000
91.090000	6.283333	88.870000
89.600000	6.290000	88.413333
90.076667	6.290000	89.703333
93.263333	6.290000	93.033333
96.716667	6.280000	96.050000
99.313333	6.270000	97.483333
101.153333	6.260000	98.706667
102.553333	6.253333	99.736667
103.240000	6.266667	98.600000
102.100000	6.283333	95.413333
101.976667	6.293333	93.716667
101.393333	6.306667	93.476667
97.983333	6.316667	93.263333
97.596667	6.320000	95.370000
98.860000	6.320000	96.400000
98.613333	6.320000	94.510000
96.596667	6.330000	93.570000
95.263333	6.330000	94.753333
95.630000	6.330000	96.500000
95.983333	6.330000	96.680000
94.406667	6.330000	94.723333
91.590000	6.330000	92.406667
89.510000	6.330000	91.413333
88.406667	6.336667	91.336667
88.896667	6.343333	92.750000
91.570000	6.353333	96.333333
94.556667	6.363333	98.750000
95.343333	6.373333	96.000000
94.706667	6.383333	93.896667
93.943333	6.390000	94.516667
93.913333	6.396667	95.066667
95.596667	6.400000	97.183333
97.506667	6.390000	98.366667
97.546667	6.390000	96.556667
95.530000	6.390000	93.703333
94.713333	6.390000	95.140000
95.103333	6.390000	98.496667
96.190000	6.383333	100.556667
97.120000	6.376667	99.306667
95.926667	6.366667	97.066667
94.240000	6.356667	95.510000
93.206667	6.343333	95.130000
92.746667	6.333333	95.700000
94.153333	6.326667	97.973333
95.936667	6.320000	99.180000
96.280000	6.320000	97.946667
95.546667	6.320000	97.363333
94.873333	6.320000	97.233333
95.416667	6.320000	98.896667
97.270000	6.320000	101.383333
98.780000	6.320000	100.236667
98.683333	6.320000	96.440000
98.726667	6.320000	96.053333
99.706667	6.320000	99.030000
100.906667	6.316667	99.190000
100.483333	6.310000	98.756667
99.423333	6.306667	98.536667
99.670000	6.300000	99.156667
100.710000	6.296667	102.723333
99.833333	6.290000	100.686667
97.630000	6.283333	97.443333
95.560000	6.280000	97.273333
94.233333	6.273333	97.340000
94.953333	6.270000	99.110000
96.143333	6.270000	99.686667
96.043333	6.270000	97.833333
94.933333	6.270000	96.550000
94.310000	6.270000	97.286667
95.646667	6.270000	99.546667
98.286667	6.270000	101.573333
99.940000	6.280000	101.476667
99.363333	6.280000	99.400000
98.320000	6.280000	97.680000
97.420000	6.290000	97.163333
97.243333	6.290000	98.106667
98.663333	6.290000	100.176667
99.323333	6.296667	99.580000
98.570000	6.300000	97.793333
97.210000	6.303333	97.190000
96.500000	6.310000	98.206667
97.060000	6.310000	99.880000
98.213333	6.313333	100.540000
99.073333	6.320000	100.083333
99.470000	6.320000	100.833333
99.593333	6.326667	101.856667
99.483333	6.330000	103.333333
99.586667	6.330000	102.680000
99.693333	6.340000	98.386667
99.793333	6.340000	100.056667
99.896667	6.343333	101.036667
100.000000	6.350000	99.223333
99.263333	6.350000	97.050000
97.530000	6.353333	96.610000
96.226667	6.360000	96.963333
96.710000	6.360000	98.076667
98.323333	6.356667	99.436667
98.546667	6.350000	99.616667
97.480000	6.350000	98.610000
96.380000	6.340000	97.346667
96.850000	6.340000	99.126667
99.083333	6.340000	102.543333
101.006667	6.340000	102.780000
99.613333	6.340000	97.916667
95.333333	6.340000	90.843333
92.880000	6.346667	88.513333
91.626667	6.350000	89.923333
90.506667	6.350000	92.200000
88.756667	6.350000	92.396667
87.663333	6.350000	94.476667
88.440000	6.350000	98.886667
90.810000	6.350000	103.286667
92.283333	6.350000	104.040000
90.876667	6.346667	100.346667
89.360000	6.340000	97.923333
88.270000	6.340000	96.683333
87.800000	6.340000	96.836667
88.193333	6.340000	99.236667
89.166667	6.340000	99.866667
89.983333	6.350000	98.110000
89.960000	6.350000	95.363333
88.996667	6.360000	93.270000
88.220000	6.360000	92.383333
88.366667	6.366667	93.726667
89.720000	6.373333	97.180000
91.470000	6.380000	98.270000
92.343333	6.390000	96.730000
92.310000	6.400000	95.133333
92.073333	6.406667	95.730000
92.090000	6.410000	96.926667
93.450000	6.410000	98.970000
95.610000	6.396667	100.563333
95.926667	6.386667	98.750000
95.153333	6.373333	96.436667
94.050000	6.363333	95.743333
93.803333	6.346667	97.260000
95.916667	6.340000	99.806667
98.240000	6.330000	100.513333
98.743333	6.330000	99.446667
97.513333	6.330000	98.280000
96.966667	6.330000	98.556667
97.980000	6.330000	100.300000
98.456667	6.330000	100.146667
96.933333	6.326667	96.990000
94.916667	6.320000	94.826667
93.373333	6.320000	94.810000
93.513333	6.320000	96.576667
95.413333	6.320000	98.680000
96.523333	6.320000	98.930000
95.970000	6.326667	97.096667
94.833333	6.330000	96.480000
94.470000	6.330000	98.020000
95.800000	6.336667	99.773333
98.576667	6.340000	102.466667
100.520000	6.346667	103.150000
100.500000	6.350000	101.110000
99.250000	6.353333	98.800000
98.303333	6.360000	99.350000
98.593333	6.360000	100.273333
99.276667	6.360000	99.946667
98.380000	6.360000	98.290000
95.940000	6.356667	95.130000
94.240000	6.350000	93.393333
93.746667	6.350000	94.090000
93.883333	6.353333	96.443333
95.710000	6.360000	98.320000
96.490000	6.363333	97.426667
95.380000	6.370000	94.973333
93.820000	6.376667	93.683333
92.893333	6.380000	93.820000
93.623333	6.393333	95.993333
95.766667	6.406667	99.010000
97.766667	6.423333	100.216667
98.756667	6.436667	100.076667
98.863333	6.453333	101.050000
99.803333	6.456667	102.870000
102.113333	6.430000	103.093333
101.436667	6.346667	99.653333
99.270000	6.250000	96.726667
96.750000	6.160000	96.236667
94.953333	6.070000	98.213333
96.086667	5.980000	100.820000
97.016667	5.876667	101.510000
96.646667	5.766667	100.216667
95.853333	5.660000	98.540000
95.320000	5.550000	97.836667
96.266667	5.483333	99.030000
96.790000	5.480000	98.050000
95.386667	5.510000	93.866667
92.710000	5.533333	89.336667
91.240000	5.553333	87.730000
90.740000	5.566667	87.816667
91.466667	5.576667	88.620000
94.493333	5.580000	90.026667
96.890000	5.580000	89.820000
96.946667	5.583333	85.993333
95.320000	5.590000	80.626667
94.246667	5.590000	79.030000
94.560000	5.590000	79.923333
96.076667	5.590000	81.340000
97.480000	5.590000	80.903333
96.580000	5.590000	77.006667
94.986667	5.580000	73.776667
93.996667	5.580000	73.503333
93.143333	5.580000	74.236667
93.400000	5.583333	75.576667
94.600000	5.590000	76.353333
94.516667	5.596667	74.293333
93.226667	5.600000	71.460000
91.800000	5.606667	69.736667
91.276667	5.610000	70.223333
91.446667	5.613333	72.153333
93.516667	5.620000	75.620000
97.446667	5.620000	79.256667
99.713333	5.626667	78.800000
97.150000	5.630000	72.920000
94.000000	5.630000	68.353333
93.720000	5.640000	69.556667
94.486667	5.640000	73.030000
95.553333	5.636667	75.956667
96.136667	5.626667	75.546667
94.656667	5.613333	71.796667
92.926667	5.596667	68.690000
92.550000	5.583333	69.106667
92.433333	5.573333	71.383333
92.916667	5.556667	73.760000
93.956667	5.540000	74.563333
93.780000	5.520000	73.260000
92.756667	5.503333	71.450000
91.523333	5.483333	70.466667
90.733333	5.463333	71.133333
91.636667	5.460000	73.643333
93.636667	5.466667	75.856667
95.070000	5.486667	75.396667
94.530000	5.503333	73.026667
93.703333	5.520000	71.103333
93.756667	5.530000	71.403333
94.910000	5.540000	74.606667
96.433333	5.540000	76.050000
97.080000	5.540000	74.946667
96.360000	5.540000	72.723333
95.410000	5.540000	70.973333
94.426667	5.546667	70.303333
94.173333	5.550000	71.520000
95.766667	5.556667	75.243333
97.623333	5.563333	77.146667
98.283333	5.570000	76.296667
97.510000	5.580000	74.470000
96.840000	5.580000	74.850000
97.316667	5.590000	76.266667
97.156667	5.590000	75.573333
94.830000	5.590000	71.606667
92.436667	5.590000	68.896667
90.470000	5.590000	68.306667
89.876667	5.590000	70.243333
92.010000	5.586667	74.540000
93.103333	5.570000	75.263333
92.403333	5.540000	72.880000
90.913333	5.510000	70.676667
89.516667	5.483333	70.606667
89.780000	5.466667	73.110000
91.070000	5.466667	75.106667
91.696667	5.490000	73.640000
91.723333	5.510000	72.456667
91.956667	5.526667	71.743333
92.436667	5.546667	71.656667
92.796667	5.556667	72.453333
94.070000	5.560000	73.306667
94.886667	5.550000	72.936667
94.030000	5.546667	70.820000
91.950000	5.540000	67.906667
89.903333	5.536667	66.696667
88.983333	5.530000	67.560000
89.726667	5.520000	69.886667
91.153333	5.520000	72.423333
92.360000	5.520000	70.730000
93.353333	5.520000	68.483333
94.340000	5.520000	71.750000
