0.279918	0.462428	0.243780
0.335993	0.462428	0.356798
0.528151	0.450867	0.525940
0.580351	0.416185	0.457088
0.446091	0.375723	0.163549
0.373148	0.323700	0.049180
0.335081	0.283238	0.061524
0.313882	0.236995	0.150820
0.351493	0.196533	0.275410
0.449738	0.184972	0.386500
0.566902	0.202313	0.426422
0.572601	0.231215	0.321697
0.470937	0.254336	0.138284
0.394347	0.277456	0.077146
0.365854	0.289018	0.100289
0.399362	0.289018	0.164320
0.412583	0.271677	0.188235
0.375199	0.231215	0.154098
0.297470	0.190751	0.103182
0.227718	0.150290	0.067117
0.206291	0.115607	0.080810
0.265101	0.075146	0.236258
0.335537	0.046243	0.392671
0.297242	0.028902	0.297975
0.223159	0.028902	0.161041
0.156827	0.011561	0.077146
0.125142	0.000000	0.075410
0.162298	0.000000	0.180906
0.278550	0.028902	0.375892
0.312742	0.069364	0.318226
0.271712	0.115607	0.132305
0.219284	0.156069	0.055159
0.176658	0.196533	0.050145
0.156371	0.225433	0.089103
0.165033	0.236995	0.117261
0.186688	0.213874	0.142719
0.197174	0.184972	0.172999
0.139959	0.150290	0.111090
0.048097	0.115607	0.009836
0.000000	0.080925	0.000000
0.025302	0.052023	0.085439
0.133804	0.028902	0.244359
0.231137	0.028902	0.302411
0.269204	0.028902	0.238573
0.234101	0.046243	0.099132
0.204240	0.052023	0.012343
0.201960	0.069364	0.007522
0.209483	0.104046	0.045130
0.261454	0.144510	0.137705
0.405516	0.184972	0.308004
0.477775	0.236995	0.330762
0.436061	0.289018	0.183221
0.378391	0.335261	0.076953
0.325279	0.358382	0.046095
0.297242	0.358382	0.114947
0.339184	0.346821	0.253230
0.427855	0.329480	0.386307
0.426715	0.306359	0.343298
0.394803	0.289018	0.266731
0.384545	0.271677	0.266345
0.388420	0.254336	0.310125
0.400046	0.236995	0.374156
0.405516	0.219654	0.420251
0.393435	0.202313	0.426422
0.359471	0.202313	0.386885
0.320720	0.196533	0.357184
0.297698	0.184972	0.363934
0.317529	0.184972	0.427194
0.350809	0.184972	0.481774
0.361751	0.167631	0.471938
0.320492	0.167631	0.393635
0.281058	0.167631	0.302411
0.283337	0.150290	0.249373
0.286073	0.150290	0.243009
0.353089	0.150290	0.326326
0.544108	0.150290	0.516104
0.690677	0.150290	0.607715
0.730568	0.150290	0.540598
0.677912	0.150290	0.363356
0.607933	0.150290	0.222758
0.545931	0.161851	0.173963
0.511967	0.179192	0.238959
0.537953	0.196533	0.344455
0.633007	0.213874	0.471938
0.766127	0.236995	0.594021
0.750399	0.260115	0.520154
0.665603	0.283238	0.361427
0.627764	0.294798	0.270588
0.615455	0.306359	0.264802
0.634602	0.323700	0.319576
0.688170	0.341041	0.379749
0.688170	0.352602	0.345034
0.635058	0.369943	0.255352
0.572373	0.381503	0.209257
0.530659	0.393064	0.205207
0.549578	0.410405	0.264417
0.662640	0.427746	0.406365
0.692501	0.450867	0.393057
0.630499	0.468208	0.267310
0.552086	0.485549	0.180135
0.504673	0.502890	0.141755
0.497151	0.520231	0.159499
0.533622	0.531792	0.236451
0.686118	0.526012	0.396336
0.799635	0.502890	0.465767
0.724413	0.473989	0.314754
0.648051	0.439307	0.216008
0.592660	0.404625	0.178206
0.557556	0.375723	0.178785
0.511283	0.346821	0.226808
0.486437	0.329480	0.337512
0.616367	0.300579	0.554098
0.725097	0.283238	0.682546
0.704582	0.260115	0.623529
0.643036	0.231215	0.502604
0.583770	0.219654	0.433751
0.551858	0.242774	0.466731
0.526556	0.271677	0.513211
0.536357	0.306359	0.571456
0.594940	0.346821	0.636066
0.551858	0.393064	0.594407
0.434010	0.427746	0.491225
0.322544	0.468208	0.420444
0.254844	0.491330	0.440116
0.256895	0.520231	0.550048
0.343059	0.549133	0.694889
0.410759	0.583815	0.753713
0.405060	0.618497	0.702025
0.353317	0.647400	0.654773
0.299521	0.682082	0.634137
0.285845	0.705202	0.663452
0.360383	0.705202	0.787464
0.453841	0.705202	0.881003
0.491452	0.687861	0.840501
0.450422	0.676300	0.697589
0.404149	0.658959	0.595371
0.402553	0.647400	0.608100
0.440392	0.635838	0.681967
0.547755	0.618497	0.777049
0.677000	0.601156	0.797300
0.680647	0.578036	0.614658
0.615455	0.560694	0.460559
0.541828	0.537572	0.400193
0.514930	0.520231	0.426230
0.587873	0.502890	0.532690
0.682699	0.485549	0.624494
0.636426	0.479769	0.555256
0.511511	0.479769	0.380135
0.381810	0.462428	0.222565
0.320492	0.462428	0.224494
0.341008	0.456648	0.344069
0.431730	0.445087	0.510897
0.548211	0.445087	0.618708
0.612491	0.433526	0.606172
0.617734	0.427746	0.517647
0.592660	0.445087	0.440116
0.577844	0.456648	0.474060
0.628904	0.473989	0.601736
0.805334	0.491330	0.721890
0.839982	0.508671	0.661524
0.725553	0.531792	0.471553
0.624801	0.549133	0.339441
0.567586	0.566474	0.349277
0.560064	0.578036	0.472710
0.577844	0.583815	0.557570
0.666515	0.583815	0.661909
0.776157	0.566474	0.751398
0.702302	0.566474	0.616201
0.648507	0.560694	0.505497
0.655345	0.549133	0.495853
0.626396	0.549133	0.532883
0.645316	0.537572	0.569913
0.764532	0.520231	0.604629
0.877593	0.502890	0.800964
0.945977	0.485549	0.937512
0.948028	0.462428	0.846673
0.877137	0.462428	0.703954
0.818099	0.462428	0.656123
0.830636	0.479769	0.691418
0.856622	0.479769	0.658824
0.717803	0.491330	0.408486
0.529975	0.497110	0.255352
0.373604	0.508671	0.231823
0.293367	0.514451	0.279074
0.293367	0.514451	0.358727
0.287212	0.514451	0.396336
0.226351	0.514451	0.371842
0.158423	0.514451	0.360270
0.122179	0.514451	0.419479
0.152724	0.514451	0.541948
0.275815	0.520231	0.664609
0.363574	0.531792	0.732498
0.384317	0.549133	0.726326
0.369957	0.554913	0.680039
0.376795	0.566474	0.711090
0.432870	0.566474	0.779171
0.486437	0.554913	0.775892
0.402097	0.537572	0.583414
0.319125	0.526012	0.479074
0.294279	0.508671	0.508004
0.338500	0.491330	0.588428
0.545703	0.485549	0.794986
0.827673	0.502890	0.990935
0.974242	0.526012	0.940019
0.890586	0.543353	0.643973
0.809665	0.566474	0.462874
0.854798	0.583815	0.531919
0.944381	0.583815	0.602893
1.000000	0.583815	0.593635
0.958514	0.583815	0.471167
0.832460	0.572254	0.264031
0.714155	0.566474	0.124976
0.671985	0.560694	0.158920
0.662640	0.549133	0.261331
0.632551	0.537572	0.315911
0.540232	0.502890	0.237030
0.495555	0.473989	0.248023
0.504673	0.439307	0.362006
0.524960	0.404625	0.499518
0.574196	0.404625	0.608486
0.617962	0.433526	0.631823
0.534990	0.462428	0.509740
0.441304	0.491330	0.421986
0.398222	0.508671	0.440116
0.357876	0.526012	0.421601
0.344199	0.531792	0.416008
0.391612	0.531792	0.513790
0.400957	0.531792	0.524397
0.361523	0.549133	0.454581
0.323228	0.549133	0.456123
0.334169	0.549133	0.512440
0.396626	0.566474	0.575892
0.358559	0.566474	0.511668
0.274447	0.583815	0.421215
0.222020	0.583815	0.417551
0.189879	0.601156	0.448216
0.181673	0.624277	0.490453
0.204924	0.658959	0.529605
0.210166	0.699423	0.551205
0.178482	0.734105	0.558727
0.155003	0.751446	0.589585
0.157283	0.757226	0.623337
0.190563	0.757226	0.632208
0.198085	0.757226	0.614272
0.185320	0.763005	0.586692
0.185548	0.774567	0.576856
0.242307	0.763005	0.622372
0.325279	0.757226	0.699711
0.348758	0.739885	0.736162
0.337588	0.722544	0.713597
0.339412	0.705202	0.694118
0.402097	0.687861	0.757377
0.480283	0.664741	0.784185
0.490768	0.641618	0.730569
0.390700	0.612718	0.616779
0.293595	0.589595	0.537319
0.235240	0.560694	0.520926
0.236836	0.537572	0.569335
0.312058	0.520231	0.632594
0.376567	0.514451	0.665960
0.387736	0.514451	0.648795
0.410075	0.514451	0.601929
0.453613	0.514451	0.629315
0.528835	0.514451	0.710318
0.627992	0.531792	0.709547
0.602462	0.549133	0.538862
0.500798	0.560694	0.345227
0.416914	0.566474	0.282546
0.390016	0.583815	0.350048
0.413266	0.589595	0.472131
0.462047	0.601156	0.556798
0.509004	0.618497	0.595564
0.574196	0.630059	0.630473
0.667426	0.635838	0.693732
0.728288	0.653179	0.739248
0.784135	0.658959	0.768370
0.836107	0.670520	0.767213
0.765671	0.687861	0.657859
0.668794	0.705202	0.543298
0.615227	0.710982	0.495853
0.567130	0.722544	0.485439
0.563255	0.722544	0.542141
0.663779	0.722544	0.709933
0.764532	0.710982	0.792285
0.805562	0.693641	0.757763
0.783223	0.676300	0.694503
0.768179	0.658959	0.647252
0.801459	0.647400	0.676567
0.897652	0.647400	0.815815
0.980169	0.658959	0.842430
0.947344	0.682082	0.710125
0.775017	0.710982	0.497011
0.641441	0.734105	0.385728
0.561204	0.751446	0.407522
0.529747	0.757226	0.526712
0.536585	0.757226	0.541562
0.501254	0.757226	0.496046
0.401641	0.757226	0.459402
0.325735	0.739885	0.432980
0.285161	0.739885	0.464609
0.294507	0.739885	0.571649
0.364942	0.734105	0.728640
0.394119	0.722544	0.770685
0.389332	0.710982	0.726519
0.400274	0.705202	0.695853
0.449510	0.687861	0.726326
0.580807	0.687861	0.844744
0.732391	0.699423	0.928062
0.765215	0.705202	0.794986
0.703670	0.722544	0.630087
0.606565	0.728323	0.528062
0.524276	0.739885	0.511090
0.480967	0.745664	0.522276
0.552086	0.757226	0.623144
0.738546	0.757226	0.807329
0.861409	0.757226	0.887753
0.828584	0.757226	0.750820
0.720082	0.757226	0.542527
0.670846	0.757226	0.477917
0.675177	0.757226	0.521311
0.730568	0.757226	0.625844
0.825165	0.774567	0.724590
0.909961	0.774567	0.762584
0.943469	0.774567	0.722469
0.916344	0.774567	0.634908
0.893549	0.774567	0.613115
0.906542	0.791908	0.631051
0.943241	0.791908	0.629122
0.889446	0.791908	0.545227
0.768179	0.809249	0.389971
0.632095	0.809249	0.243394
0.540460	0.815028	0.249180
0.527695	0.826590	0.362199
0.585822	0.820810	0.500675
0.607477	0.797687	0.524397
0.553225	0.768787	0.462874
0.456576	0.739885	0.389778
0.398678	0.710982	0.383221
0.450650	0.687861	0.506847
0.560748	0.670520	0.650338
0.610212	0.670520	0.637030
0.554137	0.682082	0.493732
0.479371	0.687861	0.388042
0.441760	0.687861	0.382835
0.425576	0.687861	0.385149
0.462275	0.687861	0.418901
0.516982	0.687861	0.442623
0.494871	0.687861	0.362199
0.429451	0.687861	0.283124
0.371096	0.670520	0.277338
0.368817	0.670520	0.382064
0.451561	0.693641	0.523433
0.573741	0.739885	0.641851
0.654434	0.780346	0.682739
0.667426	0.826590	0.593828
0.621153	0.878613	0.486596
0.544564	0.919075	0.439344
0.484386	0.947977	0.437416
0.470709	0.953757	0.511283
0.485297	0.942197	0.601929
0.443811	0.924856	0.521119
0.392295	0.907515	0.447830
0.359699	0.890174	0.460366
0.359699	0.872833	0.542141
0.404377	0.849710	0.618515
0.445179	0.832369	0.652459
0.457032	0.815028	0.668081
0.530887	0.791908	0.752555
0.639389	0.815028	0.843587
0.648963	0.861272	0.827001
0.541828	0.901734	0.710318
0.410075	0.942197	0.602314
0.320948	0.976879	0.593443
0.311602	1.000000	0.708004
0.378391	1.000000	0.864417
0.465238	0.971098	0.893346
0.505357	0.936416	0.877724
0.451333	0.901734	0.796721
0.337816	0.867052	0.677724
0.263506	0.826590	0.614851
0.296558	0.791908	0.662874
0.375199	0.757226	0.745805
0.393207	0.722544	0.737705
0.353317	0.687861	0.599614
0.289492	0.647400	0.460559
0.237292	0.612718	0.421408
0.226123	0.624277	0.472131
0.298610	0.647400	0.601350
0.433326	0.676300	0.731919
0.490312	0.699423	0.698361
0.463643	0.728323	0.595371
0.392523	0.763005	0.496239
0.321860	0.780346	0.443587
0.275359	0.797687	0.452845
0.302940	0.809249	0.505689
0.408935	0.803469	0.561041
0.409619	0.791908	0.550434
0.307044	0.780346	0.429315
0.166857	0.768787	0.265381
0.074994	0.757226	0.229894
0.050376	0.745664	0.304339
0.109642	0.739885	0.461524
0.269888	0.739885	0.664609
0.360839	0.739885	0.707618
0.327559	0.739885	0.570106
0.309551	0.739885	0.502797
0.307955	0.751446	0.489682
0.331206	0.757226	0.533462
0.395259	0.757226	0.679267
0.561887	0.768787	0.855545
0.792113	0.786128	0.982257
0.851835	0.803469	1.000000
0.710508	0.820810	0.771263
0.525872	0.838151	0.526326
0.459540	0.843931	0.518226
0.476180	0.861272	0.618322
0.565762	0.855492	0.764513
0.693412	0.843931	0.886982
0.685434	0.826590	0.818901
0.589241	0.815028	0.662102
0.497151	0.797687	0.551205
0.451789	0.780346	0.518997
0.480055	0.768787	0.579942
0.589697	0.757226	0.723433
0.595623	0.757226	0.693346
0.497834	0.757226	0.531340
0.390016	0.757226	0.413886
0.320492	0.757226	0.409257
0.317529	0.757226	0.491610
0.395259	0.757226	0.578206
0.495327	0.745664	0.707425
0.538865	0.716764	0.781292
0.472077	0.693641	0.668467
0.375427	0.664741	0.538284
0.293823	0.641618	0.458438
0.261682	0.618497	0.466152
0.319353	0.612718	0.585921
0.413950	0.630059	0.715718
0.418281	0.658959	0.661524
0.378619	0.693641	0.542719
0.332346	0.716764	0.440887
0.309551	0.739885	0.409065
0.326875	0.757226	0.460559
0.401185	0.757226	0.557570
0.519033	0.745664	0.625072
0.517210	0.739885	0.572035
0.421700	0.739885	0.445709
0.308183	0.722544	0.332305
0.239116	0.722544	0.312825
0.241395	0.716764	0.377049
0.299521	0.705202	0.466924
0.323684	0.705202	0.459016
0.272168	0.705202	0.360849
0.179850	0.705202	0.239730
0.115113	0.705202	0.179749
0.116253	0.710982	0.243009
0.212902	0.722544	0.408679
0.366765	0.734105	0.584185
0.395715	0.745664	0.591128
0.292455	0.763005	0.446866
0.159790	0.774567	0.314561
0.110554	0.791908	0.357184
0.104171	0.791908	0.447252
0.115341	0.791908	0.518611
0.126054	0.791908	0.539055
0.146797	0.774567	0.518804
0.174607	0.774567	0.508197
0.198997	0.757226	0.580328
0.301345	0.751446	0.711861
0.461135	0.739885	0.825651
0.542740	0.734105	0.799614
0.501938	0.722544	0.651109
0.403693	0.716764	0.501447
0.338500	0.705202	0.475410
0.321404	0.705202	0.528062
0.361751	0.705202	0.609450
0.446775	0.722544	0.653038
0.453613	0.739885	0.561813
0.387053	0.751446	0.421986
0.303624	0.763005	0.356606
0.245726	0.774567	0.370685
0.302713	0.774567	0.485632
0.505129	0.774567	0.675796
0.640073	0.774567	0.764706
0.625028	0.774567	0.693539
0.515842	0.774567	0.546384
0.444039	0.757226	0.484282
0.435833	0.757226	0.535391
0.464554	0.751446	0.621987
0.453613	0.722544	0.571842
0.397766	0.682082	0.506268
0.329610	0.647400	0.463067
0.304308	0.612718	0.418708
0.315250	0.583815	0.428930
0.390244	0.583815	0.536548
0.595623	0.583815	0.761234
0.748575	0.583815	0.861331
0.755414	0.583815	0.774542
0.642238	0.583815	0.614465
