0.262533	0.488874	0.535220
0.268405	0.490599	0.531699
0.268468	0.490599	0.507844
0.269454	0.490599	0.495187
0.278010	0.490599	0.509907
0.297661	0.490599	0.545120
0.319817	0.490599	0.568355
0.328940	0.492324	0.558354
0.319576	0.492324	0.521943
0.301362	0.492324	0.489516
0.287311	0.494049	0.481189
0.285109	0.494049	0.503615
0.294892	0.495774	0.544398
0.295941	0.497499	0.540127
0.288119	0.499224	0.514237
0.277769	0.500949	0.494711
0.271341	0.501984	0.487740
0.270953	0.504916	0.508421
0.278996	0.507849	0.546087
0.292627	0.513024	0.574950
0.294337	0.519924	0.571631
0.295039	0.525099	0.566767
0.301750	0.528549	0.582411
0.312865	0.529067	0.613092
0.316745	0.522684	0.594043
0.319010	0.514749	0.589136
0.322155	0.506641	0.608388
0.321495	0.498534	0.598949
0.313945	0.494566	0.589713
0.313767	0.494566	0.584186
0.310202	0.496291	0.573362
0.291432	0.497499	0.545365
0.266371	0.499224	0.503471
0.243344	0.501466	0.486297
0.226986	0.504916	0.480712
0.226147	0.508366	0.504669
0.243826	0.511299	0.566392
0.260121	0.515267	0.585095
0.266832	0.518717	0.576003
0.260394	0.522684	0.556189
0.248545	0.526134	0.545033
0.247119	0.528549	0.561341
0.263225	0.527859	0.597939
0.274906	0.523374	0.597607
0.272002	0.518199	0.557387
0.261757	0.513024	0.517946
0.258234	0.507849	0.515449
0.268542	0.502674	0.550272
0.286923	0.499224	0.588126
0.300764	0.501984	0.593379
0.302484	0.503709	0.573406
0.298426	0.505434	0.560908
0.300030	0.506124	0.572828
0.308734	0.506124	0.597564
0.311533	0.505434	0.598286
0.308566	0.504399	0.574373
0.304896	0.502674	0.554789
0.305525	0.501466	0.554414
0.312058	0.500949	0.556911
0.308000	0.499224	0.548064
0.297094	0.498534	0.528481
0.288391	0.497499	0.512173
0.281408	0.496291	0.526994
0.291610	0.495774	0.564126
0.310873	0.495774	0.591546
0.313001	0.497499	0.575917
0.307622	0.497499	0.538251
0.299758	0.498534	0.511018
0.294337	0.499224	0.514092
0.296643	0.500259	0.547819
0.305347	0.502674	0.564516
0.310694	0.504399	0.553158
0.306532	0.506124	0.528582
0.299160	0.507849	0.516647
0.290174	0.509574	0.513082
0.286084	0.510609	0.518133
0.291327	0.510091	0.529678
0.288223	0.509574	0.518335
0.281093	0.509574	0.497121
0.276899	0.509574	0.490425
0.280044	0.509574	0.512563
0.294095	0.509574	0.541858
0.301289	0.507849	0.550705
0.296224	0.507159	0.534441
0.288360	0.506124	0.510398
0.282907	0.506124	0.497929
0.279237	0.506641	0.499949
0.281649	0.508366	0.521885
0.307580	0.510091	0.582786
0.343200	0.512334	0.626860
0.359244	0.514059	0.609297
0.345853	0.516474	0.548584
0.338167	0.518199	0.537529
0.339667	0.519924	0.557877
0.342854	0.519924	0.578269
0.334738	0.518717	0.569755
0.318108	0.517509	0.541714
0.300911	0.516474	0.524541
0.290593	0.514749	0.534253
0.289964	0.513541	0.552826
0.280107	0.513024	0.554702
0.264211	0.512334	0.539636
0.254207	0.511299	0.530400
0.254491	0.511299	0.565815
0.261799	0.510091	0.590392
0.266790	0.508884	0.583421
0.263582	0.507849	0.562784
0.259241	0.506124	0.552148
0.263928	0.507159	0.566392
0.270817	0.508884	0.575628
0.269559	0.512334	0.560475
0.259178	0.515267	0.545322
0.253683	0.517509	0.535018
0.264137	0.518199	0.550994
0.288391	0.516992	0.591301
0.304193	0.514059	0.603279
0.306500	0.512334	0.580867
0.299789	0.510091	0.557098
0.295175	0.507159	0.552047
0.301016	0.504916	0.557921
0.300943	0.504916	0.544932
0.292103	0.506124	0.521366
0.278713	0.506641	0.498319
0.266413	0.507849	0.482877
0.258265	0.507849	0.486196
0.264452	0.509574	0.514150
0.283085	0.511299	0.547054
0.291715	0.513024	0.536519
0.285843	0.514749	0.499517
0.277066	0.516474	0.468258
0.271614	0.518199	0.464217
0.263896	0.519924	0.489905
0.268049	0.519924	0.519533
0.278220	0.519924	0.537139
0.280464	0.519234	0.535509
0.273082	0.518199	0.515016
0.264630	0.518199	0.514049
0.265889	0.516474	0.535451
0.280254	0.515784	0.557242
0.290037	0.513541	0.555612
0.287343	0.510091	0.534210
0.279310	0.507159	0.515391
0.275703	0.504916	0.515160
0.278744	0.503191	0.523184
0.272558	0.504399	0.502461
0.259104	0.505434	0.475849
0.249457	0.506124	0.482545
0.248231	0.507849	0.506978
0.262565	0.507849	0.551903
0.285287	0.509574	0.591835
0.294305	0.509574	0.580289
0.295207	0.511299	0.562928
0.294788	0.511816	0.556146
0.293634	0.513541	0.547674
0.287133	0.515784	0.518811
0.273889	0.517509	0.501970
0.261757	0.519234	0.506833
0.256934	0.519924	0.527182
0.258758	0.519234	0.540993
0.255571	0.517509	0.536274
0.247958	0.515267	0.528192
0.244948	0.513024	0.539261
0.255151	0.510609	0.562972
0.260572	0.509574	0.575715
0.255508	0.507849	0.565901
0.248094	0.506641	0.542811
0.243795	0.504916	0.537904
0.250789	0.503191	0.562063
0.258895	0.500949	0.584085
0.253442	0.498016	0.567200
0.244602	0.494566	0.532622
0.240198	0.494049	0.513327
0.242254	0.495084	0.524252
0.250191	0.498534	0.559551
0.265920	0.502674	0.582021
0.277559	0.506124	0.583565
0.276542	0.510609	0.564602
0.264840	0.514749	0.534498
0.257353	0.518199	0.522376
0.262145	0.520959	0.544312
0.274864	0.523892	0.581834
0.280076	0.527342	0.587837
0.279101	0.529584	0.572886
0.276794	0.532517	0.562351
0.278744	0.534759	0.576436
0.289303	0.535449	0.619442
0.298080	0.534759	0.638160
0.294337	0.532517	0.615834
0.277528	0.529067	0.574474
0.264379	0.526134	0.555511
0.256829	0.522684	0.561240
0.258580	0.520442	0.581632
0.270502	0.518199	0.599440
0.273784	0.516992	0.601749
0.274623	0.516474	0.591156
0.277350	0.515784	0.591690
0.282456	0.514749	0.621996
0.295207	0.514749	0.648839
0.296822	0.514749	0.650816
0.292271	0.514749	0.648507
0.294263	0.515267	0.663703
0.304959	0.518199	0.689868
0.314574	0.523892	0.703823
0.309226	0.531309	0.682132
0.295626	0.538899	0.642590
0.289482	0.545800	0.621809
0.289828	0.550285	0.630222
0.299338	0.550285	0.670486
0.324882	0.542349	0.744332
0.365745	0.529067	0.790556
0.371512	0.516992	0.713449
0.303176	0.504399	0.564170
0.262984	0.491634	0.502792
0.238793	0.479558	0.494610
0.218944	0.466966	0.501826
0.195634	0.454890	0.490280
0.172104	0.441090	0.478259
0.153481	0.430223	0.470278
0.145543	0.425047	0.454779
0.144358	0.431948	0.431977
0.148584	0.444023	0.406145
0.157497	0.454373	0.387586
0.167951	0.466448	0.395711
0.180073	0.478523	0.395466
0.188011	0.490599	0.380948
0.186679	0.501984	0.366891
0.181509	0.507849	0.358333
0.181163	0.509574	0.373876
0.184791	0.511299	0.412639
0.186826	0.511299	0.456655
0.188084	0.513024	0.467724
0.186259	0.514059	0.451517
0.182422	0.514749	0.439583
0.182348	0.514749	0.469066
0.190181	0.514059	0.510441
0.198318	0.511816	0.534830
0.201118	0.510091	0.532478
0.205071	0.507849	0.525638
0.206780	0.506124	0.528091
0.211394	0.507159	0.543489
0.217927	0.510091	0.554212
0.216249	0.513024	0.536375
0.214330	0.515267	0.527037
0.211708	0.517509	0.534152
0.214015	0.519234	0.557921
0.225162	0.519924	0.585874
0.222960	0.520442	0.575137
0.214823	0.521649	0.560518
0.206570	0.522167	0.562106
0.201328	0.525099	0.579958
0.204610	0.528549	0.596842
0.209297	0.531999	0.605299
0.211289	0.535449	0.608099
0.214298	0.538899	0.617667
0.224637	0.542349	0.634696
0.237504	0.545800	0.645087
0.244110	0.549250	0.639415
0.247811	0.552010	0.648550
0.257815	0.554425	0.660716
0.269873	0.552700	0.658551
0.271478	0.546317	0.633008
0.262323	0.540624	0.592744
0.254103	0.533724	0.579958
0.256724	0.527342	0.609008
0.272631	0.522167	0.656964
0.289587	0.521649	0.668220
0.295773	0.520959	0.655665
0.294966	0.519924	0.631911
0.296434	0.519924	0.622862
0.303040	0.519924	0.647540
0.297273	0.519924	0.632344
0.284407	0.519924	0.597607
0.269978	0.519924	0.574474
0.257531	0.519924	0.579279
0.262072	0.519924	0.610495
0.269097	0.518717	0.625936
0.267210	0.515784	0.607955
0.261201	0.513541	0.582887
0.251796	0.510609	0.563159
0.243659	0.508366	0.554933
0.241666	0.505434	0.562495
0.249038	0.504399	0.586639
0.263613	0.505434	0.613092
0.269622	0.507159	0.605588
0.261338	0.510091	0.565569
0.245609	0.511816	0.523141
0.234536	0.513541	0.504279
0.233341	0.516474	0.521943
0.240828	0.519924	0.555467
0.248965	0.523892	0.563448
0.246385	0.528549	0.548353
0.241876	0.531999	0.539694
0.238584	0.534759	0.549695
0.234284	0.537174	0.571154
0.241069	0.537174	0.589670
0.242432	0.535967	0.594620
0.230929	0.534759	0.587462
0.222582	0.533724	0.583565
0.222582	0.531999	0.601359
