0.666268	0.496809	0.202906
0.658089	0.498534	0.187321
0.658687	0.501466	0.184723
0.668575	0.503709	0.194493
0.688991	0.506641	0.216616
0.704363	0.508884	0.229605
0.709606	0.511816	0.223544
0.722608	0.514059	0.210021
0.735653	0.516992	0.195445
0.734248	0.519234	0.187609
0.723070	0.522167	0.178994
0.706670	0.523892	0.164908
0.692242	0.525099	0.155903
0.685279	0.524409	0.158602
0.691958	0.523374	0.181072
0.703881	0.523374	0.206370
0.709648	0.522167	0.214639
0.694758	0.521649	0.191982
0.671794	0.521649	0.161055
0.673220	0.519924	0.172889
0.681819	0.519924	0.196744
0.678463	0.519234	0.197134
0.665880	0.518199	0.187321
0.646796	0.518199	0.177319
0.636310	0.516474	0.170912
0.641281	0.515784	0.172701
0.659589	0.514749	0.190164
0.684063	0.513024	0.212143
0.705171	0.511816	0.224554
0.707131	0.510609	0.215361
0.702444	0.508884	0.190741
0.712123	0.507849	0.162931
0.716736	0.506124	0.147389
0.704751	0.504916	0.152497
0.690564	0.503709	0.149034
0.678086	0.502674	0.133881
0.664035	0.504399	0.122769
0.655153	0.505434	0.124255
0.660428	0.506641	0.146811
0.675045	0.507849	0.170580
0.693772	0.509574	0.180725
0.708767	0.510609	0.165529
0.715971	0.512334	0.143261
0.712825	0.513541	0.136089
0.707236	0.514749	0.132669
0.702864	0.516474	0.129349
0.696750	0.518199	0.135512
0.689442	0.519234	0.146234
0.682658	0.520442	0.143059
0.681022	0.522167	0.137777
0.690144	0.523374	0.148211
0.702161	0.525099	0.165428
0.712228	0.526824	0.180581
0.718771	0.528549	0.177940
0.723384	0.530274	0.172211
0.728481	0.531309	0.184189
0.727998	0.533034	0.198389
0.719295	0.534242	0.204104
0.706670	0.535449	0.191029
0.695807	0.535449	0.171345
0.694653	0.535449	0.172268
0.703776	0.535449	0.181837
0.721874	0.534242	0.189529
0.741378	0.533724	0.207525
0.751591	0.532517	0.219257
0.739983	0.531999	0.193425
0.735475	0.531309	0.179917
0.753059	0.530274	0.204595
0.768746	0.530274	0.228349
0.771934	0.528549	0.233458
0.762213	0.528549	0.217338
0.742636	0.526824	0.185733
0.724706	0.526824	0.159424
0.711640	0.526824	0.150665
0.705485	0.526824	0.174866
0.706219	0.526824	0.197957
0.713454	0.526824	0.193526
0.726006	0.526824	0.176829
0.739952	0.526824	0.159655
0.747816	0.526824	0.158270
0.750260	0.526824	0.157924
0.748550	0.526824	0.145368
0.744461	0.526824	0.140086
0.738411	0.526824	0.144647
0.727746	0.526824	0.129263
0.712857	0.526824	0.103863
0.694339	0.526824	0.102319
0.678820	0.526824	0.115885
0.673472	0.525617	0.131759
0.683643	0.523892	0.144791
0.708243	0.522167	0.158414
0.735894	0.519234	0.193714
0.757316	0.516992	0.218824
0.766617	0.515267	0.209877
0.767739	0.512334	0.197379
0.767593	0.510091	0.188865
0.779274	0.508366	0.187999
0.785418	0.505434	0.188186
0.765600	0.503191	0.182313
0.739669	0.501466	0.162210
0.720134	0.498534	0.129118
0.705244	0.497499	0.125020
0.698323	0.499224	0.140808
0.704887	0.499741	0.133780
0.716464	0.500949	0.129494
0.725125	0.501984	0.146234
0.728585	0.503191	0.153695
0.727820	0.504399	0.150333
0.724915	0.505434	0.142439
0.717407	0.506124	0.127242
0.705171	0.507849	0.105393
0.696153	0.508366	0.086488
0.690102	0.509574	0.076011
0.680246	0.510609	0.080427
0.670704	0.511816	0.092462
0.667631	0.513024	0.101554
0.671480	0.514749	0.104340
0.681714	0.516474	0.101641
0.693395	0.517509	0.104729
0.711389	0.519234	0.125597
0.741588	0.520442	0.171114
0.775037	0.522167	0.189961
0.790661	0.523892	0.176598
0.770885	0.525617	0.149698
0.770990	0.527342	0.135699
0.791469	0.528549	0.132337
0.793220	0.530274	0.110401
0.781056	0.531999	0.089085
0.771367	0.533724	0.108048
0.760882	0.534759	0.130028
0.746306	0.536484	0.120690
0.732329	0.537174	0.117039
0.724150	0.537174	0.133390
0.732255	0.537174	0.155615
0.750469	0.535967	0.170046
0.768369	0.535449	0.169858
0.778078	0.535449	0.193916
0.778812	0.534242	0.198678
0.773748	0.533724	0.140664
0.776789	0.533724	0.102319
0.784307	0.531999	0.104296
0.778645	0.531999	0.140418
0.765286	0.531309	0.175732
0.752535	0.530274	0.172644
0.739774	0.530274	0.145614
0.728418	0.529584	0.112667
0.720826	0.528549	0.108712
0.723909	0.528549	0.124212
0.741797	0.528549	0.140664
0.764835	0.526824	0.141962
0.774167	0.526824	0.145036
0.760714	0.526824	0.163942
0.762423	0.525617	0.163797
0.771409	0.525099	0.142338
0.765286	0.525099	0.103084
0.751906	0.525099	0.089475
0.738127	0.523374	0.127574
0.726278	0.523374	0.154518
0.716254	0.523374	0.150809
0.703566	0.521649	0.116072
0.699582	0.521649	0.102752
0.715059	0.520442	0.150809
0.754422	0.519924	0.202618
0.784234	0.519234	0.222923
0.786362	0.518199	0.211998
0.817400	0.518199	0.239663
0.811885	0.516474	0.212677
0.764908	0.516474	0.135843
0.745887	0.514749	0.132582
0.736104	0.514749	0.160334
0.710309	0.513541	0.167160
0.679721	0.513024	0.157202
0.660637	0.512334	0.122999
0.652291	0.511299	0.077309
0.648788	0.511299	0.046224
0.646838	0.509574	0.052574
0.647184	0.509574	0.073269
0.649701	0.507849	0.093516
0.651976	0.507849	0.120358
0.650193	0.506641	0.166063
0.652920	0.506124	0.171590
0.667810	0.505434	0.100732
0.706397	0.504399	0.096547
0.740371	0.504916	0.135035
0.718624	0.506124	0.078652
0.715520	0.507849	0.032428
0.718666	0.508884	0.018039
0.706146	0.509574	0.025933
0.705621	0.511299	0.042385
0.711535	0.512334	0.058260
0.714188	0.513024	0.066139
0.712228	0.514749	0.058693
0.704468	0.515784	0.052574
0.691120	0.516992	0.066341
0.681819	0.518199	0.074221
0.674835	0.519924	0.076198
0.654975	0.520442	0.097513
0.634779	0.521649	0.117285
0.632431	0.523374	0.104874
0.632368	0.523892	0.085680
0.624713	0.525099	0.077598
0.620131	0.526134	0.081105
0.621913	0.527342	0.087166
0.630197	0.528549	0.074654
0.642434	0.528549	0.064754
0.655185	0.528549	0.073644
0.661833	0.529067	0.098466
0.671060	0.530274	0.129927
0.690700	0.530274	0.156394
0.714115	0.530274	0.166150
0.736733	0.531309	0.174231
0.749316	0.531999	0.176685
0.732507	0.531999	0.115120
0.714713	0.532517	0.072590
0.712018	0.533724	0.095392
0.697904	0.533724	0.111267
0.676827	0.533724	0.115841
0.672140	0.534759	0.136623
0.673640	0.535449	0.162542
0.664098	0.535449	0.176598
0.652081	0.535449	0.181158
0.646167	0.536484	0.179383
0.641385	0.537174	0.171879
0.635408	0.537174	0.161301
0.627964	0.537174	0.156250
0.621179	0.538899	0.156870
0.619502	0.538899	0.161055
0.617583	0.537692	0.161820
0.611501	0.537174	0.154027
0.616597	0.537174	0.150477
0.635891	0.537174	0.155759
0.659977	0.535449	0.167160
0.684797	0.535449	0.183467
0.704992	0.535449	0.198577
0.707268	0.534759	0.188331
0.702130	0.533724	0.171446
0.705307	0.533724	0.176021
0.705066	0.533034	0.180206
0.695209	0.531999	0.173033
0.679585	0.533724	0.165673
0.663993	0.536484	0.161200
0.658582	0.539934	0.161243
0.656097	0.543385	0.162311
0.650298	0.546835	0.160767
0.651064	0.550285	0.154705
0.658823	0.553735	0.147244
0.664035	0.557185	0.149654
0.665775	0.560635	0.153363
0.664098	0.564085	0.147591
0.655961	0.567017	0.144315
0.646869	0.568225	0.151429
0.664937	0.567017	0.177117
0.696153	0.564085	0.201319
0.717334	0.559600	0.204970
0.714503	0.556150	0.213687
0.701532	0.551492	0.211955
0.695974	0.547525	0.183857
0.694821	0.543385	0.170003
0.694475	0.538899	0.176829
0.683465	0.535449	0.166871
0.664664	0.530792	0.146335
0.647991	0.526824	0.141140
0.633836	0.523374	0.139220
0.622857	0.521649	0.129927
0.624713	0.521649	0.136132
0.646660	0.523374	0.169036
0.692976	0.523374	0.230615
0.698355	0.523374	0.222201
0.680529	0.523374	0.170392
0.698072	0.523892	0.168127
0.711913	0.525099	0.186700
0.713559	0.525099	0.202185
0.708348	0.525099	0.181360
0.700693	0.525099	0.150809
0.694402	0.525099	0.137532
0.686506	0.526824	0.136709
0.680560	0.525617	0.143016
0.689620	0.523374	0.144647
0.704961	0.519924	0.141039
0.717156	0.516474	0.133015
0.721140	0.513541	0.121802
0.723730	0.510091	0.112133
0.731700	0.506641	0.109925
0.740581	0.503709	0.128050
0.749347	0.500259	0.159078
0.759665	0.496809	0.170825
0.758784	0.494566	0.168415
0.754003	0.494049	0.167160
0.786509	0.494049	0.187609
0.784370	0.495774	0.167650
0.771934	0.495774	0.135122
0.794164	0.495774	0.140274
0.795002	0.495774	0.149900
0.788533	0.495774	0.156149
0.791364	0.495774	0.155615
0.789057	0.495774	0.150333
0.776600	0.495774	0.142756
0.700211	0.531999	0.151098
0.721109	0.531999	0.141241
0.755712	0.531999	0.134458
0.753332	0.531999	0.105595
0.741105	0.531999	0.084467
0.726593	0.531999	0.075809
0.718592	0.531999	0.072735
0.711777	0.530792	0.071724
0.698114	0.530274	0.069704
0.684618	0.530274	0.061377
0.677729	0.529584	0.049168
0.684514	0.528549	0.050842
0.716600	0.526824	0.073601
0.771126	0.525099	0.110011
0.797100	0.523892	0.116505
0.873919	0.522167	0.186989
0.895834	0.520959	0.207856
0.775667	0.519924	0.078320
0.758680	0.518199	0.048490
0.796712	0.516474	0.087989
0.808173	0.515267	0.149221
0.802657	0.513541	0.183814
0.792905	0.512334	0.133202
0.776652	0.510609	0.072590
0.754171	0.509574	0.054161
0.737991	0.509574	0.047912
0.731102	0.509574	0.053974
0.729466	0.511299	0.092838
0.736282	0.511299	0.106548
0.751235	0.513024	0.069415
0.762811	0.513541	0.068982
0.768431	0.514749	0.075578
0.768190	0.515784	0.048966
0.767005	0.516474	0.043395
0.764069	0.517509	0.051419
0.755502	0.518199	0.030407
0.743444	0.519924	0.018862
0.734038	0.520442	0.036266
0.743622	0.521649	0.060078
0.764657	0.523374	0.082014
0.780983	0.524409	0.093473
0.773087	0.526134	0.084756
0.817578	0.526824	0.101598
0.852842	0.528549	0.124832
0.817715	0.530792	0.113677
0.815167	0.531999	0.078118
0.815198	0.533724	0.085911
0.810238	0.535449	0.126853
0.817369	0.536484	0.120214
0.823272	0.537692	0.110502
0.817442	0.538899	0.124933
0.802584	0.540624	0.115841
0.782692	0.542349	0.097600
0.761238	0.543385	0.084958
0.737960	0.544592	0.064696
0.720060	0.545800	0.085391
0.718980	0.545110	0.148976
0.753793	0.544075	0.137720
0.764237	0.543385	0.128050
0.752220	0.542349	0.134833
0.768893	0.541142	0.110877
0.769658	0.540624	0.133780
0.755712	0.539417	0.153796
0.738861	0.538899	0.113677
0.724496	0.537692	0.082505
0.713171	0.537174	0.071436
0.703283	0.535967	0.069127
0.693668	0.535449	0.072980
0.683392	0.533724	0.078320
0.672004	0.533724	0.065851
0.660994	0.531999	0.048591
0.653685	0.531999	0.058837
0.645160	0.530274	0.056138
0.635576	0.530274	0.022989
0.643724	0.530274	0.031215
0.676964	0.530274	0.066139
0.726666	0.530792	0.097311
0.736282	0.531999	0.136854
0.745090	0.531999	0.183669
0.763126	0.533724	0.186455
0.756656	0.533724	0.070758
0.738799	0.534759	0.000000
0.721979	0.535449	0.020161
0.721874	0.535449	0.076920
0.724076	0.537174	0.113576
0.711881	0.537174	0.072879
0.698743	0.537692	0.037522
0.690312	0.538899	0.040264
0.680634	0.538899	0.027997
0.671826	0.539934	0.026511
0.667946	0.540624	0.088176
0.670494	0.540624	0.106605
0.683119	0.540624	0.047436
0.716600	0.538899	0.054739
0.760326	0.537174	0.081725
0.801609	0.535449	0.084092
0.835645	0.534242	0.113532
0.827571	0.532517	0.131326
0.790735	0.530792	0.122134
0.794688	0.529584	0.102752
0.809158	0.527859	0.088032
0.803811	0.526134	0.093761
0.789057	0.524409	0.098567
0.770424	0.523374	0.092073
0.753405	0.521649	0.083659
0.737677	0.519924	0.075477
0.717963	0.518199	0.068073
0.703493	0.516992	0.065909
0.704573	0.515267	0.072980
0.738379	0.513541	0.090197
0.782975	0.511816	0.109867
0.798463	0.510091	0.118771
0.815691	0.508366	0.114875
0.826774	0.506641	0.115495
0.822192	0.504916	0.127040
0.820168	0.503191	0.107082
0.818973	0.501466	0.086978
0.812514	0.500259	0.121989
0.800099	0.498534	0.135367
0.781790	0.496809	0.085867
0.760116	0.495084	0.053007
0.741137	0.493359	0.048100
0.734741	0.492324	0.046325
0.741871	0.490599	0.057149
0.758407	0.490599	0.086632
0.767907	0.489909	0.124255
0.769627	0.488874	0.132813
0.765988	0.488874	0.097658
0.759099	0.488184	0.076386
0.750920	0.487149	0.068117
0.742741	0.487149	0.064032
0.727820	0.486459	0.081639
0.711252	0.485423	0.109203
0.710938	0.486459	0.102853
0.740057	0.487149	0.106172
0.780878	0.487149	0.139552
0.777491	0.488184	0.174231
0.783678	0.488874	0.219070
0.797792	0.488874	0.214495
0.800518	0.490599	0.120546
0.793702	0.490599	0.067150
0.783290	0.491116	0.070382
0.776338	0.492324	0.110069
0.768610	0.492324	0.139119
0.758407	0.492841	0.134891
0.744880	0.494049	0.097889
0.732570	0.494049	0.060280
0.727432	0.494049	0.053151
0.738589	0.494049	0.061810
0.763713	0.492324	0.080383
0.793073	0.492324	0.107082
0.808173	0.490599	0.147013
0.807827	0.490599	0.142915
0.799543	0.489391	0.085290
0.798285	0.488874	0.062921
0.795453	0.488184	0.063210
0.783636	0.487149	0.067727
0.768956	0.486459	0.069415
0.755744	0.485423	0.065663
0.747953	0.485423	0.056528
0.753091	0.483698	0.065952
0.787096	0.483698	0.101497
0.854939	0.482491	0.142251
0.823660	0.481973	0.087123
0.791920	0.481283	0.037421
0.821563	0.480248	0.053252
0.821773	0.480248	0.053353
0.805310	0.478523	0.043150
0.797624	0.478523	0.041418
0.784968	0.477316	0.067395
0.764342	0.476798	0.111368
0.742888	0.476108	0.125799
0.730200	0.475073	0.104152
