138.36	5.61	44.90
137.33	5.61	44.49
136.66	5.61	44.25
136.28	5.61	44.15
136.14	5.61	44.17
136.20	5.61	44.28
136.40	5.61	44.45
136.69	5.61	44.66
137.02	5.61	44.87
137.35	5.61	45.05
137.62	5.61	45.19
137.48	5.61	44.99
137.24	5.61	44.74
136.94	5.61	44.48
136.59	5.61	44.23
136.21	5.61	44.03
135.93	5.61	44.17
135.65	5.61	44.39
135.36	5.61	44.63
135.04	5.61	44.86
134.71	5.61	45.03
134.27	5.61	44.90
133.80	5.61	44.63
133.31	5.61	44.30
132.83	5.61	43.94
132.37	5.60	43.58
131.90	5.60	43.28
131.46	5.60	43.05
131.11	5.60	42.87
130.86	5.60	42.75
130.75	5.60	42.70
130.86	5.60	42.70
131.18	5.59	42.78
131.67	5.59	43.00
132.34	5.59	43.39
133.24	5.59	44.02
134.67	5.59	45.40
136.15	5.59	46.80
137.53	5.59	48.06
138.70	5.58	49.00
139.01	5.58	48.77
138.96	5.58	48.04
138.85	5.58	47.22
138.91	5.58	46.63
140.03	5.58	47.28
141.22	5.58	48.11
142.29	5.57	48.92
143.04	5.57	49.52
142.53	5.57	49.03
141.07	5.57	47.75
139.29	5.57	46.23
137.37	5.57	44.62
135.72	5.57	43.29
135.13	5.56	42.93
134.77	5.56	42.81
134.58	5.56	42.87
134.48	5.56	43.06
134.42	5.56	43.33
134.34	5.56	43.61
133.60	5.56	43.44
132.67	5.55	43.15
131.68	5.55	42.84
130.67	5.55	42.52
129.67	5.55	42.20
128.69	5.55	41.90
127.82	5.55	41.66
127.34	5.55	41.60
126.96	5.54	41.60
126.67	5.54	41.65
126.44	5.54	41.74
126.27	5.54	41.87
126.16	5.54	42.04
126.09	5.54	42.25
126.03	5.54	42.55
125.96	5.53	42.95
125.91	5.53	43.34
125.89	5.53	43.71
125.89	5.53	44.03
125.90	5.53	44.29
125.93	5.53	44.45
125.99	5.52	44.25
126.05	5.52	43.92
126.12	5.52	43.54
126.18	5.52	43.15
126.24	5.52	42.78
126.28	5.52	42.46
126.16	5.52	42.49
126.05	5.51	42.55
125.98	5.51	42.64
125.98	5.51	42.73
126.07	5.51	42.79
126.32	5.51	42.64
126.72	5.51	42.39
127.26	5.51	42.13
127.94	5.50	41.89
128.79	5.50	41.70
130.21	5.50	41.78
131.90	5.50	42.00
133.43	5.50	42.19
134.62	5.50	42.29
135.01	5.50	42.15
134.22	5.50	41.68
133.16	5.51	41.09
132.07	5.51	40.42
131.78	5.51	39.68
132.03	5.52	38.93
132.43	5.52	38.22
132.88	5.52	37.61
133.19	5.52	37.15
132.81	5.52	37.14
132.33	5.53	37.26
131.82	5.53	37.46
131.33	5.53	37.70
131.13	5.53	37.84
131.18	5.54	37.87
131.31	5.54	37.91
131.50	5.54	37.95
131.71	5.54	38.02
131.87	5.54	38.29
132.01	5.55	38.57
132.13	5.55	38.81
132.21	5.55	38.97
132.23	5.55	38.90
132.18	5.56	38.50
132.07	5.56	38.02
131.90	5.56	37.50
131.67	5.56	37.00
131.32	5.57	36.66
130.89	5.57	36.45
130.44	5.57	36.35
129.98	5.57	36.38
129.54	5.58	36.56
129.30	5.58	37.09
129.11	5.58	37.82
128.93	5.58	38.66
128.71	5.58	39.56
128.43	5.59	40.49
127.89	5.59	41.43
127.13	5.59	42.32
126.35	5.59	43.13
125.58	5.60	43.79
124.87	5.60	44.28
124.39	5.60	44.34
124.32	5.60	43.77
124.34	5.60	43.04
124.42	5.61	42.22
124.52	5.61	41.41
124.60	5.61	40.67
124.41	5.61	40.43
124.12	5.61	40.44
123.81	5.62	40.57
123.52	5.62	40.81
123.26	5.62	41.12
123.14	5.62	41.53
123.10	5.63	41.98
123.12	5.63	42.42
123.21	5.63	42.83
123.36	5.63	43.17
123.59	5.63	43.24
123.88	5.63	43.21
124.21	5.64	43.13
124.59	5.64	43.00
125.01	5.64	42.86
125.50	5.64	42.76
125.98	5.64	42.66
126.45	5.64	42.58
126.88	5.64	42.53
127.14	5.64	42.53
127.23	5.64	42.59
127.32	5.64	42.70
127.44	5.64	42.85
127.62	5.64	43.05
128.11	5.65	43.35
128.68	5.65	43.68
129.32	5.65	44.04
130.02	5.65	44.42
130.75	5.65	44.78
131.50	5.65	45.14
132.25	5.65	45.49
132.98	5.65	45.83
133.71	5.65	46.20
134.48	5.65	46.70
135.13	5.65	47.10
135.61	5.66	47.34
135.86	5.66	47.33
135.40	5.66	46.46
134.69	5.66	45.34
133.86	5.66	44.13
132.99	5.66	42.94
132.39	5.66	42.22
132.22	5.66	42.19
132.12	5.66	42.34
132.05	5.66	42.62
131.97	5.67	42.96
131.82	5.67	43.29
131.16	5.67	43.10
130.42	5.67	42.87
129.66	5.67	42.64
128.93	5.67	42.46
128.28	5.67	42.37
128.05	5.67	42.72
128.08	5.67	43.35
128.20	5.67	44.03
128.35	5.67	44.70
128.49	5.68	45.32
128.58	5.68	45.81
128.29	5.68	45.67
127.85	5.68	45.28
127.37	5.68	44.83
126.88	5.68	44.40
126.41	5.68	44.04
126.07	5.68	44.08
125.86	5.68	44.50
125.70	5.68	45.01
125.57	5.68	45.54
125.46	5.68	46.05
125.35	5.69	46.33
125.22	5.69	46.29
125.09	5.69	46.17
124.95	5.69	46.03
124.79	5.69	45.89
124.60	5.69	45.83
124.30	5.69	46.10
123.99	5.69	46.40
123.69	5.69	46.68
123.40	5.69	46.92
123.16	5.69	47.06
123.08	5.69	46.79
123.07	5.69	46.37
123.09	5.69	45.90
123.11	5.69	45.42
123.12	5.69	44.96
122.97	5.69	44.74
122.74	5.69	44.68
122.53	5.69	44.67
122.39	5.69	44.69
122.36	5.69	44.72
122.58	5.69	44.56
123.04	5.69	44.29
123.61	5.69	44.12
124.26	5.69	44.11
124.98	5.68	44.32
125.72	5.68	45.39
126.48	5.68	46.81
127.26	5.68	48.27
128.03	5.68	49.63
128.80	5.68	50.66
129.59	5.68	50.73
130.32	5.68	50.49
130.96	5.68	50.02
131.49	5.68	49.35
131.75	5.68	48.56
131.72	5.67	47.70
131.58	5.67	46.82
131.37	5.67	45.99
131.14	5.67	45.25
131.09	5.67	44.91
131.17	5.67	44.93
131.27	5.67	45.08
131.35	5.67	45.32
131.41	5.67	45.62
131.39	5.67	45.92
131.20	5.66	46.06
130.95	5.66	46.18
130.63	5.66	46.28
130.27	5.66	46.36
129.85	5.66	46.41
129.30	5.67	46.43
128.73	5.67	46.41
128.17	5.67	46.36
127.64	5.68	46.27
127.17	5.69	46.13
126.95	5.69	45.82
126.84	5.70	45.47
126.78	5.71	45.13
126.76	5.71	44.85
126.75	5.72	44.66
126.62	5.73	44.91
126.45	5.73	45.33
126.30	5.74	45.79
126.18	5.75	46.23
126.10	5.75	46.61
126.14	5.76	46.60
126.27	5.77	46.30
126.45	5.77	45.94
126.64	5.78	45.56
126.85	5.79	45.21
127.04	5.79	45.14
127.21	5.80	45.29
127.36	5.81	45.48
127.48	5.81	45.69
127.58	5.82	45.86
127.63	5.83	45.84
127.64	5.83	45.59
127.61	5.84	45.32
127.53	5.85	45.05
127.40	5.85	44.81
127.12	5.86	44.68
126.62	5.86	44.72
126.16	5.87	44.85
125.80	5.87	45.08
125.61	5.87	45.40
125.84	5.87	45.90
126.64	5.87	46.64
127.60	5.86	47.38
128.66	5.86	48.06
129.74	5.85	48.62
130.69	5.84	48.70
131.50	5.84	48.52
132.19	5.83	48.28
132.70	5.82	48.03
132.85	5.81	48.02
132.62	5.80	48.28
132.24	5.80	48.59
131.76	5.79	48.87
131.24	5.78	49.10
130.97	5.77	48.86
130.73	5.76	48.50
130.53	5.75	48.08
130.37	5.75	47.63
130.25	5.74	47.18
130.24	5.73	47.01
130.32	5.72	47.04
130.38	5.71	47.07
130.42	5.71	47.06
130.38	5.70	46.98
130.26	5.69	46.78
129.75	5.68	45.92
129.15	5.67	44.99
128.51	5.67	44.07
127.83	5.66	43.23
127.17	5.65	42.54
126.67	5.64	42.54
126.23	5.63	42.83
125.82	5.62	43.24
125.44	5.62	43.72
125.08	5.61	44.20
124.63	5.61	44.44
124.17	5.60	44.50
123.78	5.60	44.50
123.49	5.60	44.47
123.33	5.60	44.41
123.40	5.60	44.12
123.68	5.60	43.79
124.15	5.60	43.61
124.80	5.60	43.68
125.72	5.60	44.22
127.32	5.61	46.20
128.92	5.61	48.26
130.34	5.61	50.13
131.41	5.61	51.52
131.24	5.61	51.18
130.53	5.61	50.03
129.66	5.61	48.54
128.88	5.61	47.00
129.08	5.61	46.25
129.52	5.61	45.67
130.11	5.61	45.24
130.78	5.61	44.96
131.46	5.61	44.79
131.74	5.61	44.76
131.94	5.62	44.82
132.06	5.62	44.93
132.12	5.62	45.07
132.11	5.62	45.21
132.01	5.62	45.22
131.85	5.62	45.19
131.65	5.62	45.14
131.42	5.62	45.09
131.18	5.62	45.03
130.97	5.62	45.06
130.78	5.62	45.12
130.58	5.62	45.15
130.38	5.62	45.13
130.17	5.62	45.04
129.88	5.62	44.68
129.54	5.63	44.10
129.24	5.63	43.54
129.02	5.62	43.06
128.89	5.62	42.74
129.05	5.62	43.11
129.38	5.61	43.79
129.80	5.61	44.52
130.28	5.60	45.19
130.78	5.59	45.59
131.26	5.59	45.27
131.72	5.58	44.80
132.16	5.57	44.25
132.55	5.57	43.69
132.79	5.56	43.45
132.93	5.55	43.41
133.02	5.55	43.44
133.09	5.54	43.52
133.15	5.54	43.60
133.30	5.53	43.50
133.47	5.52	43.37
133.67	5.52	43.26
133.88	5.51	43.20
134.12	5.50	43.22
134.39	5.50	43.51
134.69	5.49	43.99
135.00	5.48	44.51
135.31	5.48	45.02
135.62	5.47	45.49
135.94	5.47	45.71
136.25	5.46	45.78
136.51	5.46	45.80
136.69	5.45	45.80
136.67	5.45	45.84
136.33	5.45	45.95
136.02	5.46	46.09
135.84	5.46	46.23
135.96	5.46	46.39
137.13	5.46	46.66
138.38	5.46	46.88
139.50	5.47	47.01
140.28	5.47	46.98
139.63	5.47	46.47
138.63	5.47	45.84
137.59	5.48	45.24
137.11	5.48	44.95
137.62	5.48	45.16
138.39	5.48	45.50
139.27	5.49	45.91
140.14	5.49	46.30
140.34	5.49	46.26
140.15	5.49	45.99
139.85	5.49	45.70
139.51	5.50	45.43
139.17	5.50	45.23
139.28	5.50	45.80
139.44	5.50	46.42
139.60	5.51	46.99
139.73	5.51	47.41
139.78	5.51	47.58
139.53	5.51	46.57
139.13	5.51	45.10
138.64	5.52	43.53
138.09	5.52	42.01
137.50	5.52	40.68
136.95	5.52	40.45
136.40	5.52	40.72
135.81	5.53	41.22
135.19	5.53	41.85
134.53	5.53	42.53
133.68	5.53	42.88
132.77	5.53	43.07
131.88	5.53	43.24
131.05	5.54	43.42
130.32	5.54	43.60
129.86	5.54	43.92
129.60	5.54	44.30
129.48	5.54	44.69
129.51	5.53	45.09
129.67	5.53	45.47
130.05	5.53	45.74
130.56	5.53	45.98
131.13	5.53	46.22
131.76	5.53	46.46
132.39	5.53	46.78
133.02	5.53	47.30
133.59	5.53	47.79
134.07	5.53	48.18
134.40	5.53	48.43
134.30	5.53	48.20
133.99	5.53	47.73
133.59	5.53	47.13
133.16	5.52	46.43
132.81	5.52	45.68
132.89	5.52	44.95
133.00	5.52	44.26
133.09	5.52	43.65
133.12	5.52	43.17
133.04	5.52	42.86
132.42	5.52	43.14
131.55	5.52	43.73
130.59	5.52	44.40
129.62	5.52	45.11
128.68	5.52	45.77
128.03	5.52	46.02
127.77	5.51	45.75
127.60	5.51	45.39
127.49	5.51	44.98
127.42	5.51	44.58
127.34	5.51	44.26
127.14	5.51	44.29
126.75	5.52	44.79
126.34	5.52	45.35
125.94	5.53	45.90
125.56	5.53	46.39
125.22	5.54	46.73
125.02	5.55	46.54
124.86	5.56	46.23
124.75	5.57	45.82
124.67	5.58	45.35
124.63	5.59	44.85
124.54	5.60	44.29
124.48	5.61	43.77
124.48	5.62	43.35
124.57	5.63	43.09
124.76	5.64	43.03
125.13	5.65	43.57
125.66	5.66	44.57
126.30	5.67	45.70
127.06	5.68	46.85
127.93	5.69	47.96
128.92	5.70	48.60
130.03	5.71	48.85
131.20	5.72	49.02
132.42	5.73	49.17
133.68	5.74	49.34
134.97	5.75	49.90
136.26	5.76	50.64
137.52	5.77	51.38
138.72	5.78	52.05
139.83	5.79	52.60
140.94	5.80	52.67
141.89	5.81	52.57
142.63	5.82	52.33
143.10	5.83	51.98
143.17	5.84	51.55
142.43	5.86	51.14
141.41	5.87	50.66
140.16	5.89	50.12
138.77	5.90	49.51
137.30	5.91	48.85
136.27	5.93	48.00
135.36	5.94	47.08
134.52	5.95	46.12
133.75	5.96	45.17
133.05	5.97	44.22
132.41	5.98	43.32
131.85	5.99	42.48
131.43	6.00	41.82
131.12	6.01	41.34
130.87	6.01	40.96
130.68	6.02	40.69
130.52	6.03	40.53
130.40	6.03	40.50
130.30	6.04	40.59
130.21	6.05	40.81
129.94	6.05	41.42
129.69	6.05	42.13
129.49	6.05	42.91
129.34	6.06	43.70
129.27	6.06	44.49
129.29	6.06	45.24
129.41	6.06	45.66
129.65	6.06	45.97
130.03	6.07	46.28
130.57	6.07	46.63
131.28	6.07	47.07
132.29	6.07	47.73
133.58	6.08	48.62
135.00	6.08	49.59
136.50	6.08	50.61
138.05	6.08	51.66
139.71	6.09	52.99
141.30	6.09	54.21
142.74	6.09	55.17
143.94	6.10	55.75
144.53	6.10	55.21
144.73	6.10	54.06
144.70	6.11	52.64
144.50	6.11	51.09
144.22	6.11	49.83
143.91	6.12	48.98
143.58	6.12	48.28
143.26	6.12	47.73
143.01	6.12	47.33
142.95	6.13	47.11
143.32	6.13	47.14
143.80	6.13	47.30
144.34	6.14	47.58
144.90	6.14	47.96
145.45	6.14	48.42
145.94	6.14	48.95
146.21	6.14	49.61
146.39	6.15	50.26
146.47	6.15	50.86
146.45	6.15	51.37
146.31	6.15	51.75
145.97	6.16	51.75
145.50	6.16	51.54
144.93	6.16	51.21
144.28	6.16	50.79
143.57	6.17	50.31
142.81	6.17	49.79
142.02	6.17	49.26
141.22	6.17	48.76
140.42	6.17	48.34
139.63	6.17	48.02
138.81	6.18	48.15
138.06	6.18	48.36
137.39	6.18	48.60
136.85	6.18	48.82
136.51	6.18	48.92
136.58	6.18	48.61
136.78	6.19	48.24
137.05	6.19	47.85
137.36	6.19	47.50
137.59	6.19	47.27
137.68	6.19	47.24
137.73	6.20	47.30
137.74	6.20	47.47
137.71	6.20	47.73
137.61	6.20	48.30
137.46	6.20	48.96
137.30	6.20	49.62
137.14	6.21	50.20
136.99	6.21	50.64
136.97	6.21	50.33
136.98	6.21	49.84
136.99	6.21	49.28
136.99	6.21	48.74
136.97	6.22	48.28
136.84	6.22	48.43
136.66	6.22	48.84
136.44	6.22	49.35
136.21	6.22	49.91
135.95	6.23	50.48
135.71	6.23	50.93
135.48	6.23	51.27
135.22	6.23	51.51
134.94	6.23	51.62
134.61	6.23	51.59
134.20	6.24	51.23
133.67	6.24	50.35
133.11	6.24	49.42
132.54	6.24	48.53
131.97	6.25	47.79
131.43	6.25	47.44
131.01	6.25	48.13
130.60	6.26	49.01
130.22	6.26	49.98
129.84	6.27	50.92
129.46	6.27	51.69
128.87	6.27	51.51
128.32	6.28	51.18
127.87	6.28	50.78
127.54	6.29	50.39
127.43	6.29	50.12
127.74	6.29	50.24
128.25	6.30	50.52
128.92	6.30	50.94
129.73	6.30	51.51
130.67	6.31	52.34
131.72	6.31	53.52
132.85	6.32	54.70
134.02	6.32	55.79
135.20	6.32	56.68
136.45	6.33	56.79
137.65	6.33	56.57
138.73	6.34	56.20
139.65	6.34	55.78
140.16	6.34	55.62
140.27	6.35	55.73
140.23	6.35	55.85
140.08	6.36	55.93
139.91	6.36	55.91
140.05	6.37	55.52
140.19	6.37	55.01
140.32	6.38	54.40
140.42	6.38	53.72
140.45	6.38	52.98
140.21	6.39	52.13
139.89	6.39	51.28
139.54	6.40	50.48
139.17	6.40	49.77
138.83	6.40	49.18
138.73	6.41	49.12
138.75	6.41	49.37
138.77	6.42	49.70
138.76	6.42	50.06
138.68	6.42	50.38
138.45	6.43	50.49
137.85	6.43	50.05
137.18	6.44	49.54
136.46	6.44	49.00
135.74	6.44	48.51
135.04	6.44	48.14
134.44	6.44	48.18
133.92	6.45	48.33
133.49	6.44	48.56
133.17	6.44	48.87
133.00	6.44	49.20
133.08	6.44	49.45
133.29	6.44	49.74
133.62	6.44	50.10
134.06	6.44	50.53
134.63	6.44	51.18
135.34	6.44	52.07
136.07	6.44	52.95
136.80	6.44	53.77
137.49	6.44	54.46
138.02	6.44	54.77
138.45	6.44	54.86
138.77	6.44	54.75
138.98	6.44	54.44
138.95	6.43	53.70
138.71	6.43	52.60
138.41	6.43	51.46
138.10	6.43	50.40
137.83	6.43	49.53
137.92	6.43	49.59
138.21	6.43	50.17
138.54	6.43	51.00
138.88	6.43	52.00
139.19	6.43	53.09
139.36	6.43	54.17
139.33	6.43	55.15
139.22	6.43	56.02
139.03	6.43	56.73
138.76	6.43	57.21
138.39	6.43	57.14
137.90	6.42	56.42
137.37	6.42	55.53
136.80	6.42	54.56
136.23	6.42	53.61
135.66	6.42	53.04
135.13	6.42	53.02
134.65	6.42	53.12
134.21	6.42	53.29
133.85	6.42	53.47
133.57	6.42	53.56
133.40	6.42	53.28
133.35	6.43	52.99
133.41	6.43	52.73
133.61	6.43	52.55
134.02	6.43	52.57
134.67	6.43	52.87
135.43	6.44	53.27
136.26	6.44	53.75
137.14	6.44	54.27
138.04	6.44	54.83
138.92	6.44	55.39
139.75	6.45	55.91
140.52	6.45	56.37
141.10	6.45	56.72
141.51	6.45	56.93
141.82	6.45	57.03
142.04	6.46	56.98
142.18	6.46	56.74
142.23	6.46	56.06
142.24	6.46	55.30
142.23	6.47	54.54
142.21	6.47	53.85
142.28	6.47	53.52
142.50	6.47	53.79
142.73	6.47	54.20
142.94	6.48	54.67
143.12	6.48	55.15
143.21	6.48	55.54
143.08	6.48	55.39
142.88	6.48	55.15
142.61	6.49	54.87
142.29	6.49	54.57
141.94	6.49	54.30
141.60	6.49	54.25
141.24	6.49	54.28
140.85	6.50	54.36
140.44	6.50	54.48
139.99	6.50	54.63
139.37	6.50	54.83
138.69	6.50	55.05
138.05	6.50	55.28
137.50	6.50	55.50
137.08	6.50	55.70
136.96	6.50	55.73
137.09	6.50	55.67
137.42	6.50	55.67
137.94	6.50	55.78
138.65	6.50	56.04
139.97	6.49	57.13
141.37	6.49	58.31
142.68	6.49	59.38
143.78	6.49	60.21
144.16	6.49	60.18
143.93	6.49	59.45
143.52	6.49	58.58
143.05	6.48	57.72
143.00	6.48	57.63
143.12	6.48	57.89
143.32	6.48	58.31
143.54	6.48	58.82
143.75	6.48	59.31
143.86	6.48	59.54
143.92	6.48	59.69
143.94	6.47	59.78
143.90	6.47	59.79
143.79	6.47	59.70
143.50	6.47	59.39
143.16	6.47	59.02
142.78	6.47	58.60
142.37	6.47	58.15
141.97	6.47	57.71
141.71	6.46	57.39
141.47	6.46	57.11
141.21	6.46	56.86
140.93	6.46	56.65
140.61	6.46	56.49
140.16	6.46	56.45
139.58	6.46	56.52
138.96	6.45	56.59
138.32	6.45	56.62
137.65	6.45	56.59
136.98	6.45	56.31
136.31	6.45	55.59
135.67	6.45	54.85
135.09	6.45	54.15
134.60	6.45	53.58
134.20	6.45	53.21
133.95	6.45	53.63
133.84	6.45	54.24
133.88	6.46	55.00
134.07	6.46	55.84
134.47	6.46	56.71
135.15	6.47	57.53
135.98	6.47	58.27
136.92	6.47	58.91
137.96	6.48	59.39
139.13	6.48	59.39
140.35	6.48	59.11
141.53	6.49	58.76
142.60	6.49	58.43
143.41	6.49	58.39
143.90	6.50	58.73
144.22	6.50	59.11
144.38	6.50	59.47
144.38	6.51	59.68
144.12	6.51	59.27
143.78	6.52	58.76
143.44	6.52	58.20
143.16	6.52	57.68
143.09	6.53	57.38
143.61	6.53	57.72
144.25	6.53	58.16
144.94	6.53	58.66
145.62	6.54	59.15
146.24	6.54	59.56
146.49	6.54	59.48
146.54	6.55	59.20
146.50	6.55	58.89
146.36	6.55	58.58
146.16	6.56	58.34
145.97	6.56	58.57
145.69	6.56	58.81
145.33	6.57	59.01
144.87	6.57	59.09
144.15	6.57	58.72
143.27	6.58	58.04
142.35	6.58	57.22
141.45	6.58	56.33
140.63	6.59	55.40
140.12	6.59	54.66
139.73	6.59	53.93
139.45	6.59	53.23
139.28	6.59	52.57
139.15	6.59	51.76
139.04	6.59	50.76
139.08	6.59	50.01
139.32	6.59	49.66
139.78	6.59	49.86
141.37	6.59	52.56
142.95	6.59	55.45
144.28	6.59	58.02
145.07	6.59	59.79
144.08	6.59	58.50
142.30	6.59	55.88
140.29	6.59	52.91
138.62	6.59	50.52
138.29	6.59	50.40
138.33	6.59	50.89
138.61	6.59	51.79
139.04	6.60	52.90
139.51	6.60	54.01
139.35	6.60	53.77
139.14	6.60	53.41
138.89	6.60	53.04
138.63	6.60	52.71
138.37	6.60	52.51
138.29	6.60	53.21
138.23	6.60	54.09
138.17	6.60	55.02
138.08	6.60	55.90
137.93	6.60	56.66
137.63	6.60	56.73
137.20	6.60	56.37
136.73	6.60	55.87
136.23	6.60	55.28
135.70	6.60	54.66
135.20	6.60	54.28
134.74	6.60	54.16
134.27	6.60	54.08
133.81	6.60	54.00
133.34	6.60	53.91
132.88	6.61	53.70
132.45	6.61	53.10
132.00	6.61	52.52
131.53	6.61	52.01
131.04	6.61	51.64
130.52	6.61	51.47
129.69	6.61	52.10
128.85	6.61	52.96
128.10	6.61	53.95
127.48	6.61	54.98
127.06	6.61	55.97
127.11	6.61	56.37
127.43	6.61	56.69
128.00	6.61	57.05
128.84	6.61	57.52
130.05	6.61	58.44
131.77	6.61	60.18
133.55	6.60	61.81
135.28	6.60	63.10
136.79	6.60	63.75
137.32	6.60	62.30
137.80	6.60	60.60
138.39	6.60	59.07
140.12	6.60	59.22
143.08	6.60	61.32
145.77	6.60	63.56
147.65	6.60	65.38
147.59	6.60	65.68
143.97	6.60	62.94
139.44	6.60	59.48
134.52	6.60	55.69
131.76	6.60	53.50
131.00	6.60	52.82
131.08	6.60	52.77
131.81	6.59	53.21
133.02	6.59	54.03
134.52	6.59	55.09
136.14	6.59	56.28
137.02	6.59	57.06
137.40	6.59	57.57
137.71	6.59	58.02
137.94	6.59	58.37
138.07	6.59	58.60
138.10	6.59	58.69
137.88	6.59	58.35
137.56	6.59	57.85
137.17	6.59	57.22
136.74	6.59	56.49
136.27	6.59	55.69
135.90	6.59	54.70
135.54	6.59	53.67
135.18	6.58	52.71
134.79	6.58	51.86
134.39	6.58	51.20
133.89	6.58	51.18
133.32	6.58	51.71
132.75	6.58	52.35
132.20	6.58	53.01
131.70	6.58	53.59
131.28	6.58	53.71
130.96	6.58	53.10
130.74	6.58	52.39
130.65	6.58	51.66
130.70	6.58	51.03
130.87	6.58	50.67
131.20	6.58	50.68
131.75	6.58	50.95
132.56	6.58	51.53
133.69	6.58	52.43
136.14	6.58	54.59
138.83	6.58	57.00
141.21	6.58	59.19
142.97	6.58	60.86
142.87	6.58	60.95
141.13	6.58	59.62
138.99	6.58	57.88
136.81	6.57	55.99
136.74	6.57	55.43
137.33	6.57	55.26
138.33	6.57	55.32
139.56	6.57	55.52
140.86	6.57	55.78
141.81	6.57	55.89
141.90	6.57	55.57
141.86	6.57	55.20
141.71	6.57	54.82
141.49	6.57	54.42
141.27	6.57	54.09
141.19	6.57	53.91
141.08	6.57	53.75
140.94	6.57	53.56
140.77	6.57	53.35
140.55	6.57	53.07
140.15	6.57	52.34
139.71	6.57	51.59
139.26	6.57	50.89
138.80	6.57	50.31
138.37	6.57	49.92
137.88	6.57	50.16
137.45	6.57	50.71
137.17	6.57	51.42
137.08	6.57	52.25
137.24	6.57	53.15
138.32	6.57	54.06
139.53	6.56	54.95
140.73	6.56	55.76
141.78	6.56	56.46
142.00	6.56	56.71
141.70	6.55	56.70
141.48	6.55	56.74
141.55	6.55	56.96
144.07	6.55	58.90
146.99	6.54	61.03
149.55	6.54	62.78
151.18	6.54	63.72
150.03	6.54	62.35
146.10	6.54	58.71
141.51	6.53	54.53
136.79	6.53	50.25
135.41	6.53	48.84
135.21	6.53	48.43
135.80	6.52	48.72
136.97	6.52	49.53
138.52	6.52	50.67
140.23	6.52	51.97
141.44	6.51	52.86
141.77	6.51	52.99
142.00	6.51	53.08
142.14	6.51	53.14
142.19	6.51	53.19
142.16	6.50	53.22
141.96	6.50	53.33
141.70	6.50	53.43
141.40	6.49	53.51
141.08	6.49	53.57
140.77	6.49	53.60
140.60	6.49	53.37
140.46	6.49	53.14
140.32	6.49	52.98
140.17	6.49	52.93
139.97	6.49	53.07
139.49	6.50	53.80
139.04	6.50	54.66
138.68	6.50	55.60
138.47	6.50	56.55
138.77	6.51	57.53
139.61	6.51	58.46
140.44	6.51	59.12
141.12	6.51	59.39
141.26	6.52	58.77
140.38	6.52	56.62
139.53	6.52	54.67
138.96	6.53	53.45
140.46	6.53	56.58
142.87	6.53	61.64
145.17	6.53	66.59
146.86	6.54	70.35
146.29	6.54	69.70
143.43	6.54	64.50
140.08	6.55	58.11
136.68	6.55	51.33
136.21	6.56	48.60
136.63	6.56	47.09
137.64	6.56	46.51
139.01	6.56	46.65
140.52	6.57	47.33
141.95	6.57	48.36
141.98	6.57	48.95
141.72	6.57	49.64
141.32	6.58	50.44
140.82	6.58	51.31
140.27	6.58	52.19
139.87	6.58	52.98
139.46	6.59	53.72
139.03	6.59	54.39
138.58	6.59	54.96
138.11	6.60	55.42
137.61	6.60	55.49
137.09	6.60	55.40
136.55	6.60	55.23
136.00	6.61	55.02
135.44	6.61	54.80
134.83	6.61	54.82
134.19	6.62	55.02
133.57	6.62	55.21
132.99	6.62	55.33
132.47	6.62	55.35
131.99	6.62	55.01
131.56	6.62	54.11
131.27	6.62	53.22
131.15	6.62	52.44
131.24	6.62	51.88
131.62	6.62	51.97
132.30	6.62	52.73
133.26	6.62	53.79
134.54	6.62	55.08
136.13	6.62	56.56
139.15	6.62	58.66
142.15	6.62	60.64
144.72	6.62	62.26
146.51	6.62	63.27
145.80	6.62	62.53
143.93	6.62	60.95
141.70	6.62	59.08
140.02	6.62	57.51
140.34	6.62	57.21
141.22	6.62	57.27
142.53	6.62	57.60
144.09	6.62	58.10
145.75	6.62	58.70
147.15	6.62	59.20
147.80	6.62	59.32
148.28	6.61	59.38
148.61	6.61	59.40
148.76	6.61	59.36
148.75	6.61	59.27
148.35	6.61	59.02
147.78	6.61	58.71
147.10	6.61	58.38
146.36	6.61	58.03
145.61	6.61	57.71
145.06	6.61	57.49
144.68	6.61	57.37
144.32	6.61	57.28
143.97	6.61	57.21
143.62	6.61	57.13
143.24	6.61	57.04
142.72	6.61	56.85
142.18	6.62	56.66
141.62	6.62	56.46
141.05	6.62	56.28
140.47	6.62	56.13
139.87	6.63	56.09
139.30	6.63	56.05
138.77	6.63	55.98
138.32	6.63	55.85
138.02	6.64	55.49
137.89	6.64	54.89
137.83	6.64	54.29
137.80	6.64	53.74
137.80	6.65	53.30
137.74	6.65	53.23
137.60	6.65	53.63
137.44	6.65	54.17
137.26	6.66	54.81
137.07	6.66	55.49
136.88	6.66	56.14
136.70	6.66	56.52
136.51	6.67	56.86
136.30	6.67	57.14
136.06	6.67	57.38
135.79	6.67	57.57
135.44	6.67	57.74
135.05	6.68	57.87
134.62	6.68	57.94
134.16	6.68	57.94
133.67	6.68	57.88
133.13	6.69	57.69
132.51	6.70	57.36
131.92	6.71	56.97
131.36	6.72	56.54
130.89	6.74	56.10
130.52	6.76	55.66
130.40	6.79	55.16
130.39	6.83	54.72
130.50	6.87	54.41
130.74	6.91	54.25
131.08	6.95	54.32
131.43	6.99	54.80
131.93	7.02	55.51
132.64	7.06	56.41
133.57	7.10	57.50
135.14	7.13	59.14
137.30	7.16	61.27
139.43	7.19	63.15
141.31	7.22	64.52
142.68	7.26	65.02
142.53	7.31	63.05
142.06	7.37	60.71
141.47	7.42	58.41
141.49	7.47	57.64
142.26	7.50	58.72
143.07	7.54	60.25
143.76	7.58	61.88
144.12	7.62	63.28
143.11	7.67	62.74
141.47	7.73	61.37
139.54	7.78	59.60
137.42	7.84	57.60
135.41	7.90	55.63
133.98	7.95	54.14
132.67	8.00	52.75
131.50	8.04	51.49
130.45	8.09	50.38
129.53	8.13	49.46
128.73	8.17	48.73
128.12	8.21	48.58
127.67	8.25	48.81
127.32	8.29	49.23
127.06	8.33	49.79
126.88	8.36	50.47
126.77	8.39	51.23
126.72	8.42	52.02
126.68	8.45	52.82
126.59	8.48	53.60
126.55	8.50	54.30
126.54	8.52	54.87
126.59	8.53	55.27
126.68	8.52	55.46
126.82	8.51	55.40
127.05	8.47	54.42
127.34	8.41	53.13
127.66	8.35	51.70
128.03	8.27	50.20
128.42	8.19	48.69
128.84	8.10	47.25
129.29	8.01	46.21
129.74	7.91	45.34
130.21	7.81	44.64
130.69	7.71	44.13
131.16	7.60	43.85
131.61	7.50	43.99
132.02	7.40	44.66
132.43	7.30	45.46
132.84	7.20	46.29
133.27	7.10	47.08
133.71	7.00	47.72
134.26	6.90	47.64
134.81	6.80	47.39
135.36	6.70	47.00
135.89	6.60	46.49
136.39	6.50	45.90
136.71	6.39	45.27
136.97	6.28	44.62
137.24	6.18	43.98
137.54	6.08	43.38
137.92	6.00	42.85
138.54	5.94	42.49
139.31	5.90	42.27
140.14	5.87	42.17
141.00	5.85	42.19
141.88	5.84	42.34
142.69	5.83	42.85
143.47	5.83	43.44
144.21	5.83	44.04
144.91	5.84	44.56
145.58	5.84	44.85
146.22	5.84	44.80
146.75	5.84	44.60
147.13	5.84	44.25
147.31	5.84	43.78
147.01	5.84	42.98
146.50	5.84	42.13
145.85	5.84	41.32
145.11	5.84	40.64
144.36	5.84	40.43
143.66	5.84	40.84
142.98	5.84	41.44
142.34	5.84	42.14
141.77	5.84	42.86
141.34	5.84	43.44
141.31	5.84	43.48
141.33	5.84	43.41
141.37	5.84	43.24
141.36	5.84	43.00
141.26	5.84	42.70
140.80	5.84	42.36
139.97	5.85	42.00
139.05	5.85	41.66
138.10	5.85	41.36
137.15	5.85	41.12
136.31	5.85	41.06
135.80	5.85	41.35
135.36	5.85	41.73
134.98	5.85	42.14
134.65	5.85	42.55
134.35	5.85	42.91
134.05	5.85	43.08
133.73	5.85	43.03
133.41	5.85	42.90
133.08	5.85	42.69
132.73	5.85	42.42
132.36	5.85	42.10
131.91	5.85	41.81
131.43	5.85	41.47
130.93	5.85	41.05
130.40	5.85	40.55
129.84	5.85	39.96
129.19	5.85	38.87
128.52	5.85	37.68
127.86	5.85	36.57
127.23	5.85	35.64
126.65	5.85	35.00
126.18	5.85	35.31
125.82	5.85	36.31
125.52	5.85	37.55
125.30	5.85	38.94
125.15	5.85	40.38
124.94	5.85	41.50
124.73	5.85	42.30
124.69	5.84	43.04
124.87	5.84	43.74
125.33	5.84	44.42
126.50	5.84	45.43
128.08	5.84	46.49
129.83	5.83	47.34
131.67	5.83	47.85
133.48	5.83	47.51
135.19	5.83	46.10
136.69	5.83	44.77
137.90	5.82	43.87
138.37	5.82	45.06
138.46	5.82	47.00
138.36	5.82	49.01
138.32	5.82	50.11
138.61	5.81	49.18
138.91	5.81	47.70
139.17	5.81	45.92
139.34	5.81	44.13
139.10	5.81	43.56
138.69	5.80	43.47
138.21	5.80	43.54
137.71	5.80	43.68
137.27	5.80	43.75
137.19	5.80	43.26
137.16	5.79	42.70
137.15	5.79	42.12
137.12	5.79	41.56
137.05	5.79	41.07
136.63	5.79	40.80
136.14	5.78	40.66
135.63	5.78	40.67
135.14	5.78	40.84
134.71	5.78	41.20
134.62	5.78	42.27
134.64	5.77	43.55
134.70	5.77	44.82
134.76	5.77	45.95
134.78	5.77	46.82
134.60	5.77	46.83
134.21	5.76	45.95
133.77	5.76	44.81
133.32	5.76	43.52
132.86	5.76	42.19
132.50	5.76	41.07
132.23	5.75	40.26
132.00	5.75	39.60
131.79	5.75	39.15
131.59	5.75	38.92
131.30	5.75	39.09
130.89	5.74	39.71
130.57	5.74	40.52
130.40	5.74	41.46
130.42	5.74	42.48
131.08	5.74	43.49
132.09	5.74	44.47
133.16	5.74	45.39
134.17	5.74	46.22
134.73	5.74	46.87
134.72	5.74	47.32
134.78	5.74	47.62
135.08	5.74	47.76
137.25	5.74	47.72
140.11	5.74	47.52
142.58	5.74	47.17
144.08	5.74	46.68
142.71	5.74	46.03
138.63	5.74	45.25
133.83	5.74	44.38
128.91	5.74	43.48
127.37	5.74	42.54
126.76	5.74	41.63
126.87	5.74	40.77
127.53	5.75	40.02
128.52	5.75	39.41
129.67	5.75	38.98
130.15	5.75	39.12
130.08	5.75	39.69
129.95	5.75	40.34
129.76	5.75	41.00
129.53	5.75	41.60
129.24	5.75	41.97
128.86	5.75	41.66
128.45	5.75	41.23
128.03	5.75	40.74
127.59	5.75	40.24
127.17	5.75	39.79
126.87	5.75	39.86
126.58	5.75	40.02
126.30	5.75	40.20
126.02	5.75	40.36
125.73	5.75	40.45
125.16	5.75	40.04
124.57	5.75	39.49
124.10	5.75	38.97
123.81	5.75	38.56
123.77	5.75	38.34
124.40	5.75	38.79
125.33	5.75	39.47
126.49	5.75	40.30
127.87	5.75	41.24
129.56	5.75	42.24
131.48	5.75	43.26
133.26	5.75	44.24
134.75	5.75	45.12
135.21	5.74	45.90
135.27	5.74	46.46
135.18	5.74	46.69
135.33	5.74	46.22
135.95	5.74	44.87
136.64	5.74	43.29
137.31	5.74	41.69
137.83	5.73	40.44
137.86	5.73	40.32
137.81	5.73	40.48
137.73	5.73	40.83
137.69	5.73	41.27
137.95	5.73	41.38
138.35	5.72	41.42
138.81	5.72	41.49
139.32	5.72	41.64
139.85	5.72	41.97
140.39	5.72	42.53
140.88	5.72	43.17
141.28	5.72	43.89
141.53	5.71	44.66
141.52	5.71	45.71
141.35	5.71	46.63
141.03	5.71	47.31
140.57	5.71	47.62
139.80	5.71	46.56
138.88	5.70	44.77
137.92	5.70	42.77
136.99	5.70	40.76
136.15	5.70	38.97
135.94	5.70	39.07
136.00	5.70	39.90
136.15	5.70	40.98
136.37	5.69	42.14
136.58	5.69	43.21
136.70	5.69	43.82
136.48	5.69	42.95
136.19	5.69	41.89
135.84	5.69	40.78
135.44	5.68	39.74
135.01	5.68	39.12
134.52	5.68	39.36
134.03	5.68	39.84
133.56	5.68	40.47
133.12	5.68	41.19
132.76	5.68	41.93
132.64	5.67	42.53
132.57	5.67	43.06
132.53	5.67	43.46
132.49	5.67	43.68
132.44	5.67	43.69
132.27	5.67	42.98
132.03	5.66	41.89
131.76	5.66	40.73
131.44	5.66	39.60
131.08	5.66	38.60
130.57	5.66	38.29
129.97	5.66	38.46
129.43	5.65	38.78
128.98	5.65	39.19
128.69	5.65	39.62
128.67	5.65	39.73
128.90	5.65	39.68
129.38	5.65	39.65
130.12	5.65	39.67
131.22	5.65	39.82
133.21	5.65	40.34
135.24	5.65	40.93
137.10	5.65	41.54
138.56	5.65	42.12
138.68	5.65	42.59
138.29	5.65	42.94
137.67	5.65	43.12
137.18	5.65	42.93
137.19	5.65	42.15
137.28	5.65	41.25
137.42	5.65	40.36
137.58	5.65	39.63
137.59	5.65	39.94
137.49	5.65	40.96
137.36	5.65	42.09
137.20	5.65	43.17
137.03	5.65	44.03
136.83	5.65	43.69
136.63	5.65	42.57
136.44	5.65	41.25
136.25	5.65	39.87
136.08	5.65	38.58
135.94	5.65	37.54
135.84	5.65	36.88
135.77	5.65	36.74
135.76	5.65	37.29
135.80	5.65	38.65