0.384589	0.980769	0.704162
0.428158	0.980769	0.701162
0.483662	0.980769	0.648481
0.538355	0.980769	0.595613
0.571727	0.980769	0.616235
0.614137	0.980769	0.622235
0.697798	0.980769	0.518185
0.784357	0.980769	0.473003
0.857010	0.980769	0.507312
0.913210	0.980769	0.526247
0.902897	0.980769	0.486502
0.832677	0.980769	0.428009
0.761298	0.980769	0.466629
0.718540	0.980769	0.526434
0.718308	0.987179	0.547057
0.680185	1.000000	0.527747
0.584705	1.000000	0.475628
0.516338	1.000000	0.455943
0.479258	1.000000	0.463630
0.446582	1.000000	0.459693
0.410197	1.000000	0.428571
0.362920	1.000000	0.348894
0.303708	1.000000	0.285527
0.233835	1.000000	0.295463
0.180997	1.000000	0.341770
0.156663	1.000000	0.401950
0.141715	0.993590	0.445444
0.190846	0.980769	0.522310
0.357242	0.967948	0.686539
0.534067	0.961538	0.863892
0.614948	0.942308	0.860517
0.618888	0.935898	0.741845
0.640093	0.923077	0.742407
0.613441	0.910256	0.654481
0.576825	0.903846	0.559805
0.572074	0.884615	0.564679
0.544380	0.878206	0.603300
0.497103	0.865385	0.641920
0.489687	0.852563	0.650731
0.489340	0.846154	0.631421
0.449131	0.826923	0.591864
0.407416	0.820513	0.542557
0.382271	0.807692	0.496625
0.348783	0.794871	0.475066
0.357010	0.788462	0.505624
0.454809	0.788462	0.602925
0.490730	0.788462	0.655043
0.637659	0.788462	0.750094
0.762572	0.788462	0.801650
0.372190	0.794871	0.511999
0.218888	0.807692	0.309336
0.296060	0.807692	0.251594
0.323754	0.807692	0.290964
0.300811	0.807692	0.376265
0.260603	0.807692	0.451819
0.219351	0.807692	0.449569
0.189455	0.807692	0.329396
0.143801	0.807692	0.253656
0.113210	0.807692	0.275778
0.189687	0.807692	0.363330
0.348204	0.807692	0.537683
0.489687	0.801283	0.682977
0.513441	0.788462	0.606112
0.571031	0.788462	0.535058
0.595597	0.769231	0.481815
0.598609	0.769231	0.461192
0.641715	0.750000	0.496063
0.695713	0.750000	0.525872
0.723291	0.737179	0.587177
0.695365	0.730769	0.683915
0.611587	0.717948	0.556430
0.537080	0.711538	0.375891
0.542874	0.705129	0.390889
0.550637	0.692308	0.500188
0.518192	0.685898	0.627859
0.470684	0.673077	0.613048
0.426419	0.673077	0.508811
0.412399	0.653846	0.489689
0.404403	0.653846	0.490439
0.377752	0.634615	0.446944
0.330939	0.634615	0.432508
0.283778	0.621794	0.448256
0.298146	0.634615	0.378515
0.412746	0.634615	0.363517
0.593163	0.641025	0.524934
0.597335	0.653846	0.749531
0.576130	0.666667	0.645482
0.586558	0.673077	0.380952
0.576130	0.679487	0.442820
0.557010	0.692308	0.517810
0.538239	0.692308	0.466629
0.533024	0.711538	0.352081
0.523638	0.711538	0.242220
0.486443	0.724360	0.215223
0.447972	0.730769	0.210911
0.419583	0.737179	0.214473
0.391889	0.750000	0.306149
0.360718	0.750000	0.362955
0.323754	0.750000	0.221035
0.368134	0.750000	0.134796
0.450290	0.750000	0.264154
0.433140	0.737179	0.639670
0.609386	0.730769	0.883952
0.586095	0.730769	0.703225
0.218192	0.711538	0.211474
0.168946	0.711538	0.072366
0.241715	0.705129	0.118110
0.239397	0.692308	0.181852
0.211587	0.692308	0.265467
0.170915	0.685898	0.342895
0.128969	0.673077	0.355831
0.087601	0.673077	0.317960
0.039397	0.660256	0.299213
0.001738	0.653846	0.307274
0.000000	0.653846	0.346457
0.110313	0.634615	0.422010
0.261645	0.634615	0.609861
0.364774	0.634615	0.935696
0.638586	0.634615	1.000000
0.614716	0.634615	0.812711
0.351448	0.634615	0.588864
0.420742	0.634615	0.550431
0.535458	0.634615	0.523997
0.527578	0.634615	0.411511
0.487022	0.634615	0.329209
0.438934	0.634615	0.295463
0.412399	0.634615	0.283465
0.389803	0.621794	0.279528
0.344496	0.615385	0.271654
0.299768	0.615385	0.239220
0.276941	0.608975	0.191601
0.299421	0.596154	0.198163
0.405794	0.576923	0.286839
0.586558	0.557692	0.428759
0.672654	0.544871	0.454068
0.927346	0.525640	0.728721
1.000000	0.512821	0.810086
0.601622	0.500000	0.305212
0.545307	0.480769	0.188976
0.671379	0.461538	0.342895
0.709386	0.448717	0.581552
0.691078	0.429487	0.716348
0.658749	0.416667	0.519123
0.604867	0.397437	0.282902
0.530359	0.384615	0.211099
0.476709	0.384615	0.186727
0.453882	0.384615	0.210349
0.448436	0.403846	0.361830
0.471031	0.403846	0.415261
0.520626	0.423077	0.270529
0.558980	0.429487	0.268841
0.577636	0.442308	0.294526
0.576825	0.455129	0.190851
0.572885	0.461538	0.169104
0.563152	0.474360	0.200412
0.534762	0.480769	0.118485
0.494786	0.500000	0.073491
0.463615	0.506410	0.141357
0.495365	0.519231	0.234158
0.565122	0.538462	0.319648
0.619235	0.551283	0.364267
0.593048	0.570513	0.330334
0.740556	0.576923	0.395951
0.857474	0.596154	0.486502
0.741020	0.621794	0.443007
0.732561	0.634615	0.304462
0.732677	0.653846	0.334833
0.716222	0.673077	0.494376
0.739861	0.685898	0.468504
0.759444	0.698717	0.430634
0.740093	0.711538	0.486877
0.690846	0.730769	0.451444
0.624913	0.750000	0.380390
0.553766	0.762821	0.331084
0.476593	0.775640	0.252156
0.417265	0.788462	0.332771
0.413673	0.782052	0.580615
0.529085	0.769231	0.536745
0.563731	0.762821	0.499063
0.523870	0.750000	0.525497
0.579143	0.737179	0.432134
0.581692	0.730769	0.521372
0.535458	0.717948	0.599363
0.479606	0.711538	0.443007
0.431981	0.698717	0.321522
0.394438	0.692308	0.278403
0.361645	0.679487	0.269404
0.329780	0.673077	0.284402
0.295713	0.653846	0.305212
0.257937	0.653846	0.256655
0.221437	0.634615	0.189351
0.197219	0.634615	0.229284
0.168946	0.615385	0.218785
0.137196	0.615385	0.089614
0.164195	0.615385	0.121672
0.274392	0.615385	0.257780
0.439166	0.621794	0.379265
0.471031	0.634615	0.533371
0.500232	0.634615	0.715786
0.560023	0.653846	0.726659
0.538586	0.653846	0.275778
0.479374	0.666667	0.000000
0.423638	0.673077	0.078553
0.423291	0.673077	0.299775
0.430591	0.692308	0.442632
0.390151	0.692308	0.284027
0.346582	0.698717	0.146232
0.318656	0.711538	0.156918
0.286559	0.711538	0.109111
0.257358	0.724360	0.103300
0.244496	0.730769	0.343645
0.252955	0.730769	0.415448
0.294786	0.730769	0.184852
0.405794	0.711538	0.213348
0.550753	0.692308	0.318523
0.687601	0.673077	0.327709
0.800464	0.660256	0.442445
0.773696	0.641025	0.511811
0.651564	0.621794	0.476003
0.664658	0.608975	0.400450
0.712630	0.589744	0.343082
0.694901	0.570513	0.365392
0.646002	0.551283	0.384139
0.584241	0.538462	0.358830
0.527810	0.519231	0.326022
0.475666	0.500000	0.294151
0.410313	0.480769	0.265279
0.362341	0.467948	0.256843
0.365933	0.448717	0.284402
0.477984	0.429487	0.351519
0.625840	0.410256	0.428197
0.677173	0.391025	0.462880
0.734299	0.371794	0.447694
0.771031	0.352563	0.450131
0.755852	0.333333	0.495126
0.749131	0.314102	0.417323
0.745191	0.294871	0.338958
0.723754	0.282052	0.475441
0.682619	0.262821	0.527559
0.621900	0.243590	0.334646
0.550058	0.224360	0.206599
0.487138	0.205129	0.187477
0.465933	0.192308	0.180540
0.489571	0.173077	0.222722
0.544380	0.173077	0.337645
0.575898	0.166667	0.484252
0.581576	0.153846	0.517623
0.569525	0.153846	0.380577
0.546698	0.147437	0.297713
0.519583	0.134615	0.265467
0.492468	0.134615	0.249531
0.442990	0.128206	0.318148
0.388065	0.115385	0.425572
0.387022	0.128206	0.400825
0.483546	0.134615	0.413761
0.618888	0.134615	0.543870
0.607648	0.147437	0.679040
0.628158	0.153846	0.853768
0.674971	0.153846	0.835958
0.684009	0.173077	0.469816
0.661414	0.173077	0.261717
0.626883	0.179487	0.274278
0.603824	0.192308	0.428946
0.578216	0.192308	0.542182
0.544380	0.198717	0.525684
0.499536	0.211538	0.381515
0.458749	0.211538	0.234908
0.441715	0.211538	0.207162
0.478679	0.211538	0.240907
0.561993	0.192308	0.313273
0.659328	0.192308	0.417323
0.709386	0.173077	0.572928
0.708227	0.173077	0.556993
0.680765	0.160256	0.332396
0.676593	0.153846	0.245219
0.667207	0.147437	0.246344
0.628042	0.134615	0.263967
0.579374	0.128206	0.270529
0.535574	0.115385	0.255906
0.509733	0.115385	0.220285
0.526767	0.096154	0.257030
0.639513	0.096154	0.395576
0.864426	0.083333	0.554368
0.760718	0.076923	0.339520
0.655504	0.070513	0.145857
0.753766	0.057692	0.207537
0.754461	0.057692	0.207912
0.699884	0.038462	0.168166
0.674392	0.038462	0.161417
0.632445	0.025640	0.262655
0.564079	0.019231	0.434008
0.492932	0.012821	0.490251
0.450869	0.000000	0.405887
