0.729671	0.484444	0.105405
0.717311	0.484444	0.101447
0.722248	0.484444	0.106700
0.730002	0.484444	0.111458
0.724435	0.484444	0.104682
0.714560	0.484444	0.101408
0.705680	0.484444	0.108755
0.693320	0.484444	0.106129
0.679137	0.482222	0.094595
0.666976	0.481111	0.086486
0.664855	0.480000	0.084621
0.679634	0.477778	0.093110
0.716416	0.477778	0.130605
0.743986	0.474444	0.151732
0.747697	0.474444	0.133917
0.776725	0.472222	0.154549
0.764597	0.471111	0.141073
0.715985	0.470000	0.094747
0.701438	0.467778	0.086753
0.696567	0.467778	0.092996
0.672245	0.464444	0.085877
0.642952	0.464444	0.075409
0.625688	0.462222	0.071945
0.618729	0.461111	0.074990
0.616111	0.460000	0.082984
0.614819	0.457778	0.095660
0.615250	0.456667	0.102931
0.617006	0.454444	0.093871
0.618099	0.454444	0.082908
0.615879	0.451111	0.083632
0.619524	0.451111	0.083251
0.635695	0.448889	0.075257
0.673968	0.447778	0.076209
0.701504	0.447778	0.076780
0.678839	0.451111	0.058013
0.679932	0.454444	0.033536
0.683213	0.455555	0.021317
0.669793	0.457778	0.026837
0.668832	0.461111	0.029616
0.674133	0.462222	0.033993
0.677381	0.464444	0.040845
0.675989	0.467778	0.030719
0.668467	0.470000	0.015836
0.655478	0.472222	0.012714
0.646796	0.474444	0.029006
0.639141	0.476667	0.059117
0.619358	0.478889	0.088656
0.601200	0.481111	0.100647
0.600205	0.483333	0.078873
0.599708	0.484444	0.059345
0.591292	0.487778	0.063000
0.587216	0.490000	0.076056
0.589867	0.491111	0.088656
0.598217	0.493333	0.089037
0.610842	0.494444	0.085002
0.624031	0.494444	0.082566
0.629068	0.494444	0.084469
0.637087	0.496667	0.091854
0.655908	0.497778	0.103883
0.677911	0.497778	0.116140
0.699748	0.497778	0.129616
0.711512	0.501111	0.133917
0.693850	0.501111	0.100723
0.677911	0.501111	0.079178
0.674962	0.503333	0.087248
0.659719	0.504444	0.086258
0.639903	0.504444	0.082223
0.637816	0.504444	0.099467
0.640235	0.507778	0.117434
0.629432	0.507778	0.108717
0.616973	0.507778	0.101523
0.611638	0.507778	0.116673
0.608092	0.511111	0.125010
0.603718	0.511111	0.121051
0.595898	0.511111	0.126494
0.588144	0.511111	0.132547
0.586918	0.511111	0.120822
0.585460	0.511111	0.108222
0.580323	0.511111	0.107080
0.586785	0.511111	0.102855
0.605772	0.508889	0.106091
0.628339	0.507778	0.147545
0.651335	0.507778	0.174838
0.669527	0.507778	0.159802
0.671085	0.504444	0.131557
0.666877	0.504444	0.110925
0.668964	0.504444	0.114465
0.667340	0.502222	0.122611
0.658095	0.501111	0.125999
0.643018	0.504444	0.126570
0.628305	0.510000	0.122840
0.623733	0.516667	0.112295
0.621877	0.523333	0.110202
0.617768	0.530000	0.124400
0.618696	0.536667	0.125200
0.624230	0.543333	0.114046
0.629266	0.550000	0.116140
0.631917	0.556667	0.119300
0.630890	0.563333	0.111268
0.622142	0.568889	0.107727
0.613361	0.571111	0.115836
0.632083	0.568889	0.137533
0.662005	0.562222	0.151846
0.681258	0.554444	0.146098
0.677547	0.546667	0.151466
0.665352	0.537778	0.154206
0.659421	0.530000	0.140617
0.658725	0.521111	0.133879
0.659123	0.514444	0.132737
0.647028	0.505555	0.110506
0.628007	0.497778	0.085116
0.614156	0.488889	0.090750
0.602194	0.483333	0.103502
0.591325	0.481111	0.104416
0.593412	0.481111	0.097335
0.615316	0.482222	0.107156
0.657830	0.484444	0.167339
0.660349	0.484444	0.166730
0.647260	0.484444	0.125504
0.663397	0.484444	0.110544
0.674631	0.486667	0.108717
0.676287	0.487778	0.112486
0.671913	0.487778	0.112181
0.665319	0.487778	0.111382
0.659355	0.487778	0.111801
0.651170	0.490000	0.100381
0.645536	0.487778	0.087400
0.653821	0.483333	0.104872
0.668069	0.476667	0.113095
0.680463	0.470000	0.096841
0.685566	0.463333	0.092958
0.688482	0.457778	0.093338
0.694281	0.451111	0.090331
0.702267	0.444444	0.099201
0.711512	0.438889	0.115226
0.720061	0.433333	0.119642
0.718636	0.432222	0.121545
0.718338	0.434444	0.126875
0.748923	0.436667	0.132927
0.741268	0.438889	0.120289
0.732222	0.441111	0.112904
0.754192	0.444444	0.123791
0.753397	0.445555	0.118652
0.748028	0.447778	0.119909
0.752071	0.451111	0.137153
0.746073	0.452222	0.111344
0.730300	0.454444	0.065436
0.713268	0.456667	0.067910
0.691994	0.457778	0.085763
0.666379	0.460000	0.092539
0.652098	0.461111	0.102627
0.653059	0.457778	0.115531
0.667042	0.457778	0.124515
0.685433	0.457778	0.136734
0.697926	0.457778	0.147925
0.691199	0.456667	0.134526
0.684439	0.454444	0.110164
0.686262	0.454444	0.090331
0.670720	0.454444	0.096384
0.643449	0.454444	0.117815
0.631950	0.451111	0.114846
0.628769	0.451111	0.103464
0.619259	0.455555	0.114541
0.608556	0.461111	0.128321
0.603519	0.471111	0.119718
0.601432	0.481111	0.102627
0.601962	0.491111	0.089532
0.612831	0.501111	0.106167
0.635430	0.511111	0.142596
0.667705	0.521111	0.156414
0.705017	0.531111	0.167225
0.741997	0.541111	0.190636
0.773113	0.551111	0.196498
0.783849	0.562222	0.185459
0.756147	0.576667	0.168786
0.718338	0.590000	0.144576
0.693121	0.601111	0.112524
0.674465	0.611111	0.082490
0.664458	0.618889	0.064865
0.659653	0.625555	0.059650
0.655080	0.631111	0.070080
0.649314	0.633333	0.095737
0.650142	0.634444	0.117701
0.661840	0.637778	0.129539
0.691630	0.640000	0.152227
0.736000	0.642222	0.187705
0.781463	0.645555	0.225276
0.801279	0.648889	0.213019
0.796872	0.652222	0.167301
0.787660	0.654444	0.142330
0.788389	0.657778	0.135516
0.803698	0.661111	0.144690
0.816456	0.662222	0.163190
0.818742	0.664444	0.182832
0.809364	0.667778	0.184812
0.790344	0.670000	0.171070
0.767148	0.671111	0.153826
0.743422	0.673333	0.146860
0.724369	0.674444	0.153750
0.723242	0.676667	0.147507
0.730598	0.677778	0.137267
0.732421	0.681111	0.139132
0.729737	0.681111	0.155805
0.725529	0.684444	0.172136
0.725065	0.684444	0.159536
0.723441	0.687778	0.150742
0.717244	0.688889	0.166692
0.709987	0.691111	0.181804
0.701173	0.692222	0.184583
0.686493	0.694444	0.161210
0.670223	0.697778	0.142406
0.657797	0.702222	0.167339
0.644509	0.705555	0.184355
0.631884	0.710000	0.172592
0.638743	0.713333	0.174153
0.662635	0.716667	0.195737
0.695606	0.721111	0.233041
0.731261	0.725555	0.242139
0.755285	0.728889	0.232889
0.755749	0.733333	0.235021
0.756876	0.738889	0.224515
0.758599	0.742222	0.201294
0.750381	0.746667	0.173506
0.742793	0.750000	0.158812
0.742461	0.754444	0.168215
0.733415	0.758889	0.167986
0.712738	0.761111	0.151123
0.694877	0.762222	0.148915
0.686262	0.761111	0.158241
0.691961	0.761111	0.169090
0.708761	0.761111	0.191283
0.729538	0.761111	0.217168
0.742428	0.761111	0.221165
0.741997	0.757778	0.197221
0.734641	0.757778	0.165855
0.740539	0.757778	0.179749
0.747995	0.757778	0.214922
0.745112	0.757778	0.243662
0.734012	0.755555	0.240350
0.717543	0.754444	0.210354
0.701968	0.754444	0.203578
0.691464	0.754444	0.206928
0.689973	0.757778	0.199163
0.702399	0.758889	0.200837
0.726655	0.761111	0.216597
0.752336	0.763333	0.234945
0.769700	0.764444	0.246403
0.776393	0.767778	0.242977
0.777156	0.770000	0.219794
0.779906	0.771111	0.211496
0.785738	0.774444	0.226152
0.783418	0.775555	0.226342
0.774339	0.777778	0.217625
0.763404	0.780000	0.217625
0.748559	0.781111	0.222916
0.730598	0.781111	0.230415
0.726755	0.781111	0.232661
0.743621	0.780000	0.239817
0.780966	0.777778	0.273887
0.793492	0.777778	0.275067
0.785407	0.774444	0.256148
0.790178	0.774444	0.268329
0.793856	0.773333	0.278112
0.792100	0.771111	0.277617
0.782557	0.771111	0.265778
0.772086	0.768889	0.252227
0.764133	0.767778	0.243814
0.750712	0.766667	0.242139
0.731659	0.764444	0.241987
0.712174	0.764444	0.223220
0.697859	0.764444	0.207347
0.694678	0.766667	0.225086
0.707303	0.770000	0.253369
0.735171	0.773333	0.273087
0.769865	0.776667	0.267796
0.793227	0.780000	0.267529
0.797700	0.783333	0.275866
0.789416	0.787778	0.261477
0.791305	0.791111	0.256224
0.810690	0.793333	0.271869
0.819736	0.796667	0.272630
0.816290	0.800000	0.264713
0.807674	0.803333	0.270118
0.787395	0.806667	0.258965
0.762310	0.810000	0.230072
0.749917	0.811111	0.204720
0.745974	0.811111	0.177313
0.756578	0.811111	0.175600
0.795778	0.811111	0.256224
0.777122	0.811111	0.233498
0.739247	0.811111	0.174572
0.745609	0.813333	0.200799
0.746338	0.814444	0.206585
0.739413	0.814444	0.199772
0.736729	0.814444	0.224819
0.731029	0.814444	0.242901
0.717443	0.814444	0.227864
0.702697	0.814444	0.215341
0.688846	0.815555	0.211877
0.675426	0.817778	0.196726
0.659752	0.817778	0.187514
0.637153	0.817778	0.212943
0.627775	0.817778	0.240122
0.645305	0.817778	0.255272
0.690735	0.815555	0.301256
0.728213	0.814444	0.307195
0.760289	0.814444	0.280396
0.824640	0.814444	0.337533
0.748161	0.814444	0.274686
0.668335	0.814444	0.202284
0.686593	0.811111	0.214617
0.723739	0.811111	0.247278
0.734210	0.811111	0.262809
0.733614	0.811111	0.262429
0.722480	0.811111	0.241530
0.710683	0.810000	0.209859
0.698920	0.807778	0.183822
0.683014	0.807778	0.194595
0.668666	0.807778	0.207271
0.662536	0.807778	0.187019
0.668268	0.807778	0.176437
0.696666	0.807778	0.200228
0.764994	0.807778	0.270651
0.764928	0.807778	0.275980
0.724800	0.804444	0.231176
0.750878	0.804444	0.230948
0.773477	0.804444	0.231100
0.769832	0.804444	0.218424
0.765657	0.804444	0.210392
0.759891	0.804444	0.201028
0.747631	0.804444	0.178302
0.734144	0.804444	0.170689
0.726821	0.804444	0.193643
0.750315	0.802222	0.223906
0.773179	0.800000	0.243319
0.778547	0.797778	0.253711
0.846875	0.794444	0.310544
0.813473	0.793333	0.265093
0.713301	0.791111	0.158241
0.726158	0.787778	0.163571
0.766419	0.785555	0.197450
0.775996	0.784444	0.203502
0.774306	0.781111	0.205672
0.765790	0.777778	0.208337
0.759593	0.777778	0.203807
0.753794	0.778889	0.204987
0.742395	0.781111	0.231671
0.751110	0.784444	0.263266
0.764166	0.786667	0.262010
0.751541	0.790000	0.223639
0.804394	0.792222	0.352608
0.787494	0.795555	0.328740
0.720293	0.800000	0.156338
0.745643	0.802222	0.131481
0.773742	0.804444	0.156072
0.763006	0.807778	0.182680
0.749586	0.810000	0.209897
0.736132	0.813333	0.228093
0.720691	0.815555	0.227255
0.703526	0.818889	0.223411
0.685533	0.821111	0.228169
0.671582	0.821111	0.214655
0.668898	0.821111	0.191625
0.689078	0.821111	0.211839
0.746504	0.821111	0.266121
0.811452	0.821111	0.312562
0.773742	0.821111	0.272516
0.768573	0.821111	0.251732
0.811320	0.821111	0.266654
0.836835	0.818889	0.274648
0.840712	0.817778	0.272935
0.825403	0.817778	0.263304
0.805885	0.817778	0.253597
0.794486	0.817778	0.249981
0.781994	0.818889	0.245908
0.765425	0.821111	0.239513
0.748194	0.824444	0.236658
0.735900	0.826667	0.229463
0.733249	0.828889	0.210811
0.731095	0.831111	0.209669
0.725893	0.834444	0.230263
0.720260	0.836667	0.245794
0.712903	0.837778	0.254054
0.701438	0.841111	0.258089
0.686460	0.844444	0.254968
0.669428	0.840873	0.242330
0.659951	0.830516	0.226837
0.663298	0.820159	0.217092
0.675492	0.809801	0.231329
0.708662	0.799444	0.273925
0.766353	0.789087	0.330187
0.775101	0.778730	0.290141
0.777619	0.768373	0.268976
0.791437	0.758016	0.311953
0.749818	0.747659	0.276437
0.695573	0.737301	0.215341
0.660514	0.726944	0.172745
0.637451	0.716587	0.152912
0.626649	0.706230	0.165740
0.623037	0.695873	0.190788
0.621413	0.685516	0.216292
0.622772	0.675159	0.229083
0.629266	0.664801	0.202893
0.640003	0.654444	0.152988
0.653092	0.644087	0.115112
0.667075	0.633730	0.099048
0.679767	0.623373	0.115950
0.692856	0.613016	0.138904
0.708828	0.602659	0.132965
0.722115	0.592301	0.113590
0.730830	0.581944	0.092349
0.748360	0.571587	0.079863
0.773477	0.561230	0.081576
0.796739	0.558889	0.099315
0.816489	0.561111	0.107727
0.826098	0.561111	0.095394
0.812877	0.561111	0.069052
0.791471	0.561111	0.063799
0.773080	0.561111	0.085611
0.768308	0.561111	0.092044
0.766353	0.561111	0.084164
0.745477	0.564444	0.072592
0.719431	0.564444	0.066920
0.705282	0.564444	0.077922
0.695805	0.564444	0.087819
0.686162	0.564444	0.083974
0.674498	0.564444	0.073963
0.659487	0.564444	0.059421
0.640930	0.564444	0.027293
0.622672	0.564444	0.000000
0.611339	0.564444	0.026075
0.605309	0.564444	0.069395
0.605540	0.561111	0.096117
0.637087	0.560000	0.126799
0.689873	0.557778	0.135173
0.731692	0.555555	0.105634
0.738916	0.554444	0.152912
0.744052	0.551111	0.140274
0.745510	0.550000	0.095965
0.732454	0.547778	0.095242
0.726854	0.545555	0.084241
0.724534	0.544444	0.066540
0.711644	0.541111	0.061743
0.701902	0.540000	0.080206
0.702797	0.537778	0.120442
0.697296	0.535555	0.120442
0.684373	0.534444	0.079292
0.675558	0.531111	0.049714
0.668136	0.530000	0.044804
0.660216	0.527778	0.070461
0.676586	0.527778	0.104301
0.700742	0.527778	0.131176
0.712307	0.527778	0.141416
0.777454	0.527778	0.134831
0.739015	0.527778	0.113095
0.632547	0.527778	0.082604
0.632149	0.530000	0.054244
0.655279	0.531111	0.045070
0.653092	0.531111	0.064675
0.644178	0.531111	0.071983
0.631718	0.531111	0.056414
0.621645	0.531111	0.053788
0.612234	0.531111	0.056719
0.597555	0.531111	0.042139
0.600934	0.531111	0.040541
0.635463	0.531111	0.067872
0.687057	0.531111	0.101523
0.707502	0.527778	0.125999
0.714991	0.527778	0.108222
0.731825	0.525555	0.062809
0.732587	0.524444	0.063304
0.738816	0.522222	0.069813
0.753562	0.521111	0.076856
0.767248	0.520000	0.098097
0.767944	0.517778	0.128283
0.752535	0.516667	0.125619
0.725396	0.514444	0.063000
0.715554	0.514444	0.053293
0.720724	0.511111	0.088390
0.716946	0.511111	0.074876
0.705216	0.507778	0.046707
0.691099	0.507778	0.059193
0.682020	0.505555	0.082109
0.680330	0.504444	0.094709
0.675691	0.502222	0.074800
0.665849	0.501111	0.040122
0.650242	0.498889	0.039893
0.643217	0.497778	0.049791
0.657996	0.497778	0.050209
0.707138	0.497778	0.064180
0.740208	0.497778	0.082604
0.728643	0.497778	0.084697
0.729439	0.497778	0.058203
0.729969	0.497778	0.064865
0.725396	0.497778	0.094937
0.719630	0.497778	0.067529
0.714792	0.497778	0.026837
0.713036	0.497778	0.025619
