0.190668	0.830700	0.972440
0.180876	0.830700	0.906220
0.163378	0.830700	0.859904
0.142929	0.830700	0.790048
0.120536	0.830700	0.704115
0.094542	0.830700	0.656651
0.083669	0.837472	0.672536
0.097206	0.841987	0.743541
0.132272	0.851016	0.825263
0.163954	0.857788	0.875598
0.183108	0.864560	0.846890
0.188940	0.871332	0.752536
0.183396	0.878104	0.742010
0.162442	0.884876	0.719234
0.141345	0.884876	0.685933
0.150346	0.884876	0.755024
0.164747	0.891648	0.856459
0.180228	0.891648	0.933780
0.194340	0.891648	0.956555
0.184188	0.891648	0.930335
0.163090	0.891648	0.854737
0.138897	0.896163	0.758660
0.110527	0.898420	0.699330
0.089574	0.898420	0.678660
0.083165	0.898420	0.703158
0.090870	0.893905	0.784498
0.114055	0.891648	0.858565
0.141633	0.884876	0.896842
0.153946	0.882619	0.905646
0.149050	0.878104	0.806316
0.133209	0.873589	0.665837
0.114703	0.871332	0.582775
0.099150	0.864560	0.591962
0.098142	0.864560	0.620478
0.114991	0.862303	0.613780
0.131840	0.857788	0.637703
0.132921	0.857788	0.653780
0.115927	0.857788	0.633301
0.087630	0.857788	0.574928
0.038306	0.851016	0.513110
0.027218	0.851016	0.487464
0.029378	0.851016	0.529187
0.031610	0.848759	0.631196
0.033770	0.844244	0.732823
0.035930	0.844244	0.780096
0.038162	0.839729	0.749474
0.040323	0.837472	0.649952
0.042483	0.837472	0.555789
0.044715	0.832957	0.545455
0.060700	0.830700	0.653014
0.110599	0.826185	0.750813
0.151570	0.823928	0.815502
0.158842	0.817156	0.842871
0.153154	0.814899	0.758469
0.134577	0.810384	0.648230
0.117800	0.805869	0.600191
0.121832	0.810384	0.660478
0.139905	0.814899	0.686507
0.160282	0.821671	0.696842
0.174755	0.828443	0.710048
0.184116	0.835215	0.641340
0.181812	0.841987	0.574163
0.175835	0.848759	0.565167
0.185556	0.851016	0.626220
0.203197	0.844244	0.642488
0.224582	0.844244	0.674067
0.245824	0.844244	0.786986
0.256336	0.844244	0.745455
0.253960	0.837472	0.669474
0.241143	0.837472	0.644019
0.224006	0.837472	0.612823
0.215006	0.837472	0.585455
0.222494	0.837472	0.603062
0.248200	0.837472	0.730526
0.266705	0.837472	0.769952
0.261089	0.837472	0.739904
0.252016	0.837472	0.727847
0.243160	0.837472	0.689187
0.234087	0.837472	0.631579
0.225014	0.835215	0.597895
0.215942	0.830700	0.665263
0.207085	0.823928	0.734354
0.198013	0.819413	0.733014
0.188940	0.812641	0.642679
0.167339	0.808127	0.574737
0.141633	0.801355	0.575885
0.146385	0.796840	0.647081
0.173819	0.790068	0.733589
0.192828	0.783296	0.754067
0.180804	0.778781	0.681914
0.155458	0.772009	0.635598
0.150634	0.767495	0.645550
0.178643	0.760723	0.711196
0.221342	0.756208	0.797895
0.242224	0.749436	0.812632
0.231855	0.742664	0.735885
0.200389	0.738149	0.616842
0.167699	0.731377	0.542966
0.154306	0.729120	0.584880
0.159490	0.733635	0.690526
0.172739	0.735892	0.765550
0.186060	0.742664	0.785646
0.175619	0.744921	0.710622
0.147249	0.749436	0.593493
0.124208	0.753951	0.532632
0.090510	0.756208	0.494737
0.072437	0.756208	0.496268
0.092094	0.751693	0.564976
0.121328	0.744921	0.697416
0.138609	0.733635	0.738373
0.135657	0.726863	0.658373
0.113119	0.717833	0.535311
0.078413	0.708804	0.506029
0.067180	0.715576	0.551388
0.088710	0.735892	0.613397
0.123128	0.758465	0.638852
0.135873	0.783296	0.646699
0.127016	0.803612	0.574354
0.104263	0.828443	0.463541
0.075605	0.851016	0.443636
0.062140	0.857788	0.472727
0.065092	0.853273	0.558852
0.060916	0.846501	0.686316
0.052131	0.835215	0.740861
0.043491	0.828443	0.677321
0.034778	0.819413	0.549665
0.026066	0.810384	0.440766
0.017353	0.803612	0.403636
0.008641	0.805869	0.488995
0.000000	0.814899	0.667943
0.048099	0.826185	0.809569
0.146097	0.835215	0.924593
0.212918	0.846501	0.975885
0.260729	0.857788	0.915407
0.281466	0.866817	0.883062
0.310700	0.871332	0.900670
0.370752	0.869075	0.940861
0.410282	0.864560	0.965550
0.413955	0.862303	0.924976
0.383137	0.857788	0.818565
0.332085	0.853273	0.691675
0.293275	0.851016	0.643254
0.270737	0.846501	0.667560
0.253744	0.844244	0.703158
0.261881	0.830700	0.773014
0.289387	0.817156	0.836938
0.308396	0.796840	0.819139
0.300259	0.776524	0.742010
0.281826	0.762980	0.689952
0.268937	0.742664	0.699522
0.253528	0.724605	0.684593
0.265697	0.729120	0.758278
0.308180	0.751693	0.869474
0.350878	0.776524	0.868325
0.352967	0.796840	0.805359
0.331149	0.819413	0.681531
0.301339	0.844244	0.554641
0.270737	0.864560	0.517512
0.257921	0.875847	0.555598
0.268001	0.887133	0.656842
0.297595	0.893905	0.789665
0.336766	0.902935	0.843828
0.363551	0.914221	0.881531
0.370752	0.923251	0.906029
0.371040	0.934537	0.821053
0.352535	0.941309	0.751770
0.334317	0.945824	0.748900
0.343246	0.941309	0.802679
0.365279	0.925508	0.842871
0.382056	0.900677	0.853971
0.378960	0.878104	0.837703
0.354983	0.857788	0.801531
0.333453	0.837472	0.762679
0.304003	0.817156	0.703349
0.269081	0.799097	0.648230
0.257128	0.792325	0.683828
0.270305	0.801355	0.745263
0.291691	0.817156	0.799043
0.300907	0.832957	0.822584
0.299971	0.848759	0.744689
0.288666	0.864560	0.648995
0.271097	0.878104	0.574737
0.251656	0.893905	0.518086
0.197077	0.902935	0.516555
0.177419	0.905192	0.513493
0.170075	0.905192	0.510431
0.162730	0.898420	0.714833
0.155386	0.898420	0.767464
0.148041	0.891648	0.803254
0.140697	0.889391	0.832344
0.133353	0.884876	0.656077
0.126008	0.880361	0.609952
0.118592	0.878104	0.603445
0.124496	0.878104	0.564019
0.139905	0.887133	0.608230
0.172811	0.893905	0.684402
0.206797	0.902935	0.749665
0.221054	0.914221	0.781244
0.227679	0.923251	0.749665
0.222854	0.932280	0.710048
0.211118	0.939052	0.705837
0.204565	0.945824	0.735694
0.216878	0.939052	0.714833
0.233799	0.936795	0.795407
0.243088	0.932280	0.896651
0.251224	0.925508	0.855120
0.259289	0.920993	0.795215
0.267425	0.916479	0.695885
0.275490	0.911964	0.662201
0.283626	0.905192	0.727847
0.291691	0.900677	0.769569
0.299827	0.896163	0.913110
0.305876	0.891648	0.891101
0.291547	0.887133	0.768612
0.260369	0.884876	0.723636
0.229623	0.878104	0.639426
0.193188	0.873589	0.581627
0.165611	0.871332	0.578565
0.168563	0.880361	0.615311
0.189732	0.889391	0.611483
0.216302	0.902935	0.667177
0.230127	0.914221	0.740478
0.219830	0.927765	0.681148
0.202117	0.939052	0.539330
0.178283	0.950339	0.475215
0.161506	0.959368	0.482679
0.168995	0.966140	0.540670
0.207805	0.968397	0.728804
0.253024	0.972912	0.817799
0.270305	0.979684	0.780478
0.257632	0.984199	0.718660
0.234447	0.988713	0.683828
0.213638	0.993228	0.620478
0.182964	1.000000	0.589091
0.147537	1.000000	0.589091
0.135009	1.000000	0.633876
0.134649	0.988713	0.784306
0.134361	0.975169	0.852823
0.134001	0.959368	0.850335
0.133713	0.945824	0.796172
0.133353	0.932280	0.703923
0.132921	0.918736	0.629091
0.132632	0.902935	0.575120
0.132272	0.889391	0.572440
0.154522	0.880361	0.621818
0.193044	0.882619	0.661627
0.229983	0.884876	0.733014
0.246184	0.891648	0.762488
0.241863	0.891648	0.693014
0.231783	0.898420	0.575120
0.201181	0.898420	0.519234
0.191388	0.898420	0.564785
0.215582	0.898420	0.652632
0.239559	0.896163	0.688421
0.232503	0.891648	0.693014
0.225518	0.887133	0.640957
0.216950	0.884876	0.598660
0.208309	0.878104	0.604402
0.199741	0.878104	0.593876
0.191100	0.869075	0.675981
0.182460	0.860045	0.800000
0.170291	0.846501	0.850335
0.193332	0.835215	0.813971
0.203557	0.821671	0.724402
0.174755	0.810384	0.626412
0.144009	0.799097	0.591962
0.144153	0.785553	0.700670
0.165539	0.783296	0.829856
0.184404	0.783296	0.862010
0.184836	0.783296	0.781627
0.171443	0.783296	0.691675
0.152362	0.783296	0.609187
0.123200	0.783296	0.578565
0.108799	0.783296	0.618947
0.108799	0.783296	0.679809
0.108799	0.781039	0.747560
0.108583	0.776524	0.798469
0.108583	0.776524	0.774354
0.108583	0.769752	0.619522
0.108439	0.769752	0.464115
0.108367	0.762980	0.451675
0.108367	0.769752	0.590431
0.136881	0.769752	0.570718
0.175979	0.776524	0.532823
0.158194	0.776524	0.529569
0.131408	0.783296	0.524785
0.097206	0.783296	0.496268
0.088638	0.790068	0.540478
0.126800	0.790068	0.705837
0.190308	0.796840	0.884976
0.256264	0.799097	0.993493
0.301123	0.803612	1.000000
0.309332	0.808127	0.909856
0.289819	0.810384	0.763445
0.275130	0.817156	0.663732
0.260225	0.817156	0.606890
0.245320	0.817156	0.611675
0.230415	0.812641	0.721914
0.215510	0.810384	0.676938
0.200605	0.810384	0.594833
0.185700	0.803612	0.593110
0.170795	0.803612	0.572632
0.165251	0.801355	0.547560
0.147681	0.796840	0.538373
0.135441	0.796840	0.566507
0.147033	0.799097	0.593493
0.180948	0.803612	0.656842
0.218534	0.808127	0.784498
0.237903	0.810384	0.804019
0.236679	0.817156	0.729187
0.222710	0.819413	0.639426
0.209461	0.823928	0.618565
0.190380	0.823928	0.600766
0.169715	0.823928	0.591388
0.148258	0.823928	0.605550
0.126728	0.821671	0.605550
0.105271	0.817156	0.523828
0.083741	0.817156	0.414737
0.062284	0.817156	0.421053
0.040755	0.817156	0.505837
0.019225	0.812641	0.591579
0.058036	0.808127	0.598852
0.108223	0.803612	0.653971
0.121976	0.796840	0.692632
0.123776	0.792325	0.624689
0.113407	0.785553	0.540670
0.115135	0.783296	0.543158
0.149698	0.776524	0.666029
0.221774	0.776524	0.835407
0.322005	0.774267	0.980670
0.392065	0.769752	0.988900
0.411290	0.769752	0.843254
0.409778	0.769752	0.644019
0.388609	0.769752	0.494354
0.371832	0.753951	0.445742
0.371832	0.702032	0.499904
0.354839	0.634312	0.579330
0.355559	0.562077	0.648612
0.370176	0.487585	0.688612
0.364919	0.415350	0.694928
0.364559	0.343115	0.678852
0.354695	0.270880	0.655694
0.342742	0.198646	0.662966
0.353831	0.126411	0.730335
0.370392	0.047404	0.791962
0.346918	0.000000	0.800574
0.324093	0.013544	0.721531
0.311564	0.094808	0.548325
0.298963	0.182844	0.347368
0.286434	0.282167	0.328804
0.273473	0.370203	0.248230
0.257488	0.446952	0.052057
0.241071	0.525959	0.000000
0.224726	0.611738	0.043636
0.208309	0.668172	0.159234
0.191892	0.674944	0.329761
0.175547	0.670429	0.481723
0.171587	0.665915	0.441340
0.154810	0.661400	0.338947
0.116215	0.656885	0.260478
0.089646	0.654628	0.223923
0.072149	0.654628	0.216268
0.055012	0.661400	0.269856
0.047235	0.670429	0.377990
0.066388	0.679459	0.495120
0.096990	0.690745	0.568230
0.108439	0.704289	0.563062
0.101094	0.713319	0.513876
0.097854	0.724605	0.487847
0.097710	0.733635	0.486316
0.097350	0.744921	0.473301
0.092310	0.753951	0.436555
0.078773	0.760723	0.415694
0.083597	0.762980	0.457799
0.119024	0.762980	0.553876
0.168923	0.756208	0.638086
0.183540	0.756208	0.615502
0.171371	0.756208	0.517512
0.153946	0.749436	0.438278
0.140985	0.749436	0.423923
0.124568	0.749436	0.432727
0.101599	0.742664	0.408612
0.075317	0.742664	0.379330
0.054796	0.742664	0.404976
0.062932	0.735892	0.404211
0.074021	0.735892	0.378756
0.065740	0.735892	0.354450
0.058972	0.729120	0.350431
0.075317	0.729120	0.416077
0.103831	0.729120	0.541627
0.110527	0.726863	0.652249
0.117007	0.722348	0.639234
0.123488	0.722348	0.539713
0.130040	0.722348	0.404785
0.136665	0.717833	0.296077
0.143145	0.715576	0.317895
0.149626	0.715576	0.387177
0.156322	0.715576	0.444211
0.162802	0.715576	0.511579
0.187140	0.715576	0.564211
0.203485	0.715576	0.573397
0.215222	0.715576	0.533206
0.212270	0.715576	0.511005
0.201397	0.715576	0.484211
0.189660	0.715576	0.436938
0.179219	0.715576	0.397129
0.166979	0.715576	0.382010
0.165107	0.715576	0.405359
0.183468	0.715576	0.457799
0.186420	0.715576	0.458373
0.178715	0.715576	0.405359
0.170219	0.715576	0.355789
0.165107	0.715576	0.387177
0.162298	0.715576	0.431579
0.160138	0.711061	0.483828
0.163810	0.708804	0.550622
0.188580	0.708804	0.603828
0.203701	0.702032	0.586411
0.203125	0.702032	0.540287
0.194628	0.702032	0.523062
0.178643	0.695260	0.492249
0.157186	0.695260	0.469856
0.140625	0.693003	0.486699
0.147321	0.688488	0.566890
0.174827	0.681716	0.690335
0.207661	0.679459	0.758278
0.227031	0.674944	0.715407
0.223790	0.670429	0.622584
0.213350	0.665915	0.556364
0.204853	0.661400	0.471770
0.201253	0.656885	0.400383
0.200245	0.652371	0.518277
0.201253	0.645598	0.642679
0.208237	0.638826	0.648995
0.212270	0.634312	0.547177
0.191892	0.627540	0.445933
0.170363	0.620768	0.406316
0.156898	0.613996	0.407656
0.155746	0.607224	0.422392
0.179580	0.607224	0.519043
0.212270	0.607224	0.619713
0.238551	0.607224	0.631196
0.250432	0.607224	0.538947
0.244744	0.607224	0.436746
0.220406	0.607224	0.455694
0.200533	0.607224	0.495885
0.200101	0.607224	0.496077
0.208741	0.607224	0.562871
0.210181	0.607224	0.549091
0.185700	0.607224	0.476938
0.168635	0.607224	0.406890
0.169283	0.607224	0.313301
0.169715	0.604966	0.390239
0.170363	0.600452	0.577225
0.171011	0.593680	0.655694
0.171515	0.586908	0.678469
0.172091	0.580136	0.619904
0.172739	0.573364	0.514450
0.173315	0.566592	0.433684
0.184764	0.568849	0.373588
0.217454	0.575621	0.382584
0.231423	0.584650	0.444976
0.238551	0.591422	0.487273
0.220190	0.598194	0.465646
0.198085	0.607224	0.437512
0.179652	0.613996	0.453206
0.157330	0.620768	0.527273
0.173171	0.627540	0.590048
0.193044	0.636569	0.639426
0.182172	0.643341	0.669091
0.178571	0.647856	0.614737
0.186204	0.647856	0.593110
0.193908	0.647856	0.660096
0.201469	0.647856	0.754641
0.209245	0.647856	0.678469
0.216806	0.643341	0.533780
0.224510	0.641084	0.441914
0.232143	0.641084	0.437703
0.239847	0.641084	0.388325
0.247480	0.641084	0.407081
0.252304	0.634312	0.468325
0.228039	0.634312	0.427177
0.189084	0.634312	0.383923
0.155602	0.634312	0.389665
0.143001	0.632054	0.463158
0.164819	0.627540	0.593110
0.199237	0.627540	0.701435
0.223214	0.627540	0.725167
0.232503	0.620768	0.674833
0.247552	0.620768	0.635407
0.254320	0.620768	0.658373
0.284922	0.616253	0.736842
0.494384	0.613996	0.782010
0.667267	0.613996	0.808804
0.800475	0.611738	0.786220
0.980343	0.607224	0.674450
1.000000	0.607224	0.550622
0.851238	0.607224	0.490526
