0.057819	0.084158	0.008015
0.034968	0.086634	0.000000
0.018927	0.094060	0.010322
0.006117	0.101485	0.035580
0.000000	0.113861	0.080024
0.011829	0.123763	0.153127
0.034391	0.136138	0.207529
0.046855	0.146040	0.222344
0.042931	0.158416	0.205586
0.039988	0.168317	0.183242
0.040739	0.180693	0.166485
0.041027	0.190594	0.156284
0.035430	0.202970	0.149605
0.023601	0.212871	0.143898
0.026428	0.215346	0.157863
0.053433	0.215346	0.207529
0.092210	0.207921	0.274074
0.109810	0.207921	0.257681
0.100115	0.207921	0.198786
0.083035	0.200495	0.148027
0.075649	0.200495	0.129326
0.064628	0.200495	0.132605
0.045816	0.193069	0.124104
0.022677	0.193069	0.103461
0.006347	0.190594	0.109411
0.010560	0.185644	0.128962
0.020369	0.185644	0.131390
0.015234	0.183169	0.098239
0.007386	0.178218	0.077110
0.014484	0.178218	0.107590
0.020658	0.178218	0.187857
0.024812	0.170792	0.262295
0.029140	0.170792	0.263752
0.033295	0.170792	0.205343
0.037507	0.170792	0.131998
0.041777	0.163366	0.084274
0.045932	0.163366	0.072131
0.050202	0.160891	0.087189
0.054414	0.153466	0.120097
0.068725	0.143564	0.174256
0.105713	0.131188	0.214450
0.122620	0.121287	0.217486
0.133468	0.108911	0.193078
0.131968	0.099010	0.182757
0.122562	0.086634	0.174863
0.112349	0.076732	0.148998
0.105078	0.076732	0.114876
0.097057	0.089109	0.089253
0.094172	0.106435	0.095932
0.107675	0.123763	0.145962
0.110906	0.141089	0.140376
0.105078	0.155941	0.098603
0.098557	0.163366	0.075896
0.093999	0.163366	0.108561
0.090133	0.163366	0.146570
0.088286	0.160891	0.173285
0.092441	0.155941	0.198786
0.108944	0.155941	0.230844
0.123485	0.150990	0.228901
0.126659	0.148515	0.202064
0.118927	0.148515	0.191743
0.105886	0.141089	0.170978
0.088979	0.141089	0.157013
0.074091	0.138614	0.170613
0.077784	0.133663	0.207407
0.099077	0.128713	0.279660
0.126140	0.123763	0.339405
0.143047	0.118812	0.326776
0.140219	0.113861	0.254645
0.131795	0.111386	0.211415
0.121177	0.103960	0.175956
0.110791	0.099010	0.130419
0.113560	0.094060	0.182757
0.129083	0.089109	0.239101
0.140565	0.081683	0.246023
0.132718	0.074257	0.213236
0.116388	0.066832	0.158591
0.100058	0.059406	0.119247
0.087363	0.051980	0.124469
0.080612	0.044554	0.180328
0.101327	0.039604	0.215301
0.131564	0.032178	0.235216
0.153664	0.024752	0.233758
0.162897	0.019802	0.190650
0.152914	0.012376	0.148998
0.139065	0.004951	0.139648
0.126717	0.000000	0.150334
0.118407	0.002475	0.167213
0.127063	0.009901	0.224772
0.131160	0.019802	0.227565
0.114253	0.027228	0.173163
0.091979	0.034654	0.124104
0.094057	0.037129	0.080874
0.096134	0.037129	0.085853
0.098211	0.034654	0.159927
0.100115	0.029703	0.264724
0.102193	0.022277	0.306011
0.104270	0.014851	0.279539
0.106347	0.007426	0.215058
0.108425	0.000000	0.149241
0.110329	0.002475	0.105404
0.128217	0.009901	0.103825
0.143104	0.017326	0.137705
0.153953	0.024752	0.164784
0.142701	0.034654	0.153127
0.121870	0.042079	0.132969
0.104501	0.049505	0.137341
0.087998	0.059406	0.164542
0.095672	0.066832	0.220036
0.113099	0.074257	0.272010
0.110098	0.084158	0.282817
0.100462	0.089109	0.286946
0.106520	0.089109	0.270188
0.113329	0.089109	0.262781
0.120196	0.089109	0.305889
0.127121	0.089109	0.281239
0.133930	0.086634	0.230115
0.140796	0.081683	0.165877
0.147663	0.081683	0.089617
0.154472	0.081683	0.106132
0.161396	0.081683	0.152641
0.164743	0.079208	0.171342
0.141258	0.074257	0.158106
0.114484	0.074257	0.126290
0.093191	0.074257	0.105039
0.077900	0.074257	0.130783
0.088344	0.066832	0.198907
0.115407	0.066832	0.276138
0.138142	0.066832	0.318033
0.147201	0.059406	0.291318
0.155972	0.059406	0.263267
0.163531	0.059406	0.272131
0.163128	0.051980	0.311233
0.162954	0.051980	0.336976
0.162954	0.051980	0.350577
0.162954	0.044554	0.342319
0.162839	0.049505	0.287310
0.162781	0.054455	0.242866
0.162781	0.064357	0.230115
0.162724	0.074257	0.246023
0.162608	0.084158	0.288282
0.178304	0.091584	0.327990
0.208829	0.101485	0.330783
0.230871	0.113861	0.316697
0.244489	0.121287	0.304918
0.248355	0.131188	0.303339
0.243566	0.138614	0.293260
0.237911	0.148515	0.310383
0.238719	0.150990	0.354098
0.249106	0.155941	0.349848
0.256030	0.163366	0.326169
0.242527	0.168317	0.293018
0.208771	0.173267	0.248816
0.197173	0.178218	0.229630
0.187074	0.183169	0.255981
0.176861	0.185644	0.330419
0.166705	0.183169	0.377535
0.156492	0.178218	0.410686
0.146394	0.178218	0.452216
0.136180	0.173267	0.437887
0.126024	0.170792	0.413843
0.154414	0.170792	0.423315
0.178015	0.163366	0.454523
0.197576	0.153466	0.482089
0.206117	0.143564	0.483910
0.189729	0.131188	0.455252
0.157703	0.121287	0.438737
0.130063	0.126238	0.435337
0.123312	0.150990	0.440923
0.135949	0.178218	0.466424
0.143624	0.200495	0.487675
0.145297	0.225247	0.506011
0.164570	0.252475	0.548391
0.186324	0.274752	0.583242
0.195095	0.299505	0.598786
0.189440	0.329208	0.605100
0.208540	0.361386	0.639830
0.253145	0.396039	0.675774
0.295211	0.428218	0.695325
0.302770	0.462871	0.685610
0.279573	0.497525	0.607043
0.258223	0.532178	0.539162
0.234103	0.564356	0.477110
0.203116	0.584159	0.408743
0.200173	0.594059	0.405829
0.192499	0.596534	0.439709
0.186151	0.601485	0.374378
0.179804	0.606436	0.282696
0.173514	0.613861	0.442501
0.167109	0.618811	0.453309
0.160819	0.623762	0.387492
0.154472	0.631188	0.366849
0.148125	0.636139	0.414936
0.141777	0.646039	0.500911
0.154818	0.653465	0.587614
0.193076	0.660891	0.642744
0.211194	0.670792	0.622465
0.210964	0.678217	0.564542
0.198846	0.683168	0.515483
0.184709	0.690594	0.504918
0.182804	0.690594	0.510018
0.193999	0.698020	0.533090
0.208944	0.698020	0.557498
0.208309	0.702970	0.527747
0.199769	0.705445	0.526897
0.185978	0.710396	0.531876
0.169186	0.712871	0.486703
0.171552	0.717822	0.535155
0.198211	0.720297	0.621736
0.230987	0.727723	0.670552
0.241604	0.732673	0.678081
0.232141	0.737623	0.688039
0.211598	0.742574	0.650273
0.190133	0.750000	0.592714
0.176688	0.757426	0.580814
0.175591	0.762376	0.585307
0.187940	0.769802	0.611779
0.207790	0.777228	0.656709
0.213676	0.787129	0.642380
0.209579	0.794554	0.610443
0.201039	0.801980	0.597693
0.188690	0.809406	0.600607
0.187767	0.809406	0.627201
0.210213	0.809406	0.668124
0.258396	0.799505	0.705768
0.308482	0.789604	0.783242
0.327467	0.782178	0.791621
0.316619	0.769802	0.726533
0.301269	0.762376	0.676624
0.289613	0.752475	0.638737
0.284189	0.745049	0.629630
0.280381	0.745049	0.650516
0.259146	0.750000	0.629508
0.255857	0.750000	0.594050
0.252568	0.750000	0.577413
0.249221	0.750000	0.559441
0.245932	0.750000	0.567092
0.242643	0.759901	0.619308
0.239354	0.767326	0.666545
0.236065	0.777228	0.719854
0.232718	0.789604	0.766242
0.229429	0.799505	0.751184
0.235661	0.811881	0.769399
0.233179	0.819306	0.778263
0.215061	0.824257	0.711111
0.219504	0.824257	0.681967
0.234160	0.831683	0.702611
0.238719	0.831683	0.726533
0.225851	0.831683	0.690225
0.201385	0.831683	0.627322
0.169994	0.831683	0.574742
0.140796	0.834158	0.559199
0.137276	0.839109	0.582392
0.156722	0.839109	0.619915
0.189440	0.839109	0.647480
0.223774	0.846534	0.659016
0.241604	0.846534	0.690468
0.245182	0.846534	0.708318
0.242816	0.851485	0.688403
0.238084	0.853960	0.676624
0.248067	0.861386	0.705525
0.274033	0.863861	0.763934
0.298904	0.868812	0.797086
0.305770	0.876237	0.759441
0.295153	0.881188	0.706982
0.272072	0.886138	0.684882
0.244085	0.891089	0.690589
0.238777	0.891089	0.679903
0.257646	0.886138	0.700668
0.285459	0.878712	0.782028
0.303808	0.871287	0.801821
0.308425	0.863861	0.792107
0.300346	0.856435	0.750212
0.282400	0.846534	0.695932
0.260242	0.839109	0.696053
0.259204	0.839109	0.719126
0.279977	0.839109	0.751063
0.305655	0.846534	0.785307
0.314830	0.856435	0.804129
0.306347	0.863861	0.774135
0.290248	0.871287	0.733819
0.271898	0.878712	0.718397
0.242816	0.886138	0.694961
0.225274	0.891089	0.698603
0.233353	0.891089	0.736855
0.264339	0.888614	0.781906
0.293537	0.883663	0.814208
0.294691	0.883663	0.792714
0.273110	0.883663	0.746570
0.252799	0.878712	0.734305
0.240796	0.876237	0.723983
0.243451	0.876237	0.721797
0.260300	0.873762	0.743777
0.266186	0.866337	0.806193
0.267398	0.856435	0.810322
0.268667	0.849009	0.796114
0.269994	0.841584	0.819429
0.271264	0.831683	0.754098
0.272533	0.824257	0.726290
0.273803	0.824257	0.794778
0.275072	0.824257	0.889496
0.276399	0.831683	0.897389
0.276746	0.831683	0.850759
0.266821	0.831683	0.794050
0.261512	0.831683	0.774378
0.287017	0.836634	0.829022
0.321927	0.839109	0.895568
0.343104	0.839109	0.913904
0.348240	0.839109	0.881724
0.340104	0.844059	0.828537
0.317484	0.846534	0.774135
0.291518	0.846534	0.723012
0.281939	0.846534	0.716090
0.285978	0.846534	0.741226
0.285343	0.846534	0.748512
0.278304	0.846534	0.728719
0.263301	0.846534	0.705404
0.240277	0.846534	0.693260
0.219965	0.846534	0.698361
0.227121	0.853960	0.723254
0.254991	0.861386	0.777049
0.286440	0.868812	0.837766
0.307155	0.876237	0.855981
0.311252	0.883663	0.812508
0.301847	0.891089	0.760777
0.293133	0.898515	0.746448
0.275591	0.905940	0.741469
0.263762	0.908415	0.747541
0.282170	0.913366	0.785185
0.296826	0.913366	0.804614
0.296538	0.918317	0.821008
0.279169	0.920792	0.810808
0.252279	0.920792	0.764299
0.233987	0.928218	0.734669
0.233468	0.928218	0.752641
0.254876	0.923267	0.798421
0.293191	0.910891	0.849909
0.329025	0.900990	0.924833
0.344778	0.893564	0.908318
0.338546	0.881188	0.876381
0.320312	0.868812	0.864845
0.307963	0.861386	0.858895
0.324986	0.861386	0.878324
0.343681	0.868812	0.923497
0.345874	0.876237	0.918883
0.329544	0.886138	0.835094
0.299192	0.893564	0.786278
0.270456	0.900990	0.745234
0.252510	0.905940	0.721190
0.251645	0.905940	0.740012
0.272822	0.900990	0.822222
0.302077	0.893564	0.872617
0.317888	0.888614	0.879296
0.313791	0.881188	0.871524
0.298211	0.873762	0.855373
0.268148	0.866337	0.835216
0.258973	0.861386	0.829630
0.275938	0.866337	0.869945
0.298327	0.873762	0.945962
0.304097	0.881188	0.936126
0.291806	0.888614	0.892653
0.269475	0.896040	0.855859
0.240854	0.903465	0.819551
0.212233	0.913366	0.749605
0.221581	0.913366	0.755920
0.233353	0.913366	0.809472
0.245182	0.913366	0.879053
0.256953	0.913366	0.971099
0.268725	0.913366	0.915604
0.280496	0.913366	0.847237
0.292268	0.913366	0.777292
0.304039	0.915841	0.727383
0.315811	0.918317	0.816636
0.327640	0.913366	0.838373
0.332083	0.913366	0.791257
0.318234	0.913366	0.745477
0.292672	0.913366	0.711840
0.262493	0.913366	0.659381
0.226659	0.920792	0.624651
0.195788	0.918317	0.641773
0.207328	0.913366	0.696903
0.242412	0.908415	0.752763
0.275188	0.900990	0.806193
0.287825	0.893564	0.832058
0.281131	0.886138	0.792471
0.278823	0.878712	0.817729
0.282920	0.871287	0.807043
0.301558	0.868812	0.821129
0.329833	0.873762	0.890225
0.336469	0.876237	0.850030
0.314714	0.883663	0.781664
0.290421	0.883663	0.737948
0.264455	0.891089	0.736005
0.235776	0.900990	0.765027
0.256030	0.910891	0.773649
0.296365	0.923267	0.781785
0.313849	0.935643	0.806557
0.309117	0.948020	0.853188
0.308252	0.960396	0.913175
0.307386	0.970297	0.849302
0.306520	0.985149	0.879660
0.305655	1.000000	0.939891
0.304789	0.992574	0.894475
0.303924	0.948020	1.000000
0.303001	0.888614	0.984699
0.293133	0.826732	0.922161
0.264108	0.764851	0.857559
0.239585	0.705445	0.801943
0.218638	0.641089	0.808743
0.234968	0.603960	0.799029
0.272533	0.584159	0.825015
0.297923	0.574257	0.887189
0.297807	0.559406	0.899332
0.289671	0.547030	0.833273
0.277149	0.537128	0.745598
0.244085	0.522277	0.670188
0.217888	0.509901	0.637158
0.238604	0.500000	0.655373
0.278996	0.487624	0.669095
0.302135	0.477722	0.624651
0.303751	0.465347	0.579356
0.294922	0.455445	0.523133
0.279169	0.443069	0.420644
0.248875	0.433168	0.365027
0.242527	0.420792	0.417243
0.272014	0.408416	0.507468
0.308713	0.386139	0.558348
0.313445	0.363861	0.549120
0.293826	0.341584	0.476746
0.277438	0.319307	0.396721
0.228044	0.304455	0.313540
0.201039	0.282178	0.311233
0.226659	0.264852	0.389678
0.260069	0.259901	0.450516
0.265724	0.259901	0.449059
0.249336	0.257426	0.362477
0.215638	0.252475	0.274317
0.177957	0.252475	0.225622
0.139123	0.245049	0.212265
0.125332	0.245049	0.222344
0.128102	0.250000	0.267638
0.130929	0.252475	0.356041
0.133756	0.259901	0.356406
0.136526	0.262376	0.302732
0.139296	0.267327	0.260716
0.142123	0.269802	0.160170
0.144893	0.274752	0.127747
0.147721	0.274752	0.152398
0.170860	0.274752	0.184821
0.222389	0.274752	0.264845
0.256203	0.274752	0.306497
0.271668	0.274752	0.255009
0.272706	0.274752	0.153855
0.256896	0.274752	0.097753
0.229313	0.274752	0.081117
0.207155	0.274752	0.100668
0.207559	0.267327	0.150212
0.236815	0.262376	0.214450
0.244605	0.250000	0.249423
0.244085	0.240099	0.246995
0.237103	0.225247	0.194414
0.230179	0.212871	0.082089
0.223254	0.202970	0.076503
0.216272	0.190594	0.103947
0.209290	0.180693	0.098725
0.202366	0.180693	0.177535
0.195441	0.185644	0.241530
0.198846	0.188119	0.257195
0.216503	0.193069	0.230965
0.221581	0.193069	0.168306
0.207790	0.200495	0.120704
0.205540	0.200495	0.116818
0.233641	0.198020	0.158956
0.265551	0.193069	0.213236
0.276111	0.188119	0.194293
0.264051	0.185644	0.142441
0.236584	0.178218	0.107225
0.201904	0.175743	0.086339
0.183381	0.170792	0.107347
0.195095	0.170792	0.162963
0.230698	0.170792	0.224894
0.250952	0.170792	0.270552
0.259434	0.170792	0.281481
0.256319	0.165841	0.252823
0.237853	0.163366	0.201457
0.206982	0.163366	0.166606
0.210675	0.163366	0.170613
0.245470	0.163366	0.230358
0.277726	0.158416	0.311718
0.277611	0.153466	0.315726
0.268148	0.148515	0.218944
0.360704	0.143564	0.087796
0.498384	0.138614	0.045537
0.590594	0.133663	0.118397
0.738142	0.126238	0.092532
0.934391	0.126238	0.239101
1.000000	0.126238	0.410929
0.866128	0.126238	0.382271
