1.000000	1.000000	1.000000
0.952204	1.000000	0.899852
0.869646	1.000000	0.822222
0.791434	1.000000	0.782074
0.758949	1.000000	0.796741
0.749845	0.981744	0.843407
0.750879	0.945233	0.885037
0.762466	0.908722	0.868593
0.776329	0.872211	0.868296
0.783468	0.835700	0.882667
0.775812	0.799189	0.854074
0.754914	0.762677	0.829333
0.721395	0.726166	0.812741
0.674322	0.689655	0.761185
0.610490	0.653144	0.702519
0.536623	0.616633	0.672889
0.522967	0.586207	0.710074
0.566522	0.561866	0.799259
0.627457	0.543610	0.893037
0.656114	0.525355	0.926370
0.651148	0.507099	0.925185
0.624560	0.488844	0.912296
0.592903	0.470588	0.866963
0.554004	0.452333	0.795111
0.502173	0.434077	0.708444
0.416615	0.415821	0.634963
0.334575	0.397566	0.607407
0.362404	0.383367	0.674074
0.441755	0.373225	0.778667
0.514691	0.373225	0.854963
0.574281	0.369168	0.850963
0.607904	0.367140	0.835852
0.616698	0.367140	0.837630
0.613491	0.367140	0.831259
0.583592	0.361055	0.792741
0.524933	0.361055	0.716889
0.463377	0.361055	0.635852
0.405545	0.361055	0.574370
0.354645	0.356998	0.555852
0.333126	0.350912	0.569778
0.354955	0.338742	0.608000
0.424167	0.324543	0.664444
0.480033	0.312373	0.680000
0.484895	0.298175	0.634222
0.442893	0.283975	0.573778
0.399441	0.269777	0.530222
0.394682	0.257606	0.525481
0.402338	0.241379	0.535111
0.420236	0.227180	0.545926
0.452307	0.215010	0.546519
0.469998	0.200811	0.518222
0.463480	0.186612	0.464741
0.436582	0.172414	0.408741
0.393958	0.160243	0.345481
0.340058	0.146045	0.274963
0.270536	0.129817	0.210222
0.215394	0.119675	0.184593
0.222739	0.117647	0.244000
0.281709	0.123732	0.330815
0.355576	0.127789	0.394370
0.381750	0.131845	0.395704
0.375233	0.137931	0.343407
0.353093	0.141988	0.271111
0.332402	0.148073	0.240889
0.324850	0.152130	0.263556
0.362301	0.154158	0.337778
0.487999	0.160243	0.440148
0.531864	0.166328	0.430667
0.492034	0.170385	0.352296
0.430581	0.176471	0.277037
0.387027	0.178499	0.224444
0.392096	0.178499	0.246815
0.424788	0.174442	0.301185
0.440306	0.168357	0.312593
0.394889	0.160243	0.251111
0.312849	0.154158	0.171852
0.234120	0.148073	0.137926
0.189944	0.139959	0.153481
0.203497	0.133874	0.220741
0.279019	0.127789	0.325185
0.337989	0.121704	0.380148
0.350921	0.115619	0.363852
0.317194	0.109533	0.291556
0.279950	0.101419	0.230370
0.248396	0.095334	0.205926
0.227602	0.089249	0.229333
0.267018	0.087221	0.303704
0.346058	0.085193	0.400296
0.421374	0.081136	0.478074
0.468032	0.081136	0.500593
0.476205	0.081136	0.462963
0.448272	0.081136	0.379852
0.410718	0.081136	0.306074
0.364784	0.081136	0.242074
0.305504	0.081136	0.174815
0.274571	0.081136	0.151704
0.290813	0.079108	0.189185
0.345438	0.075051	0.264148
0.394269	0.075051	0.309481
0.402131	0.075051	0.283259
0.371405	0.075051	0.219704
0.316367	0.075051	0.150963
0.257500	0.075051	0.110519
0.232671	0.075051	0.129926
0.252845	0.077079	0.193481
0.307676	0.081136	0.256296
0.312642	0.081136	0.269333
0.261846	0.081136	0.231556
0.208773	0.085193	0.178963
0.169977	0.087221	0.149778
0.158287	0.087221	0.165926
0.183426	0.087221	0.218370
0.230395	0.091278	0.291852
0.276122	0.093306	0.352296
0.286675	0.093306	0.313185
0.265156	0.095334	0.230074
0.222533	0.099391	0.169037
0.162218	0.099391	0.127111
0.120112	0.099391	0.118667
0.143079	0.099391	0.160296
0.190255	0.095334	0.207111
0.224084	0.093306	0.230815
0.206600	0.093306	0.214963
0.164287	0.091278	0.174222
0.121146	0.087221	0.132148
0.088454	0.087221	0.130074
0.099007	0.087221	0.181333
0.167701	0.083164	0.275704
0.205980	0.081136	0.311259
0.205980	0.081136	0.292444
0.185392	0.081136	0.256000
0.155287	0.075051	0.216444
0.140699	0.075051	0.203556
0.175253	0.075051	0.253778
0.232154	0.070994	0.299407
0.280364	0.068965	0.311556
0.285330	0.068965	0.300000
0.261846	0.066937	0.263704
0.223360	0.062880	0.212593
0.179599	0.062880	0.171111
0.158908	0.068965	0.164296
0.181357	0.087221	0.206222
0.228843	0.105476	0.271556
0.294538	0.123732	0.349333
0.367267	0.141988	0.422667
0.414442	0.160243	0.452000
0.431926	0.178499	0.435259
0.425822	0.196754	0.387111
0.425926	0.212982	0.358370
0.418270	0.227180	0.336444
0.374302	0.247464	0.286667
0.338092	0.257606	0.250519
0.332299	0.257606	0.248593
0.352369	0.245436	0.273630
0.401200	0.227180	0.321778
0.468963	0.208925	0.374815
0.511173	0.190669	0.374815
0.528657	0.178499	0.348444
0.529692	0.160243	0.329481
0.519346	0.141988	0.302519
0.498965	0.123732	0.269333
0.468239	0.105476	0.238074
0.462549	0.095334	0.240889
0.489861	0.093306	0.280148
0.527002	0.093306	0.324889
0.579971	0.099391	0.372889
0.635320	0.105476	0.397185
0.659321	0.109533	0.346815
0.646700	0.113590	0.263407
0.602421	0.117647	0.182370
0.546348	0.123732	0.135556
0.480654	0.127789	0.114074
0.406166	0.133874	0.100593
0.366129	0.139959	0.118667
0.376060	0.146045	0.171556
0.411339	0.152130	0.234815
0.427995	0.158215	0.261037
0.392717	0.164300	0.221630
0.321332	0.170385	0.164444
0.248707	0.176471	0.126074
0.213739	0.180527	0.136889
0.210739	0.180527	0.184741
0.232257	0.174442	0.262074
0.268570	0.164300	0.359852
0.309332	0.152130	0.421481
0.345645	0.139959	0.444444
0.368405	0.129817	0.446667
0.357232	0.119675	0.416296
0.319574	0.107505	0.361778
0.278502	0.095334	0.302667
0.232878	0.083164	0.242519
0.191910	0.073022	0.197481
0.186427	0.070994	0.212593
0.213842	0.075051	0.263111
0.263604	0.081136	0.315407
0.319470	0.087221	0.358667
0.357542	0.093306	0.357926
0.359818	0.099391	0.293926
0.336437	0.105476	0.221185
0.295986	0.111562	0.155852
0.246948	0.117647	0.104889
0.188185	0.123732	0.074963
0.135216	0.127789	0.072593
0.130457	0.129817	0.105185
0.160045	0.135902	0.176444
0.204945	0.135902	0.279111
0.266191	0.141988	0.367704
0.324229	0.144016	0.424593
0.358576	0.148073	0.440000
0.361163	0.152130	0.397926
0.333540	0.154158	0.325778
0.282951	0.154158	0.263852
0.246638	0.160243	0.244889
0.242913	0.154158	0.269333
0.276019	0.154158	0.306815
0.303849	0.154158	0.329037
0.302090	0.154158	0.320000
0.276122	0.154158	0.277481
0.233395	0.154158	0.222815
0.182599	0.154158	0.178370
0.128492	0.154158	0.144000
0.093834	0.154158	0.145630
0.112559	0.158215	0.225630
0.162632	0.160243	0.321481
0.222326	0.164300	0.394815
0.271777	0.166328	0.437778
0.294848	0.172414	0.426074
0.287916	0.172414	0.360741
0.259880	0.178499	0.270370
0.221601	0.178499	0.186963
0.182392	0.184584	0.137037
0.142975	0.184584	0.128889
0.123940	0.184584	0.162815
0.152907	0.184584	0.233630
0.198634	0.184584	0.308000
0.246431	0.184584	0.365926
0.299090	0.184584	0.402963
0.322160	0.184584	0.389481
0.304573	0.180527	0.325333
0.267225	0.178499	0.248000
0.216429	0.178499	0.183556
0.167184	0.178499	0.156296
0.191496	0.176471	0.210370
0.240741	0.170385	0.270815
0.239706	0.166328	0.245778
0.201635	0.160243	0.206815
0.139768	0.154158	0.159111
0.069522	0.150101	0.089037
0.011484	0.146045	0.100593
0.000000	0.139959	0.192889
0.069315	0.135902	0.288741
0.106352	0.129817	0.325630
0.103145	0.123732	0.309333
0.122284	0.119675	0.291259
0.163460	0.113590	0.291704
0.245603	0.111562	0.339852
0.387647	0.105476	0.454519
0.475791	0.105476	0.497778
0.488827	0.105476	0.457481
0.453031	0.103448	0.380593
0.394165	0.099391	0.296593
0.340886	0.099391	0.241778
0.319884	0.099391	0.248889
0.325678	0.095334	0.277037
0.357025	0.093306	0.316889
0.410408	0.093306	0.371407
0.451583	0.093306	0.387407
0.462342	0.087221	0.354519
0.434927	0.087221	0.284593
0.375129	0.087221	0.207852
0.309021	0.083164	0.154222
0.276743	0.081136	0.153481
0.276433	0.081136	0.185481
0.303849	0.075051	0.230222
0.353300	0.075051	0.268593
0.376474	0.068965	0.270815
0.356818	0.068965	0.225926
0.313780	0.062880	0.143852
0.260397	0.062880	0.073778
0.204842	0.056795	0.039556
0.143389	0.056795	0.020444
0.100145	0.056795	0.020000
0.098593	0.058823	0.050222
0.146493	0.062880	0.158519
0.209083	0.068965	0.279852
0.248293	0.073022	0.338370
0.266501	0.075051	0.347407
0.259466	0.081136	0.314963
0.226567	0.085193	0.256741
0.180944	0.093306	0.206519
0.139872	0.105476	0.180741
0.121146	0.117647	0.189185
0.135216	0.129817	0.230519
0.172977	0.141988	0.287259
0.209497	0.154158	0.327852
0.242913	0.168357	0.335111
0.266398	0.180527	0.312889
0.265984	0.194726	0.290963
0.244155	0.206897	0.252741
0.205049	0.219067	0.192148
0.159839	0.233266	0.152889
0.120836	0.243408	0.142963
0.101490	0.245436	0.158667
0.110283	0.241379	0.216148
0.147734	0.237323	0.303704
0.201014	0.231237	0.372000
0.247672	0.225152	0.420148
0.273122	0.219067	0.439852
0.275088	0.212982	0.403704
0.258328	0.206897	0.344889
0.227085	0.202840	0.287111
0.182909	0.196754	0.214222
0.128492	0.190669	0.139852
0.068074	0.184584	0.085185
0.025760	0.178499	0.067556
0.018415	0.178499	0.097630
0.055349	0.178499	0.176889
0.122595	0.172414	0.281630
0.197289	0.172414	0.375556
0.249431	0.172414	0.413185
0.271570	0.168357	0.406963
0.264122	0.166328	0.366222
0.233085	0.166328	0.294222
0.188703	0.166328	0.239259
0.142768	0.166328	0.217333
0.111008	0.170385	0.199111
0.108835	0.174442	0.222815
0.141424	0.178499	0.300000
0.193462	0.184584	0.378222
0.254707	0.188641	0.429630
0.311711	0.192697	0.444444
0.345334	0.196754	0.432741
0.356611	0.202840	0.394074
0.345748	0.206897	0.330074
0.312022	0.210953	0.242815
0.270329	0.215010	0.181630
0.231947	0.217038	0.167556
0.189323	0.221095	0.123407
0.173702	0.221095	0.110667
0.211152	0.225152	0.192296
0.260708	0.227180	0.279556
0.314298	0.229209	0.352741
0.367474	0.233266	0.407556
0.398924	0.233266	0.423259
0.410201	0.239351	0.402667
0.402959	0.239351	0.353185
0.364680	0.243408	0.278222
0.303952	0.245436	0.204148
0.236292	0.245436	0.158963
0.180219	0.245436	0.147259
0.148562	0.243408	0.165630
0.149700	0.231237	0.205481
0.181461	0.215010	0.279852
0.227498	0.200811	0.377481
0.260501	0.184584	0.452148
0.272812	0.172414	0.431407
0.343162	0.158215	0.407111
0.468963	0.141988	0.416593
0.556900	0.129817	0.417926
0.596317	0.113590	0.393926
0.585247	0.099391	0.335556
0.545313	0.085193	0.273481
0.488103	0.068965	0.211852
0.420236	0.056795	0.130222
0.351128	0.042596	0.058519
0.289468	0.026369	0.025630
0.236189	0.010142	0.000000
0.212601	0.000000	0.009481
0.249328	0.006085	0.109037
0.321746	0.020284	0.222963
0.407718	0.038539	0.316741
0.487378	0.050710	0.382815
0.538899	0.068965	0.406963
0.576764	0.087221	0.392593
0.613904	0.101419	0.347111
0.632526	0.117647	0.271407
0.625078	0.133874	0.191556
0.589385	0.148073	0.132296
0.546348	0.166328	0.072444
0.503311	0.178499	0.020593
0.458204	0.196754	0.009481
0.420029	0.206897	0.021185
0.398510	0.212982	0.045333
0.410408	0.208925	0.113778
0.460170	0.204868	0.210222
0.538899	0.196754	0.302963
0.606042	0.190669	0.361926
0.635527	0.184584	0.357926
0.618663	0.176471	0.288000
0.587523	0.170385	0.229185
0.548314	0.164300	0.188296
0.502690	0.156186	0.158519
0.457376	0.150101	0.145630
0.424374	0.144016	0.153185
0.416615	0.146045	0.183852
0.434306	0.148073	0.238519
0.468860	0.150101	0.316296
0.507449	0.154158	0.407704
0.539520	0.156186	0.448741
0.556280	0.160243	0.442815
0.550279	0.160243	0.412741
0.515104	0.166328	0.357037
0.462239	0.166328	0.291704
0.407407	0.172414	0.236444
0.348955	0.172414	0.181926
0.289054	0.172414	0.131407
0.233913	0.172414	0.100741
0.199255	0.172414	0.103852
0.199255	0.166328	0.150519
0.232982	0.166328	0.231111
0.289882	0.166328	0.323852
0.353197	0.162271	0.403852
0.399959	0.160243	0.454370
0.412166	0.160243	0.445630
0.384958	0.158215	0.377185
0.337161	0.154158	0.316444
0.279950	0.154158	0.273037
0.225016	0.154158	0.247852
0.191806	0.160243	0.244148
0.187358	0.164300	0.268741
0.212808	0.168357	0.324741
0.262880	0.172414	0.394519
0.313056	0.178499	0.447704
0.334782	0.182556	0.452741
0.320919	0.188641	0.408444
0.284916	0.192697	0.334074
0.253466	0.196754	0.262222
0.217463	0.202840	0.202074
0.174322	0.202840	0.162667
0.128802	0.202840	0.152148
0.108318	0.202840	0.183556
0.135113	0.202840	0.260444
0.187358	0.202840	0.342370
0.247155	0.206897	0.423852
0.300021	0.208925	0.502074
0.341403	0.208925	0.553185
0.360128	0.208925	0.558222
0.359094	0.208925	0.522370
0.368198	0.208925	0.493778
0.368819	0.208925	0.467407
0.347610	0.208925	0.434074
0.314504	0.215010	0.379852
0.274157	0.215010	0.313185
0.231844	0.215010	0.249037
0.186944	0.215010	0.189630
0.141941	0.215010	0.139704
0.111215	0.227180	0.108593
0.089489	0.247464	0.092000
0.061970	0.269777	0.078519
0.055866	0.294118	0.102222
0.076454	0.318458	0.161926
0.094972	0.340771	0.203852
0.114111	0.363083	0.242667
0.136665	0.387424	0.287259
0.161494	0.411764	0.330963
0.189737	0.425964	0.376889
0.234327	0.427992	0.447407
0.310470	0.419878	0.558074
0.406373	0.405679	0.650074
0.492551	0.391481	0.698074
0.552142	0.379310	0.697185
0.589903	0.367140	0.657481
0.600869	0.352941	0.628000
0.599007	0.338742	0.606370
0.607387	0.326572	0.562222
0.615249	0.312373	0.525926
0.614318	0.300203	0.495111
0.596420	0.288032	0.431259
0.563004	0.273834	0.359852
0.516139	0.259635	0.308148
0.453135	0.245436	0.253185
0.376164	0.233266	0.189481
0.297848	0.223123	0.136593
0.223360	0.215010	0.096296
0.154666	0.217038	0.063407
0.115870	0.223123	0.069481
0.121043	0.227180	0.130519
0.151148	0.233266	0.210370
0.194496	0.237323	0.293185
0.243224	0.241379	0.366222
0.300124	0.247464	0.412444
0.353404	0.251521	0.431407
0.391889	0.257606	0.421926
0.409166	0.263692	0.377333
0.398303	0.267749	0.327111
0.359301	0.271805	0.287704
0.311090	0.277890	0.229778
0.262156	0.281947	0.178963
0.218084	0.281947	0.169630
0.174840	0.281947	0.164593
0.139665	0.281947	0.160148
0.130147	0.281947	0.180444
0.156631	0.281947	0.240741
0.215084	0.281947	0.337481
0.277364	0.281947	0.436444
0.332506	0.281947	0.506074
0.372439	0.281947	0.530815
0.391993	0.281947	0.512593
0.392303	0.281947	0.473778
0.382785	0.281947	0.446222
