127.71	6.97	58.41
127.63	6.97	57.59
127.30	6.97	56.80
126.76	6.97	56.04
126.05	6.97	55.33
125.21	6.97	54.67
124.30	6.97	54.08
123.34	6.97	53.57
122.40	6.97	53.15
121.51	6.97	52.83
120.71	6.97	52.62
120.26	6.97	52.64
119.96	6.97	52.78
119.75	6.97	53.00
119.63	6.97	53.30
119.55	6.96	53.65
119.47	6.94	54.08
119.44	6.92	54.50
119.45	6.90	54.86
119.50	6.88	55.13
119.61	6.86	55.05
119.74	6.84	54.86
119.89	6.82	54.64
120.05	6.80	54.43
120.20	6.78	54.46
120.35	6.76	54.63
120.47	6.74	54.82
120.56	6.72	54.99
120.59	6.70	55.04
120.56	6.68	54.85
120.47	6.66	54.60
120.34	6.64	54.32
120.16	6.62	54.03
119.93	6.60	53.84
119.67	6.58	53.76
119.35	6.56	53.68
118.99	6.54	53.58
118.59	6.52	53.44
118.13	6.50	53.14
117.62	6.48	52.70
117.07	6.46	52.23
116.47	6.44	51.75
115.83	6.42	51.29
115.03	6.40	50.88
114.13	6.38	50.55
113.29	6.36	50.31
112.56	6.34	50.19
112.00	6.32	50.22
111.95	6.30	50.55
112.12	6.29	51.04
112.46	6.28	51.64
112.94	6.26	52.32
113.55	6.25	53.07
114.25	6.24	53.86
114.95	6.23	54.60
115.60	6.22	55.27
116.08	6.21	55.71
116.35	6.20	55.90
116.50	6.19	55.97
116.55	6.18	55.96
116.50	6.17	55.92
116.33	6.16	55.93
116.09	6.15	55.90
115.79	6.14	55.81
115.45	6.13	55.66
115.11	6.12	55.41
114.79	6.11	55.05
114.44	6.10	54.63
114.06	6.09	54.14
113.65	6.08	53.61
113.19	6.07	53.01
112.69	6.06	52.35
112.14	6.05	51.68
111.53	6.04	51.03
110.85	6.03	50.41
109.91	6.02	49.85
108.73	6.01	49.35
107.61	6.00	48.96
106.64	5.99	48.72
105.89	5.98	48.65
105.79	5.97	48.93
106.25	5.96	49.52
106.95	5.96	50.24
107.81	5.95	51.04
108.75	5.94	51.86
109.56	5.94	52.64
110.37	5.94	53.36
111.16	5.94	53.98
111.93	5.94	54.46
112.64	5.94	54.57
113.28	5.94	54.46
113.86	5.93	54.26
114.35	5.93	54.02
114.71	5.93	53.90
114.94	5.93	53.90
115.09	5.93	53.92
115.17	5.93	53.94
115.19	5.93	53.95
115.23	5.93	53.95
115.21	5.93	53.91
115.12	5.93	53.83
114.95	5.93	53.67
114.66	5.92	53.42
114.16	5.92	52.96
113.57	5.92	52.43
112.93	5.92	51.85
112.24	5.92	51.23
111.55	5.92	50.61
110.90	5.92	49.99
110.25	5.92	49.39
109.62	5.92	48.84
109.00	5.92	48.36
108.40	5.92	47.96
107.78	5.92	47.75
107.21	5.92	47.62
106.72	5.91	47.58
106.33	5.91	47.62
106.08	5.91	47.72
106.01	5.90	47.90
106.09	5.90	48.14
106.30	5.89	48.42
106.66	5.88	48.74
107.33	5.88	49.18
108.15	5.87	49.65
109.00	5.86	50.08
109.83	5.85	50.42
110.49	5.85	50.59
110.84	5.84	50.44
111.05	5.83	50.17
111.11	5.82	49.81
111.03	5.82	49.38
110.71	5.81	48.92
110.19	5.80	48.46
109.60	5.79	48.00
109.00	5.79	47.57
108.44	5.78	47.20
108.13	5.77	46.99
108.02	5.76	46.90
107.99	5.76	46.88
108.03	5.75	46.91
108.11	5.74	46.98
108.18	5.73	47.05
108.28	5.72	47.14
108.41	5.72	47.23
108.58	5.71	47.32
108.83	5.70	47.39
109.19	5.69	47.44
109.56	5.69	47.45
109.91	5.68	47.42
110.23	5.67	47.32
110.42	5.66	47.10
110.49	5.66	46.78
110.50	5.65	46.40
110.43	5.64	45.99
110.29	5.63	45.54
110.06	5.63	45.14
109.77	5.62	44.73
109.41	5.61	44.30
109.00	5.60	43.86
108.54	5.60	43.40
108.03	5.59	42.88
107.49	5.58	42.34
106.91	5.57	41.80
106.29	5.57	41.28
105.65	5.56	40.78
104.84	5.55	40.26
104.02	5.54	39.80
103.27	5.53	39.43
102.62	5.53	39.19
102.13	5.52	39.11
102.05	5.52	39.46
102.17	5.52	39.96
102.45	5.52	40.57
102.89	5.52	41.24
103.54	5.53	41.92
104.39	5.53	42.56
105.28	5.53	43.15
106.14	5.53	43.67
106.92	5.54	44.06
107.29	5.54	44.19
107.54	5.54	44.18
107.66	5.54	44.04
107.68	5.55	43.79
107.60	5.55	43.39
107.43	5.55	42.84
107.22	5.56	42.25
106.97	5.56	41.67
106.70	5.56	41.14
106.44	5.56	40.79
106.21	5.57	40.58
106.02	5.57	40.48
105.88	5.57	40.50
105.80	5.57	40.66
105.74	5.58	40.99
105.84	5.58	41.44
106.15	5.58	41.98
106.71	5.58	42.61
108.14	5.58	43.51
109.69	5.59	44.38
111.17	5.59	45.11
112.29	5.59	45.52
112.58	5.60	45.30
112.55	5.60	44.84
112.26	5.60	44.23
111.79	5.60	43.61
111.21	5.61	43.03
110.54	5.61	42.44
109.83	5.61	41.87
109.17	5.62	41.32
108.60	5.62	40.81
108.12	5.62	40.40
107.75	5.62	40.10
107.52	5.62	39.95
107.66	5.62	40.22
107.93	5.62	40.63
108.29	5.62	41.11
108.68	5.62	41.58
109.03	5.61	41.92
109.33	5.61	42.13
109.54	5.61	42.23
109.60	5.60	42.21
109.40	5.60	41.96
108.82	5.59	41.41
108.09	5.59	40.76
107.24	5.59	40.08
106.33	5.58	39.41
105.40	5.58	38.92
104.49	5.58	38.57
103.62	5.57	38.31
102.83	5.57	38.17
102.16	5.57	38.13
101.69	5.56	38.26
101.38	5.56	38.52
101.27	5.55	38.88
101.34	5.55	39.36
101.77	5.55	40.01
102.54	5.54	40.83
103.42	5.54	41.67
104.34	5.54	42.46
105.19	5.53	43.12
105.79	5.53	43.49
106.26	5.53	43.70
106.60	5.52	43.77
106.79	5.52	43.68
106.70	5.52	43.34
106.41	5.51	42.84
106.01	5.51	42.26
105.55	5.51	41.65
105.08	5.50	41.07
104.70	5.50	40.63
104.34	5.49	40.26
104.00	5.49	39.96
103.68	5.49	39.76
103.33	5.48	39.69
102.98	5.48	39.75
102.72	5.48	39.93
102.60	5.47	40.22
102.66	5.47	40.63
103.19	5.47	41.23
103.89	5.47	41.92
104.71	5.47	42.65
105.60	5.47	43.40
106.48	5.47	44.12
107.35	5.46	44.80
108.18	5.46	45.41
108.95	5.46	45.92
109.58	5.46	46.24
110.07	5.46	46.39
110.45	5.46	46.41
110.70	5.46	46.29
110.82	5.46	46.03
110.71	5.46	45.55
110.48	5.46	44.97
110.17	5.46	44.32
109.78	5.46	43.64
109.36	5.46	42.98
108.98	5.46	42.47
108.57	5.46	41.98
108.13	5.46	41.51
107.66	5.46	41.05
107.13	5.46	40.58
106.45	5.46	40.01
105.77	5.46	39.47
105.14	5.46	39.00
104.60	5.46	38.63
104.23	5.46	38.42
104.13	5.46	38.47
104.16	5.46	38.65
104.33	5.46	38.93
104.63	5.46	39.31
105.13	5.45	39.83
105.78	5.45	40.45
106.46	5.45	41.06
107.13	5.45	41.62
107.74	5.45	42.05
108.07	5.45	42.11
108.28	5.45	42.03
108.37	5.45	41.82
108.33	5.45	41.51
108.15	5.45	41.09
107.78	5.45	40.59
107.32	5.45	40.05
106.78	5.45	39.49
106.19	5.45	38.95
105.53	5.45	38.47
104.84	5.45	38.07
104.18	5.45	37.76
103.59	5.45	37.54
103.10	5.45	37.46
102.85	5.45	37.65
102.78	5.45	37.99
102.84	5.45	38.43
103.02	5.45	38.93
103.38	5.45	39.45
104.02	5.46	39.98
104.67	5.46	40.47
105.28	5.46	40.90
105.77	5.46	41.23
105.78	5.46	41.31
105.45	5.46	41.19
104.97	5.46	40.98
104.39	5.46	40.68
103.74	5.46	40.33
103.16	5.46	39.92
102.59	5.46	39.51
102.04	5.47	39.11
101.53	5.47	38.76
101.10	5.47	38.50
100.77	5.47	38.44
100.54	5.47	38.47
100.40	5.47	38.59
100.37	5.47	38.80
100.51	5.47	39.11
100.82	5.47	39.53
101.21	5.47	40.00
101.68	5.47	40.51
102.19	5.47	41.04
102.75	5.48	41.68
103.31	5.48	42.28
103.83	5.48	42.78
104.28	5.48	43.15
104.56	5.48	43.15
104.63	5.48	42.74
104.60	5.48	42.18
104.46	5.48	41.52
104.22	5.48	40.82
103.90	5.48	40.25
103.49	5.49	39.76
103.03	5.49	39.30
102.51	5.49	38.89
101.95	5.49	38.52
101.24	5.49	38.20
100.53	5.49	37.93
99.89	5.49	37.75
99.36	5.49	37.66
99.04	5.49	37.69
99.19	5.49	37.96
99.49	5.49	38.31
99.91	5.49	38.70
100.41	5.49	39.11
100.94	5.49	39.47
101.47	5.48	39.78
101.96	5.48	40.03
102.37	5.48	40.23
102.67	5.48	40.35
102.60	5.48	40.30
102.36	5.48	40.16
102.01	5.48	39.95
101.58	5.48	39.70
101.10	5.48	39.39
100.62	5.48	39.02
100.14	5.47	38.65
99.67	5.47	38.31
99.22	5.47	38.04
98.80	5.47	37.87
98.42	5.47	37.88
98.13	5.47	37.99
97.98	5.47	38.21
97.99	5.47	38.54
98.42	5.47	39.13
99.14	5.47	39.87
99.95	5.47	40.63
100.76	5.46	41.35
101.48	5.46	41.93
101.80	5.46	42.10
102.00	5.46	42.14
102.09	5.46	42.07
102.09	5.46	41.91
101.99	5.46	41.69
101.81	5.46	41.44
101.58	5.46	41.16
101.31	5.46	40.86
101.01	5.46	40.56
100.66	5.45	40.24
100.31	5.45	39.95
100.02	5.45	39.72
99.81	5.45	39.58
99.74	5.45	39.56
100.03	5.45	39.90
100.44	5.45	40.33
100.95	5.45	40.81
101.53	5.45	41.29
102.16	5.45	41.64
102.82	5.44	41.86
103.44	5.44	42.01
104.00	5.44	42.10
104.46	5.44	42.13
104.62	5.44	42.10
104.64	5.44	42.01
104.55	5.44	41.87
104.37	5.44	41.67
104.11	5.44	41.40
103.78	5.44	41.04
103.40	5.43	40.66
102.98	5.43	40.26
102.54	5.43	39.88
102.05	5.43	39.51
101.55	5.43	39.19
101.09	5.43	38.92
100.70	5.43	38.74
100.42	5.43	38.65
100.39	5.44	38.75
100.53	5.45	38.99
100.78	5.46	39.32
101.14	5.47	39.72
101.59	5.48	40.18
102.10	5.49	40.67
102.68	5.50	41.20
103.32	5.51	41.76
104.01	5.52	42.34
104.81	5.53	42.96
105.63	5.54	43.58
106.44	5.55	44.15
107.20	5.56	44.66
107.84	5.57	45.02
108.32	5.58	45.22
108.71	5.59	45.30
109.01	5.60	45.29
109.22	5.61	45.18
109.27	5.62	44.92
109.24	5.63	44.58
109.16	5.64	44.20
109.05	5.65	43.80
108.93	5.66	43.43
109.00	5.67	43.28
109.06	5.68	43.16
109.09	5.68	43.05
109.05	5.69	42.92
108.91	5.70	42.74
108.45	5.71	42.35
107.92	5.73	41.95
107.38	5.73	41.54
106.86	5.74	41.16
106.43	5.75	40.87
106.19	5.75	40.71
106.04	5.75	40.63
105.97	5.75	40.62
106.00	5.75	40.67
106.13	5.75	40.79
106.34	5.74	40.99
106.65	5.73	41.24
107.05	5.72	41.54
107.54	5.71	41.88
108.23	5.70	42.34
108.99	5.69	42.80
109.75	5.68	43.23
110.48	5.67	43.60
111.08	5.66	43.77
111.49	5.65	43.71
111.82	5.64	43.55
112.08	5.63	43.34
112.26	5.63	43.09
112.38	5.62	42.93
112.44	5.61	42.80
112.45	5.60	42.66
112.41	5.59	42.52
112.32	5.58	42.36
112.21	5.57	42.14
112.07	5.56	41.91
111.90	5.55	41.67
111.69	5.54	41.42
111.44	5.53	41.17
111.08	5.52	40.89
110.71	5.51	40.64
110.39	5.50	40.43
110.14	5.49	40.30
110.06	5.49	40.31
110.20	5.48	40.50
110.43	5.48	40.75
110.75	5.48	41.06
111.11	5.48	41.41
111.47	5.48	41.74
111.86	5.48	42.07
112.29	5.48	42.41
112.77	5.48	42.75
113.35	5.49	43.12
114.01	5.49	43.51
114.68	5.49	43.84
115.31	5.50	44.07
115.86	5.50	44.16
116.22	5.50	43.88
116.47	5.50	43.46
116.61	5.51	42.93
116.63	5.51	42.32
116.50	5.51	41.67
116.20	5.51	41.03
115.79	5.52	40.38
115.30	5.52	39.75
114.75	5.52	39.17
114.16	5.52	38.69
113.57	5.53	38.38
112.94	5.53	38.13
112.28	5.53	37.94
111.59	5.53	37.80
110.86	5.54	37.68
109.99	5.54	37.52
109.15	5.54	37.40
108.38	5.55	37.34
107.71	5.55	37.35
107.22	5.55	37.46
107.08	5.56	37.75
107.07	5.56	38.10
107.19	5.56	38.51
107.40	5.57	38.94
107.74	5.57	39.43
108.17	5.57	39.94
108.60	5.58	40.41
108.97	5.58	40.80
109.24	5.58	41.08
109.18	5.59	41.03
108.93	5.59	40.81
108.53	5.59	40.49
108.02	5.60	40.10
107.39	5.60	39.67
106.56	5.60	39.22
105.68	5.61	38.79
104.80	5.61	38.39
103.96	5.61	38.07
103.27	5.62	37.87
102.79	5.62	37.87
102.43	5.62	37.96
102.18	5.62	38.15
102.03	5.63	38.43
102.01	5.63	38.80
102.09	5.62	39.23
102.25	5.62	39.74
102.49	5.62	40.31
102.79	5.61	40.96
103.15	5.61	41.72
103.55	5.60	42.49
103.97	5.60	43.22
104.42	5.59	43.88
104.86	5.58	44.30
105.30	5.58	44.61
105.72	5.57	44.84
106.11	5.56	44.99
106.48	5.56	45.11
106.80	5.55	45.20
107.06	5.55	45.22
107.23	5.54	45.17
107.30	5.53	45.06
107.15	5.53	44.81
106.86	5.52	44.48
106.50	5.52	44.11
106.07	5.51	43.68
105.61	5.50	43.24
105.19	5.50	42.80
104.75	5.49	42.35
104.30	5.48	41.91
103.85	5.48	41.47
103.37	5.47	41.02
102.82	5.46	40.54
102.30	5.46	40.11
101.84	5.45	39.74
101.46	5.45	39.48
101.23	5.44	39.41
101.21	5.44	39.58
101.30	5.44	39.86
101.49	5.45	40.21
101.78	5.45	40.62
102.19	5.45	41.02
102.68	5.45	41.42
103.23	5.46	41.82
103.81	5.46	42.20
104.42	5.46	42.57
105.04	5.47	42.92
105.64	5.47	43.20
106.18	5.47	43.39
106.64	5.48	43.45
106.89	5.48	43.21
107.01	5.48	42.80
107.03	5.49	42.29
106.95	5.49	41.72
106.78	5.49	41.13
106.52	5.50	40.60
106.19	5.50	40.07
105.79	5.50	39.56
105.35	5.51	39.06
104.87	5.51	38.59
104.37	5.51	38.17
103.84	5.52	37.78
103.29	5.52	37.44
102.72	5.52	37.16
102.09	5.53	36.93
101.38	5.53	36.76
100.70	5.53	36.67
100.10	5.53	36.65
99.60	5.54	36.70
99.35	5.54	36.85
99.35	5.54	37.10
99.49	5.54	37.44
99.75	5.54	37.86
100.09	5.55	38.37
100.47	5.55	39.04
100.89	5.55	39.80
101.37	5.55	40.60
101.91	5.55	41.39
102.51	5.55	42.15
103.20	5.56	42.80
103.91	5.56	43.40
104.60	5.56	43.92
105.26	5.56	44.35
105.80	5.56	44.69
106.26	5.57	44.92
106.64	5.57	45.04
106.92	5.57	45.05
107.08	5.57	44.91
107.09	5.57	44.54
107.00	5.58	44.08
106.80	5.58	43.54
106.52	5.58	42.98
106.12	5.58	42.41
105.58	5.58	41.90
105.00	5.58	41.42
104.43	5.58	41.01
103.90	5.58	40.68
103.50	5.59	40.54
103.24	5.59	40.58
103.08	5.59	40.71
103.02	5.58	40.90
103.07	5.58	41.15
103.37	5.58	41.43
103.78	5.58	41.73
104.22	5.58	42.01
104.66	5.58	42.27
105.00	5.58	42.45
105.14	5.58	42.53
105.21	5.58	42.53
105.19	5.58	42.47
105.09	5.58	42.34
104.90	5.58	42.09
104.60	5.58	41.75
104.24	5.58	41.35
103.83	5.58	40.93
103.36	5.58	40.50
102.86	5.58	40.10
102.32	5.58	39.74
101.77	5.58	39.41
101.21	5.58	39.10
100.65	5.58	38.83
100.04	5.58	38.55
99.44	5.58	38.31
98.92	5.58	38.16
98.51	5.58	38.13
98.23	5.58	38.24
98.31	5.58	38.76
98.55	5.58	39.42
98.92	5.59	40.16
99.39	5.59	40.95
99.94	5.59	41.69
100.56	5.59	42.35
101.20	5.59	42.96
101.86	5.59	43.51
102.51	5.60	44.01
103.10	5.60	44.43
103.64	5.60	44.76
104.11	5.60	44.99
104.50	5.60	45.10
104.75	5.61	45.01
104.86	5.61	44.73
104.87	5.61	44.32
104.79	5.61	43.82
104.63	5.61	43.24
104.39	5.61	42.59
104.08	5.62	41.89
103.71	5.62	41.18
103.31	5.62	40.48
102.89	5.62	39.82
102.47	5.62	39.28
102.04	5.62	38.82
101.62	5.63	38.44
101.20	5.63	38.15
100.79	5.63	37.96
100.33	5.63	37.91
99.91	5.63	37.97
99.56	5.63	38.12
99.31	5.63	38.37
99.21	5.63	38.71
99.44	5.63	39.21
99.79	5.63	39.76
100.23	5.63	40.35
100.74	5.63	40.96
101.25	5.63	41.53
101.72	5.63	42.04
102.21	5.63	42.52
102.72	5.63	42.95
103.23	5.63	43.34
103.85	5.63	43.71
104.45	5.63	44.00
104.99	5.63	44.20
105.45	5.63	44.30
105.72	5.63	44.21
105.75	5.63	43.90
105.65	5.63	43.48
105.45	5.63	42.99
105.16	5.62	42.43
104.81	5.62	41.84
104.40	5.62	41.25
103.95	5.62	40.67
103.46	5.62	40.12
102.95	5.62	39.62
102.30	5.62	39.20
101.65	5.62	38.87
101.08	5.62	38.65
100.64	5.62	38.56
100.42	5.62	38.64
100.87	5.62	39.19
101.48	5.62	39.83
102.14	5.61	40.48
102.79	5.61	41.07
103.18	5.61	41.31
103.28	5.60	41.20
103.25	5.60	40.97
103.09	5.60	40.65
102.81	5.60	40.27
102.38	5.59	40.02
101.85	5.59	39.76
101.24	5.59	39.48
100.57	5.58	39.16
99.85	5.58	38.75
99.07	5.58	38.13
98.30	5.58	37.54
97.55	5.57	37.05
96.85	5.57	36.72
96.20	5.57	36.85
95.65	5.57	37.31
95.24	5.56	37.93
95.03	5.56	38.66
95.12	5.56	39.44
95.83	5.55	40.22
96.68	5.55	40.96
97.58	5.55	41.63
98.42	5.55	42.20
98.75	5.54	42.43
98.78	5.54	42.46
98.73	5.54	42.39
98.63	5.53	42.23
98.59	5.53	42.05
98.73	5.53	41.90
98.95	5.53	41.75
99.24	5.52	41.64
99.61	5.52	41.57
100.04	5.52	41.56
100.55	5.51	41.63
101.19	5.51	41.80
102.00	5.51	42.10
103.08	5.51	42.62
104.64	5.51	43.52
106.27	5.50	44.47
107.87	5.50	45.37
109.31	5.50	46.14
110.16	5.50	46.36
110.73	5.50	46.36
111.08	5.50	46.18
111.22	5.50	45.86
111.14	5.50	45.42
110.87	5.50	44.90
110.47	5.50	44.30
109.95	5.50	43.67
109.35	5.49	43.02
108.70	5.49	42.37
108.02	5.49	41.75
107.36	5.49	41.20
106.75	5.49	40.74
106.25	5.49	40.45
105.93	5.49	40.43
105.72	5.49	40.51
105.60	5.49	40.68
105.58	5.49	40.91
105.64	5.49	41.11
105.79	5.48	41.32
106.03	5.48	41.57
106.35	5.48	41.84
106.79	5.48	42.20
107.35	5.48	42.65
107.96	5.48	43.09
108.56	5.48	43.48
109.13	5.48	43.80
109.56	5.48	43.88
109.91	5.48	43.85
110.16	5.48	43.72
110.30	5.47	43.48
110.28	5.47	43.12
110.09	5.47	42.63
109.79	5.47	42.09
109.37	5.47	41.51
108.86	5.47	40.91
108.18	5.47	40.32
107.42	5.47	39.76
106.64	5.47	39.25
105.89	5.47	38.82
105.20	5.46	38.49
104.76	5.46	38.40
104.43	5.46	38.42
104.21	5.46	38.53
104.09	5.46	38.71
104.09	5.46	38.96
104.20	5.46	39.26
104.41	5.46	39.60
104.69	5.45	39.94
105.06	5.45	40.28
105.60	5.45	40.62
106.18	5.45	40.93
106.73	5.45	41.17
107.22	5.45	41.33
107.48	5.44	41.36
107.50	5.44	41.23
107.39	5.44	40.99
107.17	5.44	40.66
106.85	5.44	40.24
106.45	5.44	39.65
105.98	5.43	39.00
105.45	5.43	38.33
104.88	5.43	37.68
104.29	5.43	37.11
103.72	5.43	36.74
103.14	5.43	36.43
102.55	5.42	36.18
101.94	5.42	35.98
101.29	5.42	35.81
100.59	5.42	35.65
99.92	5.42	35.54
99.33	5.42	35.49
98.82	5.42	35.50
98.50	5.42	35.53
98.34	5.42	35.62
98.32	5.42	35.83
98.44	5.42	36.16
98.75	5.43	36.70
99.34	5.43	37.63
100.03	5.43	38.66
100.77	5.43	39.71
101.51	5.44	40.72
102.10	5.44	41.46
102.58	5.44	42.01
103.00	5.44	42.44
103.35	5.45	42.76
103.63	5.45	42.94
103.83	5.45	43.00
103.94	5.45	42.95
103.97	5.45	42.80
103.92	5.46	42.56
103.72	5.46	42.21
103.42	5.46	41.79
103.06	5.46	41.34
102.64	5.47	40.87
102.18	5.47	40.42
101.67	5.47	40.05
101.15	5.48	39.73
100.65	5.49	39.46
100.19	5.49	39.25
99.80	5.50	39.13
99.51	5.51	39.12
99.31	5.51	39.19
99.20	5.52	39.33
99.18	5.53	39.55
99.35	5.53	39.87
99.66	5.54	40.28
100.04	5.55	40.71
100.47	5.55	41.16
100.92	5.56	41.59
101.31	5.57	41.94
101.70	5.57	42.25
102.08	5.58	42.50
102.45	5.59	42.68
102.81	5.60	42.74
103.17	5.60	42.66
103.48	5.61	42.52
103.75	5.62	42.33
103.95	5.62	42.12
104.03	5.63	41.97
104.01	5.64	41.82
103.92	5.65	41.66
103.76	5.65	41.46
103.54	5.66	41.22
103.21	5.67	40.80
102.83	5.67	40.34
102.40	5.68	39.87
101.94	5.69	39.41
101.46	5.69	38.99
100.96	5.70	38.72
100.47	5.71	38.52
100.00	5.72	38.38
99.57	5.72	38.31
99.19	5.73	38.30
98.90	5.73	38.34
98.69	5.73	38.45
98.57	5.73	38.64
98.53	5.73	38.92
98.61	5.73	39.34
98.85	5.72	39.94
99.18	5.72	40.61
99.59	5.72	41.29
100.06	5.72	41.97
100.61	5.71	42.54
101.21	5.71	43.04
101.81	5.71	43.49
102.39	5.70	43.88
102.91	5.70	44.24
103.33	5.70	44.58
103.68	5.69	44.84
103.96	5.69	45.01
104.16	5.69	45.07
104.26	5.68	44.91
104.27	5.68	44.60
104.21	5.68	44.20
104.09	5.67	43.75
103.90	5.67	43.26
103.67	5.67	42.87
103.38	5.66	42.45
103.04	5.66	42.02
102.66	5.66	41.57
102.23	5.66	41.09
101.75	5.65	40.51
101.23	5.65	39.92
100.68	5.65	39.33
100.10	5.64	38.76
99.49	5.64	38.23
98.81	5.64	37.75
98.14	5.63	37.33
97.50	5.63	36.99
96.92	5.63	36.73
96.45	5.62	36.59
96.12	5.62	36.58
95.90	5.62	36.69
95.81	5.62	36.91
95.85	5.62	37.24
96.10	5.62	37.74
96.53	5.62	38.36
97.08	5.62	39.06
97.72	5.62	39.82
98.45	5.61	40.61
99.27	5.61	41.45
100.11	5.61	42.25
100.94	5.61	42.99
101.73	5.61	43.63
102.38	5.61	44.03
102.93	5.61	44.29
103.40	5.61	44.43
103.76	5.61	44.47
104.00	5.61	44.42
104.11	5.60	44.28
104.12	5.60	44.07
104.04	5.60	43.77
103.87	5.60	43.39
103.60	5.60	42.86
103.25	5.60	42.29
102.85	5.60	41.71
102.41	5.60	41.16
101.92	5.60	40.72
101.41	5.60	40.46
100.89	5.60	40.27
100.38	5.60	40.12
99.91	5.60	40.01
99.49	5.60	39.84
99.14	5.60	39.66
98.87	5.61	39.55
98.70	5.61	39.53
98.64	5.61	39.65
98.80	5.61	40.08
99.06	5.62	40.61
99.42	5.62	41.21
99.86	5.62	41.86
100.37	5.62	42.48
100.94	5.63	43.07
101.55	5.63	43.63
102.19	5.63	44.13
102.85	5.63	44.53
103.54	5.64	44.79
104.21	5.64	44.98
104.84	5.64	45.08
105.42	5.64	45.12
105.85	5.65	45.10
106.20	5.65	45.01
106.48	5.65	44.86
106.68	5.65	44.64
106.80	5.66	44.35
106.84	5.66	43.99
106.81	5.66	43.56
106.69	5.66	43.09
106.51	5.67	42.57
106.20	5.67	41.92
105.82	5.67	41.23
105.39	5.67	40.55
104.93	5.68	39.91
104.45	5.68	39.36
104.04	5.68	39.16
103.62	5.68	39.04
103.21	5.68	38.97
102.81	5.68	38.90
102.38	5.69	38.74
101.86	5.69	38.28
101.40	5.69	37.85
101.02	5.69	37.50
100.78	5.69	37.28
100.84	5.69	37.48
101.15	5.69	38.01
101.59	5.69	38.68
102.12	5.70	39.42
102.68	5.70	40.18
103.19	5.70	40.80
103.72	5.70	41.40
104.27	5.70	41.97
104.84	5.70	42.52
105.45	5.70	43.05
106.07	5.71	43.54
106.66	5.71	43.96
107.20	5.71	44.31
107.64	5.71	44.54
107.96	5.71	44.64
108.20	5.71	44.65
108.38	5.71	44.58
108.48	5.72	44.42
108.57	5.72	44.18
108.58	5.72	43.88
108.51	5.72	43.50
108.35	5.72	43.07
108.07	5.72	42.57
107.63	5.72	41.97
107.10	5.73	41.36
106.50	5.73	40.75
105.84	5.73	40.16
105.13	5.73	39.66
104.39	5.73	39.26
103.65	5.73	38.92
102.93	5.73	38.65
102.24	5.73	38.46
101.63	5.73	38.38
101.11	5.73	38.39
100.66	5.73	38.47
100.31	5.73	38.61
100.06	5.73	38.82
99.97	5.72	39.05
99.99	5.71	39.34
100.12	5.71	39.70
100.34	5.70	40.13
100.69	5.69	40.70
101.16	5.68	41.38
101.67	5.67	42.11
102.20	5.66	42.85
102.68	5.66	43.60
103.09	5.65	44.33
103.46	5.64	44.95
103.78	5.63	45.41
103.92	5.62	45.46
103.97	5.62	45.20
104.07	5.61	44.82
104.31	5.60	44.40
105.13	5.59	44.24
106.33	5.59	44.24
107.69	5.58	44.30
109.12	5.57	44.39
110.53	5.56	44.49
111.66	5.55	44.54
112.56	5.55	44.55
113.32	5.54	44.52
113.93	5.53	44.44
114.39	5.52	44.29
114.61	5.51	44.00
114.62	5.51	43.60
114.48	5.50	43.15
114.22	5.49	42.66
113.85	5.48	42.14
113.42	5.47	41.68
112.92	5.47	41.26
112.35	5.46	40.82
111.73	5.45	40.37
111.07	5.44	39.90
110.36	5.43	39.33
109.62	5.43	38.68
108.87	5.42	38.02
108.11	5.41	37.39
107.36	5.40	36.81
106.63	5.40	36.37
105.93	5.39	36.07
105.27	5.38	35.84
104.64	5.37	35.66
104.05	5.36	35.53
103.45	5.35	35.29
102.90	5.34	35.07
102.46	5.34	34.94
102.16	5.33	34.95
102.06	5.32	35.16
102.31	5.33	35.83
102.74	5.33	36.64
103.32	5.34	37.54
104.02	5.34	38.48
104.81	5.35	39.33
105.68	5.36	40.13
106.59	5.37	40.89
107.53	5.38	41.60
108.47	5.39	42.25
109.39	5.40	42.83
110.26	5.40	43.34
111.07	5.41	43.75
111.76	5.42	44.05
112.27	5.43	44.22
112.71	5.44	44.29
113.09	5.45	44.26
113.45	5.46	44.15
113.92	5.47	43.96
114.36	5.48	43.69
114.77	5.49	43.35
115.13	5.49	42.94
115.42	5.50	42.44
115.62	5.51	41.84
115.73	5.52	41.21
115.77	5.53	40.57
115.71	5.54	39.93
115.51	5.55	39.38
115.18	5.55	38.92
114.78	5.56	38.49
114.33	5.57	38.07
113.84	5.58	37.67
113.38	5.59	37.21
112.93	5.60	36.72
112.48	5.61	36.26
112.02	5.61	35.85
111.55	5.62	35.51
111.06	5.63	35.33
110.56	5.64	35.28
110.08	5.65	35.29
109.63	5.66	35.37
109.22	5.66	35.49
108.84	5.67	35.57
108.52	5.67	35.67
108.27	5.67	35.84
108.13	5.68	36.09
108.10	5.68	36.43
108.24	5.67	37.00
108.51	5.67	37.64
108.90	5.67	38.34
109.41	5.67	39.08
110.11	5.66	39.83
110.94	5.66	40.58
111.82	5.65	41.29
112.71	5.65	41.95
113.54	5.65	42.51
114.26	5.64	42.96
114.89	5.64	43.29
115.41	5.64	43.48
115.78	5.63	43.52
115.86	5.63	43.21
115.77	5.63	42.73
115.57	5.62	42.17
115.27	5.62	41.56
114.94	5.61	41.01
114.62	5.61	40.61
114.27	5.61	40.25
113.88	5.60	39.91
113.46	5.60	39.61
113.00	5.60	39.33
112.52	5.59	39.07
112.02	5.59	38.84
111.52	5.58	38.65
111.03	5.58	38.51
110.52	5.58	38.41
110.05	5.57	38.36
109.62	5.57	38.36
109.24	5.57	38.41
108.96	5.56	38.53
108.80	5.56	38.70
108.72	5.56	38.93
108.72	5.57	39.22
108.81	5.57	39.56
109.02	5.57	39.98
109.30	5.57	40.45
109.64	5.57	40.97
110.02	5.57	41.53
110.43	5.57	42.19
110.85	5.58	42.93
111.27	5.58	43.65
111.68	5.58	44.32
112.08	5.58	44.85
112.42	5.58	45.10
112.73	5.58	45.23
112.98	5.59	45.26
113.17	5.59	45.19
113.28	5.59	45.08
113.30	5.59	44.92
113.24	5.59	44.69
113.09	5.59	44.41
112.84	5.59	44.06
112.43	5.60	43.62
111.94	5.60	43.14
111.40	5.60	42.64
110.81	5.60	42.13
110.21	5.60	41.64
109.64	5.60	41.22
109.05	5.61	40.81
108.46	5.61	40.42
107.85	5.61	40.03
107.22	5.61	39.62
106.57	5.61	39.19
105.92	5.61	38.77
105.27	5.61	38.39
104.64	5.61	38.04
104.01	5.61	37.74
103.40	5.61	37.51
102.84	5.61	37.34
102.35	5.61	37.25
101.95	5.61	37.25
101.70	5.61	37.40
101.59	5.61	37.66
101.59	5.60	38.02
101.71	5.60	38.46
101.94	5.60	38.98
102.33	5.60	39.61
102.81	5.60	40.29
103.36	5.60	41.00
103.98	5.60	41.71
104.66	5.60	42.40
105.36	5.60	43.05
106.06	5.60	43.66
106.73	5.59	44.21
107.33	5.59	44.69
107.84	5.59	45.08
108.25	5.59	45.37
108.55	5.59	45.52
108.72	5.59	45.51
108.65	5.59	45.17
108.45	5.59	44.70
108.15	5.59	44.15
107.75	5.59	43.57
107.29	5.58	43.04
106.77	5.58	42.61
106.20	5.58	42.21
105.60	5.58	41.84
104.99	5.58	41.51
104.34	5.58	41.23
103.71	5.58	40.99
103.11	5.58	40.80
102.55	5.58	40.66
102.07	5.58	40.57
101.73	5.59	40.54
101.47	5.59	40.57
101.32	5.59	40.67
101.26	5.59	40.84
101.32	5.60	41.11
101.51	5.60	41.49
101.79	5.60	41.92
102.16	5.60	42.40
102.60	5.61	42.90
103.18	5.61	43.45
103.80	5.61	43.99
104.41	5.61	44.49
104.99	5.62	44.93
105.46	5.62	45.22
105.79	5.62	45.37
106.02	5.62	45.40
106.15	5.63	45.32
106.17	5.63	45.14
105.99	5.63	44.78
105.69	5.64	44.31
105.32	5.64	43.78
104.90	5.64	43.20
104.47	5.64	42.60
104.15	5.65	42.05
103.83	5.65	41.51
103.50	5.65	40.99
103.15	5.65	40.50
102.78	5.66	40.04
102.34	5.66	39.63
101.88	5.66	39.27
101.42	5.66	38.97
100.95	5.66	38.74
100.46	5.66	38.57
99.93	5.66	38.49
99.45	5.66	38.49
99.05	5.66	38.59
98.77	5.66	38.80
98.75	5.66	39.18
98.93	5.66	39.71
99.24	5.66	40.31
99.65	5.66	40.96
100.15	5.66	41.61
100.73	5.66	42.21
101.35	5.66	42.80
102.01	5.66	43.40
102.67	5.66	44.00
103.30	5.67	44.64
103.90	5.67	45.27
104.47	5.67	45.87
105.01	5.67	46.42
105.50	5.67	46.90
105.96	5.67	47.28
106.35	5.67	47.58
106.67	5.67	47.78
106.90	5.67	47.84
106.95	5.67	47.69
106.94	5.67	47.45
106.90	5.67	47.15
106.85	5.67	46.82
106.94	5.67	46.59
107.07	5.67	46.40
107.20	5.67	46.21
107.30	5.67	46.02
107.34	5.67	45.82
107.23	5.67	45.62
107.06	5.67	45.41
106.82	5.67	45.16
106.54	5.67	44.89
106.22	5.67	44.55
105.86	5.68	44.12
105.47	5.68	43.66
105.05	5.68	43.16
104.61	5.68	42.65
104.16	5.68	42.14
103.71	5.68	41.65
103.26	5.68	41.17
102.80	5.68	40.70
102.33	5.68	40.24
101.86	5.68	39.79
101.35	5.68	39.36
100.84	5.68	38.95
100.35	5.68	38.57
99.89	5.68	38.23
99.46	5.68	37.93
99.16	5.69	37.71
98.90	5.70	37.53
98.67	5.71	37.39
98.46	5.72	37.28
98.25	5.73	37.19
97.92	5.75	37.04
97.59	5.76	36.91
97.30	5.77	36.84
97.08	5.78	36.85
96.98	5.80	37.00
97.10	5.81	37.38
97.30	5.82	37.82
97.54	5.84	38.30
97.81	5.85	38.79
98.02	5.86	39.14
98.20	5.87	39.42
98.38	5.89	39.69
98.58	5.90	39.95
98.78	5.91	40.23
99.00	5.92	40.56
99.23	5.94	40.89
99.48	5.95	41.23
99.73	5.96	41.57
99.98	5.98	41.89
100.24	5.99	42.21
100.53	6.00	42.54
100.82	6.02	42.89
101.11	6.02	43.21
101.42	6.03	43.56
101.79	6.03	43.97
102.23	6.03	44.44
102.83	6.03	45.12
103.57	6.03	45.94
104.40	6.02	46.81
105.30	6.02	47.68
106.29	6.01	48.48
107.36	6.00	49.16
108.43	5.99	49.76
109.47	5.99	50.26
110.42	5.98	50.63
111.23	5.97	50.84
111.94	5.96	50.95
112.58	5.96	50.95
113.14	5.95	50.84
113.63	5.94	50.57
114.04	5.94	50.25
114.36	5.93	49.89
114.60	5.92	49.54
114.70	5.91	49.35
114.70	5.91	49.23
114.66	5.90	49.11
114.61	5.89	48.98
114.59	5.88	48.79
114.68	5.88	48.46
114.79	5.87	48.11
114.90	5.86	47.75
115.00	5.86	47.39
115.09	5.85	47.12
115.16	5.84	46.93
115.20	5.83	46.75
115.19	5.83	46.54
115.15	5.82	46.29
115.02	5.81	45.89
114.82	5.81	45.37
114.56	5.80	44.81
114.25	5.79	44.23
113.89	5.78	43.66
113.48	5.78	43.16
113.03	5.77	42.77
112.53	5.76	42.40
111.97	5.75	42.03
111.37	5.75	41.67
110.70	5.74	41.28
109.94	5.73	40.80
109.14	5.72	40.31
108.30	5.72	39.83
107.45	5.71	39.36
106.59	5.70	38.90
105.75	5.70	38.52
104.92	5.69	38.16
104.10	5.69	37.84
103.31	5.68	37.54
102.53	5.68	37.28
101.73	5.68	36.98
100.97	5.68	36.70
100.28	5.68	36.50
99.68	5.69	36.38
99.21	5.69	36.37
99.01	5.69	36.62
98.96	5.70	37.00
99.02	5.70	37.48
99.20	5.70	38.02
99.46	5.70	38.61
99.79	5.71	39.21
100.18	5.71	39.83
100.62	5.71	40.46
101.11	5.71	41.09
101.59	5.72	41.70
102.08	5.72	42.30
102.60	5.72	42.86
103.15	5.72	43.37
103.74	5.73	43.79
104.37	5.73	44.13
105.00	5.73	44.40
105.62	5.74	44.61
106.20	5.74	44.75
106.73	5.74	44.83
107.21	5.74	44.84
107.63	5.75	44.78
107.98	5.75	44.64
108.25	5.75	44.36
108.44	5.76	44.00
108.54	5.76	43.60
108.55	5.76	43.17
108.46	5.76	42.75
108.19	5.77	42.46
107.83	5.77	42.17
107.40	5.77	41.89
106.91	5.77	41.59
106.40	5.78	41.24
105.88	5.78	40.76
105.35	5.78	40.26
104.82	5.79	39.79
104.28	5.79	39.36
103.76	5.79	39.06
103.28	5.79	38.96
102.81	5.79	38.91
102.35	5.79	38.91
101.90	5.79	38.93
101.43	5.79	38.89
100.95	5.79	38.80
100.50	5.79	38.72
100.11	5.79	38.68
99.79	5.79	38.68
99.58	5.79	38.75
99.48	5.79	38.90
99.48	5.79	39.13
99.60	5.79	39.45
99.86	5.79	39.88
100.34	5.79	40.49
100.92	5.79	41.18
101.57	5.79	41.92
102.26	5.79	42.69
102.94	5.79	43.47
103.61	5.79	44.23
104.27	5.79	44.94
104.91	5.79	45.59
105.51	5.79	46.12
106.06	5.79	46.52
106.55	5.79	46.82
106.99	5.79	47.02
107.36	5.79	47.09
107.63	5.79	47.02
107.84	5.79	46.87
107.98	5.79	46.65
108.05	5.79	46.38
108.05	5.79	46.08
107.99	5.79	45.76
107.86	5.79	45.44
107.66	5.79	45.14