0.387368	0.614444	0.097297
0.376301	0.614444	0.081424
0.357645	0.614444	0.070194
0.341673	0.614444	0.067529
0.338193	0.618889	0.077008
0.344158	0.622222	0.091740
0.356054	0.626667	0.107956
0.369143	0.631111	0.124971
0.385479	0.635555	0.138218
0.403373	0.640000	0.147735
0.417158	0.645555	0.158241
0.426370	0.650000	0.156148
0.430082	0.653333	0.140579
0.425210	0.658889	0.129311
0.417589	0.663333	0.119185
0.413016	0.666667	0.105101
0.402247	0.671111	0.090598
0.386938	0.675555	0.080244
0.381702	0.680000	0.081919
0.380608	0.683333	0.089760
0.378554	0.684444	0.097906
0.385314	0.682222	0.109859
0.398171	0.676667	0.123449
0.411227	0.671111	0.136315
0.420969	0.664444	0.150742
0.429154	0.657778	0.159726
0.436377	0.651111	0.158774
0.436477	0.644444	0.154130
0.430015	0.637778	0.147050
0.418815	0.631111	0.137876
0.404633	0.624444	0.124286
0.388429	0.617778	0.107537
0.370866	0.611111	0.091740
0.352542	0.605555	0.079901
0.335443	0.600000	0.075295
0.331732	0.600000	0.085421
0.340347	0.603333	0.106433
0.352078	0.608889	0.127217
0.366426	0.612222	0.143091
0.381238	0.616667	0.156681
0.393764	0.620000	0.169509
0.401186	0.625555	0.171641
0.401584	0.628889	0.165207
0.395586	0.633333	0.153255
0.387534	0.636667	0.138561
0.377460	0.641111	0.120442
0.365332	0.645555	0.099277
0.350951	0.648889	0.081576
0.337199	0.652222	0.070613
0.328186	0.656667	0.067948
0.320565	0.660000	0.068710
0.321029	0.661111	0.077274
0.340844	0.657778	0.103274
0.368414	0.654444	0.139665
0.395222	0.650000	0.167149
0.411757	0.645555	0.170346
0.408642	0.642222	0.152455
0.409305	0.637778	0.138751
0.414872	0.633333	0.131976
0.417722	0.630000	0.125847
0.417224	0.625555	0.118081
0.412652	0.621111	0.106662
0.402545	0.616667	0.089570
0.388429	0.613333	0.070727
0.372788	0.608889	0.057366
0.356584	0.604444	0.046974
0.341341	0.600000	0.038218
0.331599	0.596667	0.035744
0.327523	0.592222	0.039703
0.325535	0.588889	0.047164
0.323249	0.583333	0.052227
0.323878	0.581111	0.057785
0.340844	0.581111	0.083746
0.367221	0.581111	0.112676
0.398568	0.584444	0.136049
0.431241	0.584444	0.153559
0.445159	0.586667	0.145756
0.451322	0.587778	0.132356
0.456989	0.590000	0.123525
0.460203	0.591111	0.113133
0.457220	0.593333	0.099886
0.446252	0.594444	0.083365
0.429253	0.595555	0.065169
0.409603	0.597778	0.048915
0.392703	0.597778	0.040921
0.377030	0.601111	0.036696
0.361323	0.601111	0.031823
0.350222	0.603333	0.031900
0.344622	0.604444	0.038104
0.341109	0.604444	0.047354
0.344887	0.605555	0.062695
0.358572	0.607778	0.084621
0.377361	0.607778	0.107880
0.392538	0.607778	0.125162
0.403009	0.607778	0.137229
0.413447	0.610000	0.149753
0.416959	0.611111	0.148839
0.414706	0.611111	0.141302
0.409868	0.611111	0.136924
0.403009	0.612222	0.132090
0.393664	0.614444	0.125885
0.380940	0.614444	0.117587
0.366393	0.614444	0.109555
0.351415	0.614444	0.102322
0.335310	0.616667	0.088161
0.322188	0.617778	0.075638
0.317251	0.617778	0.078340
0.313772	0.617778	0.085459
0.314600	0.617778	0.095089
0.330439	0.616667	0.112790
0.352542	0.614444	0.134678
0.375638	0.612222	0.155310
0.397144	0.611111	0.168633
0.413778	0.607778	0.170194
0.413712	0.606667	0.162695
0.406687	0.604444	0.150818
0.404533	0.602222	0.139132
0.400524	0.601111	0.131329
0.393598	0.597778	0.123449
0.383524	0.596667	0.110278
0.369806	0.594444	0.093529
0.354563	0.592222	0.075752
0.343330	0.591111	0.060221
0.332328	0.587778	0.048040
0.318941	0.586667	0.040426
0.312380	0.584444	0.040959
0.315296	0.584444	0.050400
0.326894	0.585555	0.067263
0.345318	0.587778	0.085915
0.364338	0.590000	0.102779
0.377593	0.591111	0.115112
0.383359	0.594444	0.118424
0.385016	0.596667	0.113628
0.384187	0.597778	0.105177
0.380012	0.601111	0.100685
0.372059	0.602222	0.094937
0.360594	0.604444	0.084888
0.346941	0.606667	0.072935
0.333057	0.607778	0.061363
0.320863	0.607778	0.052760
0.308238	0.607778	0.048040
0.298330	0.607778	0.050095
0.302107	0.605555	0.065284
0.315594	0.604444	0.087628
0.334051	0.603333	0.109745
0.355159	0.601111	0.126113
0.369375	0.601111	0.134260
0.373683	0.597778	0.133879
0.371960	0.597778	0.126456
0.364139	0.595555	0.114008
0.351779	0.594444	0.100076
0.338458	0.594444	0.090217
0.325900	0.597778	0.086943
0.317218	0.602222	0.092311
0.320830	0.605555	0.108108
0.334051	0.610000	0.129121
0.351084	0.613333	0.148649
0.365896	0.618889	0.162162
0.377494	0.622222	0.172212
0.386242	0.626667	0.180206
0.392538	0.630000	0.180129
0.394360	0.634444	0.169775
0.390218	0.638889	0.149791
0.382762	0.642222	0.134754
0.383524	0.647778	0.130415
0.412751	0.653333	0.136544
0.440983	0.660000	0.142901
0.453045	0.665555	0.141949
0.457121	0.672222	0.132470
0.484989	0.677778	0.144233
0.509941	0.684444	0.160411
0.513487	0.691111	0.163494
0.516602	0.696667	0.164560
0.521506	0.693333	0.170156
0.521671	0.680000	0.161820
0.513884	0.661111	0.147621
0.501027	0.643333	0.141340
0.489396	0.624444	0.147012
0.466300	0.607778	0.133080
0.436079	0.587778	0.109022
0.417224	0.570000	0.116863
0.420936	0.558889	0.135630
0.438763	0.557778	0.150552
0.447346	0.560000	0.155463
0.453542	0.563333	0.166502
0.460600	0.566667	0.176780
0.468222	0.568889	0.176209
0.472033	0.572222	0.176056
0.468586	0.574444	0.166616
0.477136	0.577778	0.163114
0.512691	0.581111	0.182870
0.519849	0.584444	0.177693
0.509577	0.586667	0.160373
0.496488	0.590000	0.148268
0.483365	0.592222	0.149753
0.478196	0.594444	0.153902
0.480847	0.597778	0.157290
0.482206	0.600000	0.165246
0.481013	0.602222	0.169319
0.479323	0.604444	0.169737
0.482769	0.607778	0.177046
0.490125	0.610000	0.180624
0.498741	0.612222	0.174648
0.503512	0.614444	0.162695
0.502021	0.616667	0.150514
0.493240	0.618889	0.142786
0.480714	0.621111	0.132547
0.466830	0.623333	0.118843
0.453973	0.630000	0.104758
0.439525	0.637778	0.094633
0.422029	0.645555	0.092844
0.415866	0.654444	0.100457
0.421632	0.662222	0.115150
0.428855	0.671111	0.130948
0.436411	0.678889	0.144461
0.443767	0.687778	0.154054
0.450394	0.695555	0.160373
0.453012	0.704444	0.164408
0.452250	0.714444	0.166578
0.453443	0.721111	0.167187
0.452184	0.731111	0.162048
0.446517	0.741111	0.151960
0.439393	0.747778	0.147240
0.431639	0.757778	0.141606
0.423620	0.764444	0.128169
0.416628	0.774444	0.116673
0.410233	0.781111	0.110544
0.401650	0.791111	0.108869
0.395222	0.797778	0.110354
0.393863	0.806667	0.114008
0.388959	0.811111	0.119833
0.389125	0.814444	0.129463
0.403605	0.813333	0.145032
0.415534	0.811111	0.166121
0.431672	0.811111	0.189874
0.453112	0.811111	0.208793
0.462821	0.811111	0.211458
0.467957	0.811111	0.205634
0.469415	0.810000	0.194785
0.463119	0.807778	0.179025
0.453045	0.807778	0.162352
0.441017	0.807778	0.147697
0.423156	0.807778	0.134298
0.409470	0.810000	0.129958
0.410895	0.811111	0.142558
0.421068	0.814444	0.160297
0.435284	0.815555	0.177884
0.449400	0.817778	0.193415
0.459441	0.820000	0.201256
0.466532	0.821111	0.209250
0.473888	0.824444	0.227750
0.478792	0.825555	0.232585
0.477467	0.827778	0.225314
0.466201	0.830000	0.216901
0.452084	0.831111	0.205215
0.437935	0.834444	0.190103
0.421466	0.835555	0.173049
0.400954	0.837778	0.155729
0.374080	0.838889	0.139970
0.357247	0.841111	0.131367
0.357678	0.842222	0.133194
0.361290	0.844444	0.143319
0.372656	0.846667	0.158965
0.393764	0.847778	0.176437
0.411757	0.850000	0.190445
0.424084	0.851111	0.189265
0.430744	0.854444	0.177008
0.432699	0.854444	0.175067
0.431407	0.857778	0.166730
0.426436	0.858889	0.147925
0.413215	0.861111	0.140236
0.397972	0.861111	0.137724
0.388230	0.863333	0.134412
0.390119	0.864444	0.145908
0.400225	0.864444	0.166692
0.412287	0.864444	0.185268
0.424945	0.864444	0.197982
0.436841	0.864444	0.208451
0.446981	0.864444	0.219604
0.457386	0.866667	0.222078
0.462224	0.867778	0.214960
0.455000	0.867778	0.200228
0.440752	0.867778	0.183517
0.422659	0.867778	0.167377
0.403373	0.867778	0.152303
0.386242	0.867778	0.141683
0.375240	0.867778	0.138637
0.379913	0.867778	0.146821
0.391875	0.867778	0.156719
0.396746	0.867778	0.155424
0.395818	0.867778	0.149334
0.389191	0.867778	0.141112
0.376301	0.867778	0.130034
0.360296	0.867778	0.122497
0.346279	0.871111	0.124096
0.346809	0.872222	0.131519
0.358341	0.875555	0.146022
0.371131	0.877778	0.168595
0.386440	0.881111	0.187400
0.399198	0.883333	0.197830
0.404334	0.886667	0.199124
0.406985	0.888889	0.192577
0.406919	0.892222	0.184774
0.402876	0.894444	0.182375
0.395785	0.897778	0.177884
0.386672	0.900000	0.169128
0.376566	0.902222	0.159307
0.367221	0.905555	0.147735
0.360528	0.907778	0.132356
0.351084	0.911111	0.121584
0.338260	0.913333	0.120784
0.338790	0.914444	0.127522
0.351316	0.917778	0.138561
0.368679	0.918889	0.150666
0.389887	0.921111	0.172821
0.415269	0.923333	0.196574
0.445258	0.925555	0.207195
0.477467	0.927778	0.204796
0.505401	0.931111	0.199391
0.523361	0.932222	0.200381
0.532573	0.934444	0.202398
0.532308	0.936667	0.201561
0.520213	0.937778	0.193072
0.505434	0.941111	0.185268
0.494102	0.943333	0.183137
0.479024	0.944444	0.175904
0.468520	0.943333	0.175371
0.472298	0.941111	0.194024
0.480847	0.937778	0.204644
0.498244	0.934444	0.209402
0.526907	0.931111	0.216254
0.549142	0.927778	0.214732
0.562927	0.925555	0.211420
0.568030	0.922222	0.210735
0.559679	0.918889	0.199467
0.539665	0.915555	0.181957
0.511863	0.912222	0.166730
0.489993	0.911111	0.156452
0.479753	0.914444	0.153750
0.473689	0.918889	0.161287
0.477169	0.922222	0.178721
0.492080	0.926667	0.200914
0.503413	0.932222	0.209593
0.514514	0.936667	0.221127
0.528100	0.942222	0.243966
0.532971	0.945555	0.234564
0.532640	0.950000	0.216102
0.532375	0.955555	0.217549
0.527636	0.958889	0.214732
0.518159	0.963333	0.206243
0.509311	0.966667	0.199619
0.527073	0.966667	0.215150
0.558022	0.963333	0.237648
0.581019	0.958889	0.248040
0.588773	0.953333	0.246289
0.589469	0.950000	0.240464
0.585261	0.945555	0.234564
0.574889	0.940000	0.229197
0.559083	0.935555	0.212752
0.538372	0.932222	0.185877
0.512426	0.926667	0.162809
0.488468	0.923333	0.150704
0.474153	0.923333	0.154625
0.472265	0.925555	0.167682
0.480880	0.930000	0.183061
0.492776	0.935555	0.193909
0.508682	0.941111	0.205405
0.526841	0.946667	0.216292
0.542614	0.952222	0.217891
0.551859	0.956667	0.219490
0.553947	0.962222	0.224629
0.554179	0.966667	0.227103
0.547584	0.970000	0.224096
0.530022	0.975555	0.214503
0.519352	0.980000	0.210316
0.515939	0.985555	0.211991
0.506892	0.987778	0.210620
0.509510	0.990000	0.217168
0.528332	0.987778	0.234793
0.542448	0.985555	0.251199
0.551793	0.982222	0.261439
0.559282	0.980000	0.262771
0.567367	0.976667	0.255234
0.574491	0.974444	0.250438
0.578534	0.971111	0.246250
0.577142	0.967778	0.233080
0.567897	0.965555	0.217396
0.550136	0.962222	0.203921
0.531082	0.960000	0.191511
0.511068	0.956667	0.180662
0.486049	0.954444	0.171108
0.473789	0.951111	0.175447
0.481841	0.948889	0.198820
0.491948	0.947778	0.228359
0.516999	0.947778	0.267948
0.551064	0.946667	0.292805
0.571343	0.944444	0.270346
0.595069	0.944444	0.261667
0.617437	0.944444	0.264218
0.630691	0.943333	0.264941
0.625489	0.941111	0.244994
0.605540	0.941111	0.215645
0.578269	0.941111	0.198021
0.557890	0.941111	0.194100
0.551561	0.936667	0.203350
0.549904	0.921111	0.218196
0.551693	0.897778	0.225428
0.555869	0.881111	0.221279
0.559414	0.861111	0.224781
0.560475	0.841111	0.223106
0.557492	0.821111	0.212828
0.548844	0.801111	0.207956
0.535622	0.781111	0.201408
0.518987	0.761111	0.186486
0.495560	0.741111	0.171641
0.476440	0.721111	0.168786
0.481775	0.705555	0.192767
0.499503	0.694444	0.216292
0.515541	0.684444	0.229654
0.519484	0.674444	0.236049
0.516171	0.664444	0.234374
0.507986	0.654444	0.226684
0.496256	0.644444	0.215417
0.481675	0.634444	0.195013
0.462224	0.624444	0.171070
0.430678	0.614444	0.159003
0.415369	0.604444	0.160792
0.436013	0.596667	0.175942
0.460998	0.594444	0.202741
0.482172	0.593333	0.221888
0.497946	0.591111	0.219680
0.505501	0.591111	0.213475
0.507489	0.591111	0.210544
0.504573	0.588889	0.209859
0.491384	0.587778	0.194024
0.471768	0.587778	0.170841
0.451753	0.586667	0.152874
0.433031	0.584444	0.142596
0.419378	0.584444	0.140769
0.417788	0.580000	0.144119
0.430844	0.572222	0.154739
0.454404	0.564444	0.169509
0.465770	0.557778	0.166654
0.461329	0.550000	0.152684
0.444330	0.542222	0.139018
0.436212	0.534444	0.133041
0.438266	0.527778	0.134298
0.440254	0.520000	0.137115
0.447677	0.512222	0.137419
0.458447	0.504444	0.132547
0.460733	0.497778	0.121622
0.455796	0.490000	0.108603
0.445457	0.482222	0.095813
0.430380	0.474444	0.079939
0.411127	0.467778	0.062467
0.387700	0.458889	0.045870
0.376731	0.454444	0.046174
0.386805	0.455555	0.067644
0.410332	0.457778	0.090179
0.429187	0.461111	0.101028
0.432434	0.463333	0.094557
0.427663	0.466667	0.077731
0.419942	0.467778	0.061972
0.414540	0.471111	0.057556
0.415402	0.473333	0.069128
0.439791	0.475555	0.095432
0.476871	0.477778	0.117510
0.477136	0.481111	0.104187
0.460236	0.484444	0.084583
0.441580	0.486667	0.066730
0.432269	0.487778	0.057594
0.439857	0.486667	0.068177
0.449201	0.483333	0.077313
0.447246	0.480000	0.073277
0.426668	0.475555	0.053864
0.399861	0.472222	0.037305
0.377659	0.468889	0.032280
0.370170	0.465555	0.041797
0.383558	0.462222	0.064218
0.408012	0.458889	0.088047
0.421698	0.454444	0.094975
0.419312	0.451111	0.084203
0.406985	0.447778	0.065512
0.396282	0.444444	0.053635
0.386142	0.440000	0.052417
0.384320	0.437778	0.064180
0.403738	0.436667	0.088085
0.429618	0.434444	0.108527
0.451554	0.434444	0.119680
0.463185	0.434444	0.120632
0.460866	0.434444	0.107918
0.449466	0.434444	0.087971
0.436841	0.434444	0.069699
0.419875	0.434444	0.049867
0.402313	0.434444	0.032813
0.398403	0.434444	0.035478
0.407482	0.434444	0.051960
0.422444	0.434444	0.069185
