103.13	6.00	44.34
103.08	6.00	43.83
102.84	6.00	43.34
102.45	6.00	42.87
101.93	6.00	42.43
101.33	6.00	42.04
100.68	6.00	41.70
100.02	6.00	41.44
99.38	6.00	41.25
98.80	6.00	41.15
98.33	6.00	41.16
98.13	6.00	41.38
98.03	6.01	41.67
98.04	6.01	42.04
98.14	6.02	42.47
98.35	6.02	42.91
98.65	6.02	43.34
99.01	6.03	43.80
99.43	6.03	44.28
99.88	6.04	44.76
100.29	6.04	45.27
100.72	6.05	45.78
101.17	6.05	46.27
101.66	6.05	46.73
102.21	6.06	47.12
102.82	6.06	47.43
103.45	6.07	47.71
104.06	6.07	47.96
104.66	6.08	48.21
105.16	6.08	48.59
105.62	6.09	48.93
106.03	6.09	49.20
106.39	6.10	49.39
106.70	6.10	49.35
106.96	6.11	49.02
107.16	6.11	48.60
107.30	6.11	48.11
107.35	6.12	47.59
107.29	6.12	47.18
107.09	6.13	46.90
106.83	6.13	46.64
106.55	6.14	46.38
106.25	6.14	46.11
106.02	6.15	45.78
105.90	6.15	45.37
105.77	6.15	44.95
105.61	6.16	44.52
105.41	6.16	44.09
105.06	6.17	43.66
104.52	6.17	43.24
103.96	6.17	42.85
103.41	6.18	42.53
102.91	6.18	42.29
102.60	6.19	42.21
102.48	6.19	42.30
102.43	6.20	42.47
102.43	6.20	42.70
102.44	6.20	42.96
102.35	6.21	43.18
102.22	6.21	43.39
102.13	6.21	43.62
102.10	6.21	43.88
102.16	6.21	44.17
102.44	6.21	44.54
102.79	6.20	44.93
103.20	6.20	45.34
103.65	6.19	45.75
104.10	6.19	46.13
104.56	6.18	46.50
105.00	6.18	46.87
105.44	6.17	47.24
105.81	6.16	47.65
106.12	6.16	48.11
106.40	6.15	48.53
106.67	6.14	48.91
106.91	6.14	49.22
107.23	6.13	49.33
107.52	6.12	49.36
107.78	6.12	49.32
107.98	6.11	49.23
108.08	6.10	49.11
108.07	6.10	48.98
107.98	6.09	48.82
107.82	6.08	48.64
107.60	6.08	48.42
107.33	6.07	48.20
106.99	6.06	47.96
106.61	6.06	47.70
106.19	6.05	47.40
105.74	6.04	47.07
105.26	6.04	46.67
104.76	6.03	46.21
104.24	6.02	45.72
103.69	6.02	45.23
103.13	6.01	44.73
102.55	6.00	44.24
101.96	6.00	43.77
101.36	5.99	43.34
100.75	5.98	42.94
100.16	5.98	42.59
99.52	5.97	42.29
98.86	5.97	42.06
98.26	5.96	41.91
97.75	5.96	41.87
97.37	5.95	41.95
97.27	5.95	42.27
97.38	5.96	42.77
97.61	5.96	43.35
97.93	5.96	43.99
98.29	5.97	44.65
98.64	5.97	45.27
99.03	5.98	45.88
99.46	5.98	46.47
99.91	5.99	47.02
100.40	5.99	47.46
100.91	5.99	47.85
101.42	6.00	48.23
101.92	6.00	48.59
102.41	6.01	49.04
102.87	6.01	49.48
103.30	6.01	49.89
103.68	6.02	50.22
104.00	6.02	50.37
104.25	6.03	50.42
104.43	6.03	50.37
104.54	6.04	50.25
104.56	6.04	50.06
104.47	6.04	49.80
104.31	6.05	49.49
104.10	6.05	49.14
103.84	6.06	48.74
103.59	6.06	48.33
103.33	6.06	47.91
103.04	6.07	47.46
102.73	6.07	46.98
102.39	6.08	46.47
102.03	6.08	45.87
101.64	6.08	45.25
101.23	6.09	44.62
100.81	6.09	44.00
100.36	6.10	43.41
99.86	6.10	42.90
99.35	6.10	42.44
98.85	6.11	42.04
98.37	6.11	41.71
97.94	6.11	41.46
97.60	6.12	41.33
97.31	6.12	41.26
97.05	6.13	41.25
96.83	6.13	41.29
96.54	6.13	41.29
96.27	6.14	41.31
96.08	6.14	41.40
96.04	6.14	41.61
96.22	6.14	41.99
96.77	6.14	42.65
97.48	6.13	43.44
98.31	6.13	44.33
99.22	6.13	45.31
100.16	6.12	46.45
101.11	6.12	47.57
102.06	6.12	48.62
102.97	6.11	49.49
103.84	6.11	50.02
104.61	6.10	50.35
105.23	6.10	50.47
105.61	6.09	50.34
105.57	6.09	49.89
105.39	6.09	49.30
105.14	6.08	48.65
104.94	6.08	48.05
105.05	6.07	47.72
105.21	6.07	47.45
105.41	6.07	47.23
105.62	6.06	47.05
105.81	6.06	46.87
105.92	6.05	46.70
106.02	6.05	46.52
106.08	6.05	46.34
106.11	6.04	46.15
106.09	6.04	45.93
106.04	6.03	45.67
105.93	6.03	45.37
105.78	6.02	45.04
105.58	6.02	44.67
105.32	6.02	44.26
104.96	6.01	43.73
104.56	6.01	43.16
104.11	6.00	42.59
103.63	6.00	42.02
103.13	6.00	41.47
102.61	5.99	41.04
102.09	5.99	40.67
101.55	5.98	40.33
101.01	5.98	40.02
100.47	5.97	39.73
99.92	5.97	39.43
99.37	5.97	39.13
98.85	5.96	38.87
98.37	5.96	38.64
97.94	5.95	38.48
97.61	5.95	38.41
97.39	5.95	38.43
97.22	5.94	38.50
97.09	5.94	38.62
96.99	5.93	38.78
96.91	5.93	38.98
96.84	5.93	39.21
96.79	5.92	39.45
96.76	5.92	39.68
96.71	5.91	39.88
96.55	5.91	39.88
96.44	5.90	39.91
96.42	5.90	40.02
96.53	5.90	40.25
96.94	5.90	40.86
97.56	5.90	41.71
98.30	5.90	42.64
99.15	5.90	43.60
100.05	5.90	44.46
100.97	5.90	45.20
101.95	5.90	45.89
102.97	5.91	46.54
104.12	5.91	47.23
105.34	5.91	47.92
106.51	5.91	48.50
107.55	5.91	48.90
108.23	5.91	48.89
108.61	5.91	48.57
108.86	5.92	48.10
109.02	5.92	47.57
109.22	5.92	47.18
109.46	5.92	46.90
109.67	5.92	46.64
109.86	5.92	46.40
110.02	5.93	46.14
110.18	5.93	45.86
110.30	5.93	45.55
110.36	5.93	45.23
110.37	5.93	44.89
110.29	5.93	44.51
110.07	5.94	44.07
109.77	5.94	43.61
109.40	5.94	43.12
108.96	5.94	42.62
108.46	5.94	42.11
107.87	5.94	41.56
107.24	5.94	41.02
106.58	5.95	40.49
105.90	5.95	40.00
105.23	5.95	39.55
104.63	5.95	39.25
104.08	5.95	39.04
103.55	5.95	38.89
103.03	5.95	38.77
102.52	5.96	38.67
101.99	5.96	38.55
101.42	5.96	38.37
100.89	5.96	38.21
100.38	5.96	38.09
99.92	5.96	38.01
99.54	5.96	38.00
99.26	5.97	38.09
99.04	5.97	38.24
98.86	5.97	38.42
98.72	5.97	38.65
98.57	5.97	38.89
98.42	5.97	39.14
98.34	5.97	39.45
98.33	5.97	39.80
98.42	5.97	40.23
98.71	5.97	40.79
99.10	5.98	41.40
99.56	5.98	42.04
100.09	5.98	42.72
100.71	5.98	43.42
101.36	5.98	44.11
102.02	5.98	44.78
102.65	5.98	45.40
103.16	5.98	45.91
103.55	5.98	46.29
103.90	5.98	46.63
104.23	5.98	46.95
104.57	5.98	47.30
104.97	5.98	47.75
105.34	5.98	48.15
105.67	5.99	48.48
105.91	5.99	48.66
106.00	5.99	48.56
106.01	5.99	48.37
105.97	5.99	48.12
105.88	5.99	47.84
105.78	5.99	47.68
105.64	5.99	47.55
105.48	5.99	47.43
105.29	5.99	47.31
105.07	5.99	47.18
104.85	5.99	47.04
104.60	5.99	46.89
104.32	6.00	46.72
104.01	6.00	46.55
103.67	6.00	46.35
103.27	6.00	46.12
102.83	6.00	45.87
102.38	6.00	45.61
101.90	6.00	45.36
101.40	6.00	45.10
100.91	6.00	44.91
100.41	6.00	44.72
99.91	6.00	44.52
99.40	6.00	44.29
98.89	6.00	44.02
98.32	6.00	43.53
97.77	6.01	43.03
97.25	6.01	42.55
96.79	6.01	42.13
96.40	6.01	41.84
96.19	6.01	41.85
96.05	6.01	41.97
95.95	6.01	42.16
95.89	6.01	42.40
95.77	6.01	42.61
95.59	6.01	42.79
95.48	6.01	43.00
95.46	6.01	43.26
95.59	6.01	43.60
96.04	6.01	44.07
96.60	6.01	44.60
97.27	6.01	45.18
98.00	6.00	45.80
98.74	6.00	46.45
99.51	6.00	47.12
100.29	6.00	47.76
101.07	6.00	48.38
101.84	5.99	48.94
102.60	5.99	49.43
103.32	5.99	49.83
104.00	5.99	50.14
104.68	5.99	50.28
105.27	5.98	50.31
105.73	5.98	50.25
106.02	5.98	50.10
105.92	5.98	49.87
105.69	5.98	49.58
105.39	5.97	49.24
105.05	5.97	48.88
104.95	5.97	48.52
104.88	5.97	48.17
104.82	5.97	47.82
104.75	5.96	47.48
104.66	5.96	47.20
104.52	5.96	47.00
104.35	5.96	46.82
104.15	5.96	46.63
103.92	5.95	46.43
103.66	5.95	46.15
103.35	5.95	45.80
103.01	5.95	45.41
102.64	5.95	44.98
102.24	5.94	44.53
101.77	5.94	44.03
101.25	5.94	43.51
100.73	5.94	42.98
100.20	5.94	42.46
99.69	5.93	41.94
99.26	5.93	41.45
98.92	5.93	41.00
98.58	5.93	40.58
98.26	5.93	40.19
97.93	5.92	39.84
97.50	5.92	39.51
97.01	5.92	39.22
96.54	5.92	39.00
96.11	5.92	38.83
95.75	5.91	38.74
95.54	5.91	38.76
95.44	5.91	38.88
95.44	5.91	39.07
95.53	5.91	39.34
95.73	5.91	39.70
96.04	5.91	40.15
96.44	5.91	40.66
96.91	5.91	41.20
97.45	5.92	41.76
98.10	5.92	42.31
98.79	5.92	42.84
99.47	5.92	43.37
100.14	5.92	43.86
100.72	5.93	44.33
101.24	5.93	44.76
101.69	5.93	45.13
102.07	5.93	45.44
102.34	5.93	45.62
102.51	5.94	45.70
102.63	5.94	45.71
102.70	5.94	45.65
102.75	5.94	45.50
102.79	5.95	45.28
102.80	5.95	45.02
102.77	5.95	44.75
102.71	5.95	44.48
102.61	5.95	44.35
102.47	5.96	44.24
102.29	5.96	44.14
102.07	5.96	44.02
101.81	5.96	43.88
101.49	5.96	43.64
101.13	5.97	43.37
100.75	5.97	43.07
100.33	5.97	42.76
99.89	5.97	42.42
99.43	5.97	42.06
98.95	5.98	41.70
98.47	5.98	41.35
98.00	5.98	41.00
97.54	5.98	40.68
97.12	5.98	40.39
96.72	5.98	40.14
96.32	5.98	39.92
95.94	5.98	39.75
95.52	5.98	39.61
95.04	5.98	39.50
94.61	5.98	39.46
94.24	5.98	39.50
93.99	5.98	39.64
93.95	5.98	39.97
94.12	5.98	40.45
94.41	5.97	41.01
94.79	5.97	41.64
95.26	5.97	42.31
95.78	5.97	42.99
96.35	5.97	43.67
96.97	5.97	44.33
97.63	5.97	44.95
98.36	5.96	45.50
99.09	5.96	45.98
99.80	5.96	46.38
100.44	5.96	46.72
100.92	5.96	46.96
101.24	5.96	47.10
101.46	5.96	47.16
101.60	5.95	47.15
101.65	5.95	47.07
101.67	5.95	46.90
101.61	5.95	46.68
101.49	5.95	46.40
101.30	5.95	46.09
101.04	5.95	45.72
100.69	5.94	45.30
100.31	5.94	44.88
99.88	5.94	44.46
99.44	5.94	44.06
98.99	5.94	43.72
98.54	5.94	43.43
98.09	5.94	43.20
97.66	5.94	43.02
97.25	5.95	42.92
96.82	5.95	42.90
96.43	5.95	42.97
96.12	5.96	43.13
95.91	5.96	43.36
95.85	5.97	43.71
96.01	5.97	44.21
96.29	5.97	44.77
96.67	5.98	45.37
97.12	5.98	46.01
97.64	5.99	46.63
98.20	5.99	47.23
98.79	5.99	47.81
99.38	6.00	48.36
99.93	6.00	48.83
100.41	6.01	49.20
100.87	6.01	49.53
101.29	6.02	49.82
101.68	6.02	50.09
102.03	6.02	50.41
102.36	6.03	50.69
102.65	6.03	50.94
102.91	6.04	51.13
103.15	6.04	51.22
103.37	6.04	51.21
103.55	6.05	51.12
103.69	6.05	50.94
103.77	6.06	50.67
103.75	6.06	50.23
103.64	6.06	49.65
103.48	6.07	49.04
103.31	6.07	48.42
103.12	6.08	47.84
102.83	6.08	47.40
102.52	6.08	47.09
102.31	6.09	46.86
102.25	6.09	46.73
102.41	6.10	46.68
103.23	6.11	46.80
104.35	6.11	47.02
105.57	6.12	47.27
106.79	6.12	47.53
107.80	6.13	47.73
108.45	6.14	47.85
108.98	6.14	47.91
109.40	6.15	47.91
109.72	6.15	47.85
109.75	6.16	47.48
109.80	6.17	47.13
109.97	6.17	46.86
110.33	6.18	46.76
111.52	6.18	47.28
112.85	6.19	47.94
114.14	6.20	48.62
115.06	6.20	49.15
115.41	6.21	49.40
115.57	6.22	49.54
115.61	6.22	49.62
115.70	6.23	49.64
115.80	6.24	49.64
115.89	6.24	49.63
115.98	6.25	49.66
116.18	6.25	49.89
116.37	6.24	50.11
116.53	6.24	50.28
116.63	6.23	50.26
116.63	6.21	49.93
116.55	6.20	49.50
116.40	6.18	49.03
116.14	6.16	48.58
115.76	6.14	48.23
115.33	6.12	47.92
114.86	6.10	47.68
114.41	6.09	47.60
114.08	6.07	47.80
113.73	6.05	48.04
113.31	6.03	48.23
112.80	6.01	48.30
112.00	6.00	47.84
110.97	5.98	46.98
109.90	5.96	46.09
108.84	5.94	45.25
107.85	5.92	44.61
107.06	5.90	44.73
106.42	5.88	45.04
105.95	5.87	45.52
105.69	5.85	46.09
105.84	5.84	46.66
106.35	5.83	47.20
106.99	5.83	47.72
107.67	5.83	48.20
108.29	5.83	48.58
108.60	5.83	48.72
108.85	5.83	48.82
109.06	5.84	48.92
109.24	5.84	49.05
109.46	5.84	49.46
109.67	5.85	49.90
109.89	5.85	50.33
110.11	5.85	50.70
110.38	5.86	50.84
110.66	5.86	50.85
110.93	5.86	50.80
111.17	5.86	50.72
111.35	5.87	50.72
111.47	5.87	50.76
111.55	5.87	50.75
111.58	5.88	50.69
111.40	5.88	50.36
111.15	5.88	49.89
111.01	5.88	49.47
111.08	5.89	49.19
111.88	5.89	49.47
113.18	5.89	50.14
114.56	5.90	50.86
115.84	5.90	51.50
116.47	5.90	51.63
116.55	5.91	51.35
116.40	5.91	50.91
116.08	5.91	50.37
115.69	5.91	49.83
115.33	5.92	49.35
114.91	5.92	48.90
114.46	5.92	48.51
114.00	5.93	48.20
113.52	5.93	48.19
113.06	5.93	48.27
112.65	5.93	48.42
112.31	5.94	48.60
112.13	5.94	48.73
112.13	5.94	48.79
112.20	5.94	48.86
112.31	5.95	48.94
112.45	5.95	49.05
112.50	5.95	49.28
112.54	5.95	49.54
112.56	5.96	49.79
112.57	5.96	50.03
112.53	5.96	50.15
112.43	5.96	50.15
112.35	5.97	50.13
112.27	5.97	50.11
112.23	5.97	50.11
112.30	5.97	50.32
112.43	5.98	50.57
112.60	5.98	50.83
112.81	5.98	51.06
113.05	5.98	51.19
113.35	5.99	51.16
113.66	5.99	51.05
113.96	5.99	50.87
114.24	5.99	50.63
114.46	6.00	50.33
114.62	6.00	49.96
114.72	6.00	49.57
114.76	6.00	49.16
114.73	6.00	48.77
114.58	6.01	48.47
114.34	6.01	48.25
114.04	6.01	48.04
113.68	6.01	47.82
113.28	6.02	47.60
112.86	6.02	47.30
112.41	6.02	46.93
111.95	6.02	46.54
111.48	6.02	46.14
111.00	6.03	45.73
110.55	6.03	45.30
110.14	6.04	44.88
109.72	6.05	44.48
109.29	6.05	44.11
108.84	6.06	43.80
108.30	6.07	43.57
107.65	6.08	43.44
107.03	6.09	43.39
106.47	6.09	43.42
106.01	6.10	43.53
105.81	6.11	43.76
105.85	6.12	44.09
105.99	6.13	44.49
106.21	6.14	44.93
106.48	6.14	45.40
106.70	6.15	45.87
106.94	6.16	46.33
107.19	6.17	46.79
107.44	6.18	47.23
107.70	6.19	47.63
107.95	6.19	47.98
108.20	6.20	48.29
108.45	6.21	48.57
108.69	6.22	48.82
108.93	6.23	49.03
109.16	6.24	49.21
109.37	6.24	49.37
109.54	6.25	49.50
109.63	6.26	49.62
109.63	6.27	49.72
109.60	6.28	49.80
109.56	6.29	49.86
109.51	6.30	49.90
109.56	6.31	49.95
109.62	6.31	49.98
109.67	6.32	49.97
109.70	6.33	49.92
109.67	6.34	49.78
109.55	6.35	49.52
109.39	6.36	49.22
109.19	6.37	48.90
108.97	6.38	48.59
108.74	6.39	48.38
108.50	6.39	48.29
108.25	6.40	48.21
108.00	6.41	48.13
107.74	6.42	48.01
107.47	6.43	47.76
107.20	6.44	47.38
106.93	6.44	46.96
106.66	6.45	46.54
106.40	6.46	46.12
106.17	6.47	45.78
105.96	6.48	45.52
105.75	6.49	45.30
105.55	6.49	45.12
105.33	6.50	44.98
105.07	6.51	44.89
104.75	6.52	44.85
104.45	6.53	44.84
104.16	6.54	44.86
103.91	6.54	44.91
103.78	6.55	44.97
103.73	6.56	45.06
103.70	6.57	45.16
103.67	6.58	45.29
103.64	6.58	45.45
103.39	6.59	45.61
103.16	6.59	45.80
102.98	6.59	46.02
102.91	6.60	46.29
103.11	6.60	46.63
103.56	6.60	47.04
104.10	6.60	47.49
104.67	6.60	48.00
105.18	6.59	48.56
105.50	6.59	49.19
105.84	6.59	49.86
106.21	6.59	50.54
106.70	6.59	51.23
107.46	6.59	51.96
108.26	6.59	52.64
109.04	6.59	53.23
109.73	6.59	53.70
110.12	6.59	53.87
110.41	6.59	53.92
110.63	6.59	53.86
110.78	6.59	53.72
110.97	6.59	53.55
111.14	6.59	53.34
111.26	6.59	53.08
111.33	6.59	52.76
111.32	6.59	52.40
111.16	6.58	51.96
110.94	6.58	51.49
110.65	6.58	51.00
110.32	6.58	50.49
109.97	6.58	49.99
109.63	6.58	49.53
109.27	6.58	49.08
108.87	6.58	48.65
108.44	6.58	48.25
107.93	6.58	47.85
107.26	6.58	47.42
106.60	6.58	47.05
105.99	6.58	46.76
105.47	6.58	46.58
105.15	6.59	46.61
105.10	6.59	46.90
105.17	6.59	47.30
105.35	6.59	47.78
105.63	6.59	48.32
105.98	6.60	48.84
106.39	6.60	49.35
106.85	6.60	49.87
107.34	6.60	50.39
107.84	6.60	50.90
108.33	6.61	51.39
108.81	6.61	51.85
109.27	6.61	52.27
109.69	6.61	52.64
110.01	6.61	52.82
110.28	6.62	52.94
110.51	6.62	53.06
110.73	6.62	53.21
110.97	6.62	53.57
111.24	6.62	54.14
111.50	6.63	54.74
111.73	6.63	55.29
111.93	6.63	55.75
112.11	6.63	55.79
112.23	6.63	55.72
112.30	6.64	55.54
112.28	6.64	55.29
112.14	6.64	55.03
111.82	6.64	54.82
111.42	6.64	54.59
110.96	6.65	54.32
110.46	6.65	54.02
109.97	6.65	53.68
109.53	6.65	53.30
109.08	6.65	52.88
108.61	6.66	52.43
108.11	6.66	51.97
107.59	6.66	51.49
107.04	6.66	50.98
106.46	6.66	50.47
105.84	6.67	49.96
105.17	6.67	49.45
104.47	6.67	48.96
103.51	6.67	48.45
102.56	6.67	47.98
101.65	6.67	47.55
100.83	6.68	47.19
100.16	6.68	46.91
99.94	6.68	46.79
99.86	6.68	46.76
99.90	6.68	46.82
100.03	6.68	46.95
100.16	6.69	47.17
100.23	6.69	47.48
100.36	6.69	47.85
100.59	6.69	48.27
100.91	6.69	48.73
101.50	6.70	49.23
102.20	6.70	49.75
102.94	6.70	50.27
103.69	6.70	50.77
104.35	6.70	51.26
104.94	6.70	51.69
105.49	6.71	52.03
105.98	6.71	52.26
106.39	6.71	52.22
106.73	6.71	51.92
107.01	6.71	51.53
107.23	6.72	51.11
107.40	6.72	50.70
107.51	6.72	50.64
107.57	6.72	50.65
107.59	6.72	50.66
107.57	6.72	50.63
107.52	6.73	50.45
107.46	6.73	49.94
107.36	6.73	49.36
107.21	6.73	48.77
106.99	6.73	48.21
106.64	6.74	47.83
106.15	6.74	47.67
105.62	6.74	47.58
105.08	6.74	47.54
104.54	6.74	47.52
104.06	6.74	47.39
103.65	6.74	47.22
103.31	6.74	47.09
103.07	6.75	47.05
102.93	6.75	47.12
103.05	6.75	47.54
103.26	6.75	48.07
103.57	6.75	48.67
103.93	6.75	49.31
104.31	6.75	49.93
104.69	6.75	50.50
105.10	6.75	51.04
105.52	6.75	51.56
105.95	6.75	52.02
106.37	6.75	52.36
106.80	6.75	52.66
107.22	6.75	52.94
107.63	6.75	53.21
108.00	6.75	53.56
108.35	6.75	53.94
108.68	6.75	54.28
109.01	6.75	54.58
109.35	6.75	54.78
109.73	6.75	54.83
110.08	6.76	54.79
110.37	6.76	54.67
110.58	6.76	54.47
110.61	6.76	54.17
110.45	6.76	53.78
110.19	6.76	53.34
109.85	6.76	52.86
109.42	6.76	52.35
108.94	6.76	51.86
108.40	6.76	51.39
107.82	6.76	50.91
107.21	6.76	50.44
106.57	6.76	49.97
105.92	6.76	49.51
105.26	6.76	49.06
104.62	6.76	48.64
104.00	6.76	48.26
103.43	6.76	47.94
102.88	6.76	47.70
102.40	6.76	47.53
102.02	6.76	47.44
101.75	6.76	47.43
101.62	6.76	47.50
101.87	6.76	47.81
102.25	6.76	48.17
102.68	6.76	48.54
103.15	6.76	48.89
103.52	6.76	49.11
103.74	6.76	49.12
103.89	6.76	49.06
103.98	6.76	48.94
104.01	6.76	48.78
103.98	6.76	48.59
103.89	6.76	48.40
103.73	6.76	48.19
103.51	6.76	47.95
103.23	6.76	47.69
102.86	6.76	47.38
102.41	6.76	47.03
101.91	6.76	46.69
101.39	6.76	46.39
100.86	6.76	46.13
100.29	6.76	46.01
99.73	6.76	45.99
99.24	6.77	46.05
98.84	6.77	46.16
98.57	6.77	46.34
98.66	6.77	46.55
98.90	6.77	46.81
99.25	6.78	47.14
99.67	6.78	47.54
100.11	6.78	48.06
100.51	6.79	48.71
100.93	6.79	49.40
101.38	6.79	50.09
101.84	6.79	50.75
102.39	6.80	51.28
102.93	6.80	51.75
103.45	6.80	52.15
103.92	6.80	52.46
104.24	6.81	52.67
104.46	6.81	52.79
104.62	6.81	52.82
104.73	6.82	52.78
104.82	6.82	52.66
104.93	6.82	52.44
105.00	6.82	52.19
105.04	6.83	51.91
105.05	6.83	51.64
105.00	6.83	51.46
104.90	6.84	51.39
104.76	6.84	51.34
104.59	6.84	51.29
104.38	6.84	51.23
104.14	6.85	51.11
103.87	6.85	50.90
103.58	6.85	50.67
103.27	6.85	50.41
102.95	6.86	50.13
102.62	6.86	49.84
102.27	6.86	49.56
101.93	6.86	49.27
101.59	6.87	48.97
101.27	6.87	48.64
100.96	6.87	48.29
100.74	6.88	47.83
100.53	6.88	47.35
100.32	6.88	46.89
100.10	6.88	46.48
99.85	6.89	46.12
99.37	6.89	45.93
98.88	6.89	45.84
98.42	6.89	45.82
98.04	6.90	45.87
97.77	6.90	45.99
97.86	6.90	46.20
98.09	6.90	46.47
98.44	6.90	46.78
98.88	6.91	47.12
99.38	6.91	47.47
99.91	6.91	47.76
100.49	6.91	48.10
101.12	6.91	48.48
101.80	6.92	48.95
102.51	6.92	49.65
103.25	6.92	50.45
104.05	6.92	51.25
104.89	6.92	52.00
105.80	6.93	52.59
106.78	6.93	53.00
107.79	6.93	53.31
108.83	6.93	53.51
109.90	6.94	53.56
111.01	6.94	53.45
112.09	6.94	53.26
113.14	6.94	53.04
114.11	6.95	52.82
114.93	6.95	52.75
115.63	6.95	52.76
116.23	6.95	52.80
116.73	6.95	52.86
117.13	6.96	52.93
117.44	6.96	52.99
117.66	6.96	53.05
117.77	6.96	53.08
117.77	6.96	53.07
117.67	6.97	53.02
117.35	6.97	52.81
116.90	6.97	52.53
116.39	6.97	52.22
115.85	6.97	51.92
115.29	6.98	51.64
114.88	6.98	51.52
114.51	6.98	51.46
114.14	6.98	51.41
113.76	6.99	51.37
113.36	6.99	51.28
112.78	6.99	50.98
112.22	6.99	50.70
111.71	6.99	50.48
111.30	6.99	50.37
111.10	6.99	50.56
111.14	6.98	51.09
111.29	6.98	51.70
111.54	6.98	52.32
111.85	6.98	52.90
112.08	6.97	53.11
112.39	6.97	53.25
112.79	6.97	53.35
113.31	6.96	53.43
114.12	6.96	53.64
115.08	6.96	53.89
116.09	6.95	54.11
117.10	6.95	54.30
117.97	6.95	54.35
118.69	6.94	54.26
119.32	6.94	54.13
119.86	6.94	53.97
120.32	6.94	53.81
120.71	6.93	53.83
121.00	6.93	53.85
121.18	6.93	53.85
121.24	6.92	53.80
121.15	6.92	53.66
120.83	6.92	53.26
120.39	6.91	52.80
119.83	6.91	52.29
119.17	6.91	51.76
118.39	6.90	51.23
117.45	6.90	50.76
116.49	6.90	50.31
115.52	6.89	49.90
114.61	6.89	49.54
113.82	6.89	49.23
113.31	6.89	48.99
112.89	6.89	48.83
112.56	6.90	48.74
112.31	6.90	48.74
112.06	6.90	48.86
111.82	6.91	49.09
111.67	6.91	49.41
111.61	6.92	49.82
111.66	6.92	50.30
112.01	6.92	50.95
112.48	6.93	51.65
113.02	6.93	52.34
113.58	6.94	52.98
114.05	6.94	53.41
114.38	6.95	53.56
114.69	6.95	53.67
115.00	6.96	53.78
115.32	6.96	53.95
115.80	6.97	54.65
116.30	6.97	55.44
116.78	6.98	56.19
117.21	6.98	56.81
117.53	6.99	57.04
117.64	6.99	56.54
117.68	6.99	55.88
117.67	7.00	55.15
117.62	7.00	54.44
117.62	7.01	54.13
117.65	7.01	54.15
117.65	7.02	54.25
117.62	7.02	54.38
117.54	7.03	54.47
117.36	7.03	54.32
117.14	7.03	54.13
116.88	7.04	53.91
116.60	7.04	53.68
116.19	7.05	53.38
115.73	7.05	53.07
115.37	7.05	52.83
115.18	7.06	52.72
115.30	7.06	52.84
116.07	7.06	53.43
117.03	7.06	54.14
118.11	7.05	54.90
119.23	7.05	55.65
120.21	7.05	56.16
121.11	7.04	56.57
121.92	7.04	56.89
122.60	7.03	57.10
122.97	7.03	57.12
123.19	7.02	57.04
123.31	7.02	56.90
123.33	7.01	56.71
123.38	7.01	56.55
123.37	7.01	56.38
123.29	7.00	56.19
123.16	7.00	55.99
122.95	6.99	55.84
122.66	6.99	55.74
122.31	6.98	55.60
121.90	6.98	55.41
121.43	6.97	55.15
120.90	6.97	54.67
120.31	6.96	53.97
119.66	6.96	53.20
118.97	6.96	52.39
118.24	6.95	51.58
117.41	6.95	50.81
116.50	6.94	50.14
115.59	6.94	49.54
114.70	6.93	49.04
113.87	6.93	48.65
113.14	6.93	48.43
112.55	6.92	48.46
112.07	6.92	48.59
111.71	6.93	48.83
111.46	6.93	49.15
111.40	6.93	49.55
111.52	6.93	49.99
111.75	6.94	50.46
112.06	6.94	50.93
112.43	6.95	51.39
112.78	6.95	51.72
113.17	6.96	52.02
113.61	6.96	52.30
114.08	6.97	52.57
114.62	6.97	52.91
115.21	6.98	53.31
115.83	6.99	53.69
116.45	6.99	54.04
117.06	7.00	54.33
117.63	7.00	54.40
118.17	7.01	54.42
118.65	7.01	54.40
119.08	7.02	54.37
119.40	7.02	54.39
119.59	7.03	54.53
119.70	7.03	54.69
119.76	7.04	54.85
119.77	7.04	55.00
119.79	7.05	55.11
119.83	7.05	55.18
119.82	7.06	55.22
119.74	7.06	55.21
119.58	7.06	55.15
119.20	7.07	54.98
118.62	7.07	54.69
117.99	7.08	54.39
117.35	7.08	54.09
116.76	7.09	53.82
116.42	7.09	53.71
116.28	7.10	53.72
116.18	7.10	53.77
116.11	7.11	53.85
116.04	7.11	53.93
115.70	7.12	53.86
115.33	7.12	53.78
115.00	7.12	53.74
114.79	7.12	53.76
114.78	7.13	53.90
115.26	7.13	54.31
115.87	7.12	54.79
116.55	7.12	55.33
117.25	7.12	55.89
117.79	7.12	56.41
118.23	7.12	56.89
118.63	7.11	57.33
118.99	7.11	57.72
119.30	7.11	58.02
119.56	7.10	58.24
119.81	7.10	58.37
120.05	7.10	58.43
120.30	7.10	58.37
120.58	7.09	58.18
120.86	7.09	57.93
121.13	7.09	57.67
121.38	7.08	57.40
121.63	7.08	57.31
121.85	7.08	57.25
122.04	7.08	57.18
122.18	7.07	57.09
122.27	7.07	56.95
122.29	7.07	56.60
122.25	7.06	56.19
122.13	7.06	55.73
121.94	7.06	55.26
121.66	7.06	54.77
121.21	7.05	54.35
120.66	7.05	53.94
120.05	7.05	53.55
119.40	7.04	53.17
118.72	7.04	52.80
118.09	7.04	52.43
117.48	7.04	52.08
116.85	7.03	51.75
116.20	7.03	51.44
115.53	7.03	51.16
114.65	7.02	50.81
113.74	7.02	50.49
112.90	7.02	50.26
112.19	7.02	50.15
111.65	7.01	50.20
111.65	7.01	50.63
111.83	7.01	51.21
112.14	7.01	51.92
112.55	7.00	52.72
112.87	7.00	53.54
113.13	7.00	54.39
113.49	7.00	55.29
113.99	7.00	56.26
114.81	7.00	57.42
116.03	7.00	58.83
117.33	7.00	60.09
118.60	7.00	61.06
119.58	7.00	61.21
120.27	6.99	60.60
120.88	6.99	59.75
121.46	6.99	58.82
122.23	6.99	58.40
123.07	6.99	58.25
123.92	6.99	58.20
124.74	6.99	58.24
125.51	6.99	58.33
126.19	6.99	58.46
126.78	6.99	58.57
127.24	6.99	58.62
127.56	6.99	58.57
127.68	6.98	58.36
127.43	6.98	57.63
127.02	6.98	56.79
126.46	6.98	55.89
125.79	6.98	54.98
125.01	6.98	54.11
124.09	6.98	53.51
123.14	6.98	53.01
122.20	6.98	52.62
121.32	6.98	52.34
120.54	6.98	52.19
120.13	6.98	52.28
119.84	6.98	52.47
119.64	6.97	52.75
119.52	6.97	53.10
119.44	6.96	53.52
119.38	6.94	53.99
119.35	6.92	54.44
119.37	6.90	54.84
119.43	6.87	55.14
119.54	6.85	55.08
119.67	6.83	54.95
119.82	6.82	54.78
119.97	6.80	54.61
120.11	6.78	54.69
120.23	6.76	54.85
120.33	6.74	55.01
120.41	6.72	55.14
120.45	6.70	55.12
120.44	6.68	54.87
120.40	6.66	54.57
120.30	6.64	54.24
120.16	6.62	53.91
119.93	6.60	53.71
119.63	6.58	53.62
119.28	6.56	53.53
118.87	6.54	53.43
118.42	6.52	53.30
117.94	6.50	52.99
117.43	6.48	52.57
116.87	6.46	52.11
116.27	6.44	51.64
115.63	6.42	51.19
114.79	6.40	50.73
113.88	6.38	50.31
113.03	6.36	50.00
112.31	6.34	49.85
111.79	6.32	49.90
111.83	6.30	50.54
112.07	6.29	51.33
112.47	6.27	52.19
113.00	6.26	53.07
113.63	6.25	53.75
114.30	6.24	54.28
114.96	6.23	54.74
115.57	6.22	55.12
115.97	6.21	55.45
116.19	6.20	55.71
116.31	6.19	55.90
116.33	6.18	56.01
116.28	6.17	56.05
116.17	6.16	55.99
115.99	6.15	55.86
115.76	6.14	55.67
115.48	6.13	55.43
115.16	6.12	55.17
114.81	6.11	54.90
114.42	6.10	54.58
113.98	6.09	54.20
113.51	6.08	53.76
113.03	6.07	53.14
112.52	6.06	52.40
111.96	6.05	51.64
111.34	6.04	50.91
110.65	6.03	50.24
109.65	6.02	49.74
108.45	6.01	49.41
107.32	6.00	49.20
106.35	5.99	49.11
105.63	5.98	49.15
105.66	5.97	49.35
106.21	5.96	49.69
106.98	5.95	50.14
107.89	5.95	50.69
108.86	5.94	51.34
109.65	5.94	52.22
110.43	5.94	53.09
111.19	5.94	53.90
111.91	5.94	54.58
112.57	5.94	54.82
113.18	5.93	54.84
113.72	5.93	54.74
114.18	5.93	54.55
114.52	5.93	54.37
114.76	5.93	54.19
114.92	5.93	54.01
115.02	5.93	53.83
115.07	5.93	53.71
115.12	5.93	53.75
115.11	5.93	53.80
115.02	5.93	53.81
114.85	5.92	53.75
114.55	5.92	53.52
114.07	5.92	52.96
113.50	5.92	52.33
112.87	5.92	51.63
112.19	5.92	50.92
111.50	5.92	50.24
110.83	5.92	49.67
110.15	5.92	49.15
109.49	5.92	48.68
108.84	5.91	48.28
108.21	5.91	47.97
107.59	5.91	47.78
107.03	5.91	47.66
106.56	5.91	47.62
106.18	5.91	47.63
105.97	5.91	47.68
105.93	5.90	47.77
106.03	5.90	47.92
106.27	5.89	48.12
106.65	5.88	48.39
107.35	5.87	48.85
108.17	5.87	49.36
109.02	5.86	49.84
109.82	5.85	50.24
110.44	5.84	50.40
110.77	5.84	50.23
110.95	5.83	49.94
110.99	5.82	49.56
110.89	5.81	49.12
110.52	5.81	48.68
109.96	5.80	48.26
109.34	5.79	47.85
108.73	5.78	47.47
108.17	5.78	47.15
107.95	5.77	47.00
107.90	5.76	46.95
107.94	5.75	46.95
108.04	5.75	47.00
108.17	5.74	47.07
108.20	5.73	47.16
108.24	5.72	47.25
108.32	5.72	47.33
108.45	5.71	47.39
108.69	5.70	47.41
109.08	5.69	47.36
109.48	5.69	47.28
109.88	5.68	47.14
110.23	5.67	46.95
110.39	5.66	46.68
110.45	5.66	46.34
110.42	5.65	45.98
110.32	5.64	45.58
110.15	5.63	45.18
109.92	5.63	44.83
109.63	5.62	44.47
109.28	5.61	44.10
108.88	5.60	43.71
108.42	5.60	43.31
107.91	5.59	42.82
107.36	5.58	42.32
106.76	5.57	41.81
106.13	5.57	41.31
105.47	5.56	40.81
104.62	5.55	40.24
103.78	5.54	39.71
103.01	5.53	39.29
102.36	5.53	39.00
101.90	5.52	38.91
101.88	5.52	39.31
102.06	5.52	39.86
102.40	5.52	40.52
102.89	5.52	41.24
103.59	5.53	41.96
104.45	5.53	42.63
105.34	5.53	43.24
106.19	5.53	43.77
106.91	5.54	44.14
107.27	5.54	44.21
107.49	5.54	44.14
107.59	5.54	43.94
107.58	5.55	43.64
107.48	5.55	43.21
107.31	5.55	42.68
107.08	5.56	42.12
106.82	5.56	41.57
106.55	5.56	41.07
106.28	5.56	40.71
106.05	5.56	40.45
105.86	5.57	40.31
105.73	5.57	40.30
105.66	5.57	40.46
105.63	5.57	40.83
105.76	5.58	41.33
106.12	5.58	41.95
106.79	5.58	42.68
108.26	5.58	43.69
109.82	5.59	44.65
111.27	5.59	45.44
112.28	5.59	45.82
112.51	5.59	45.56
112.43	5.60	45.07
112.10	5.60	44.42
111.61	5.60	43.83
111.02	5.61	43.27
110.36	5.61	42.72
109.66	5.61	42.18
109.01	5.61	41.65
108.44	5.62	41.13
107.96	5.62	40.70
107.60	5.62	40.38
107.40	5.62	40.22
107.60	5.62	40.48
107.91	5.62	40.86
108.29	5.62	41.29
108.69	5.61	41.71
109.02	5.61	41.97
109.27	5.61	42.12
109.42	5.60	42.17
109.42	5.60	42.11
109.14	5.60	41.81
108.56	5.59	41.28
107.83	5.59	40.67
106.99	5.58	40.03
106.09	5.58	39.40
105.17	5.58	38.92
104.26	5.57	38.55
103.39	5.57	38.28
102.62	5.57	38.11
101.96	5.56	38.08
101.54	5.56	38.24
101.29	5.56	38.54
101.22	5.55	38.94
101.35	5.55	39.45
101.83	5.55	40.13
102.60	5.54	40.94
103.47	5.54	41.75
104.37	5.54	42.51
105.17	5.53	43.12
105.74	5.53	43.45
106.20	5.52	43.64
106.52	5.52	43.68
106.69	5.52	43.58
106.56	5.51	43.21
106.26	5.51	42.71
105.87	5.51	42.15
105.41	5.50	41.56
104.96	5.50	41.01
104.60	5.50	40.59
104.24	5.49	40.25
103.91	5.49	39.98
103.59	5.49	39.81
103.23	5.48	39.77
102.86	5.48	39.87
102.59	5.47	40.08
102.47	5.47	40.41
102.56	5.47	40.86
103.10	5.47	41.54
103.81	5.47	42.28
104.64	5.47	43.04
105.54	5.46	43.77
106.41	5.46	44.35
107.28	5.46	44.85
108.11	5.46	45.26
108.88	5.46	45.59
109.51	5.46	45.83
110.03	5.46	45.97
110.42	5.46	46.00
110.70	5.46	45.92
110.81	5.46	45.72
110.69	5.46	45.30
110.44	5.46	44.79
110.10	5.46	44.21
109.68	5.46	43.60
109.25	5.46	42.99
108.86	5.46	42.47
108.45	5.46	41.94
108.00	5.46	41.42
107.53	5.46	40.90
106.97	5.46	40.33
106.28	5.46	39.67
105.61	5.46	39.05
104.99	5.46	38.52
104.45	5.46	38.11
104.12	5.46	37.94
104.03	5.46	38.09
104.08	5.46	38.39
104.27	5.46	38.79
104.58	5.46	39.29
105.00	5.46	39.85
105.54	5.46	40.46
106.18	5.46	41.07
106.91	5.46	41.68