139.82	5.74	71.10
140.89	5.74	71.38
141.86	5.74	71.50
142.73	5.74	71.49
143.51	5.74	71.37
144.20	5.74	71.18
144.81	5.74	70.95
145.33	5.74	70.71
145.77	5.74	70.50
146.13	5.74	70.37
146.42	5.74	70.29
146.66	5.74	70.26
146.89	5.74	70.35
147.09	5.74	70.53
147.22	5.74	70.69
147.30	5.74	70.82
147.22	5.74	70.72
147.07	5.74	70.51
146.87	5.74	70.26
146.67	5.74	70.00
146.52	5.74	69.82
146.39	5.74	69.67
146.28	5.74	69.56
146.18	5.74	69.52
146.15	5.74	69.64
146.10	5.74	69.75
146.01	5.74	69.79
145.80	5.74	69.61
145.44	5.74	69.15
145.04	5.74	68.62
144.62	5.74	68.07
144.29	5.74	67.63
144.02	5.74	67.28
143.73	5.74	66.99
143.41	5.74	66.74
142.94	5.74	66.61
142.40	5.74	66.51
141.84	5.74	66.43
141.28	5.74	66.33
140.79	5.74	66.02
140.34	5.74	65.71
139.91	5.74	65.47
139.50	5.74	65.38
139.15	5.74	65.69
138.80	5.74	66.10
138.46	5.74	66.54
138.09	5.74	66.86
137.64	5.74	66.90
137.22	5.74	66.95
136.86	5.74	67.06
136.59	5.74	67.42
136.44	5.74	68.06
136.45	5.74	68.79
136.65	5.74	69.58
137.25	5.74	70.36
138.11	5.73	71.11
139.08	5.73	71.81
140.07	5.73	72.43
140.87	5.73	72.92
141.62	5.73	73.30
142.32	5.73	73.55
142.98	5.73	73.64
143.61	5.72	73.55
144.17	5.72	73.35
144.66	5.72	73.05
145.02	5.72	72.65
145.26	5.72	72.18
145.44	5.72	71.71
145.58	5.72	71.26
145.73	5.72	70.98
145.85	5.71	70.76
145.93	5.71	70.58
145.95	5.71	70.39
145.87	5.71	70.18
145.73	5.71	69.95
145.53	5.71	69.69
145.24	5.71	69.35
144.87	5.70	68.92
144.49	5.70	68.51
144.16	5.70	68.16
144.04	5.70	68.06
144.06	5.70	68.11
144.11	5.70	68.17
144.14	5.70	68.19
144.03	5.71	67.82
143.84	5.71	67.38
143.61	5.71	66.96
143.33	5.71	66.71
142.99	5.71	66.90
142.63	5.71	67.13
142.27	5.71	67.30
141.92	5.71	67.13
141.62	5.71	66.53
141.33	5.71	65.85
141.07	5.71	65.18
140.85	5.72	64.80
140.66	5.72	64.64
140.46	5.72	64.58
140.24	5.72	64.57
139.90	5.72	64.50
139.54	5.72	64.44
139.19	5.72	64.43
138.88	5.72	64.47
138.66	5.72	64.57
138.52	5.72	64.76
138.46	5.72	65.04
138.48	5.73	65.47
138.57	5.73	66.07
138.83	5.73	66.77
139.28	5.73	67.54
140.14	5.73	68.40
141.30	5.73	69.30
142.56	5.73	70.16
143.85	5.74	70.96
144.93	5.74	71.61
145.94	5.74	72.10
146.86	5.74	72.41
147.70	5.74	72.43
148.45	5.74	72.12
149.08	5.74	71.62
149.56	5.75	70.99
149.80	5.75	70.28
149.87	5.75	69.53
149.85	5.75	68.76
149.78	5.75	68.02
149.87	5.75	67.40
149.93	5.76	66.84
149.91	5.76	66.37
149.74	5.76	66.01
149.34	5.76	65.83
148.82	5.76	65.69
148.21	5.76	65.53
147.51	5.77	65.21
146.74	5.77	64.67
145.96	5.77	64.13
145.17	5.77	63.66
144.40	5.77	63.43
143.69	5.77	63.43
143.06	5.77	63.52
142.56	5.77	63.67
142.36	5.77	63.82
142.33	5.76	63.96
142.36	5.76	64.07
142.39	5.76	64.15
142.22	5.75	64.09
142.01	5.75	63.99
141.76	5.74	63.84
141.46	5.74	63.66
141.12	5.73	63.46
140.77	5.73	63.26
140.42	5.72	63.08
140.12	5.72	62.96
139.86	5.71	62.92
139.65	5.71	62.90
139.49	5.70	62.88
139.41	5.70	62.78
139.39	5.70	62.64
139.40	5.69	62.51
139.42	5.69	62.43
139.38	5.68	62.48
139.33	5.68	62.63
139.28	5.67	62.82
139.26	5.67	63.05
139.25	5.66	63.17
139.29	5.66	63.34
139.41	5.65	63.62
139.66	5.65	64.13
140.15	5.65	65.11
140.72	5.66	66.18
141.32	5.66	67.23
141.93	5.67	68.06
142.51	5.67	68.57
143.01	5.67	68.87
143.38	5.68	68.93
143.43	5.68	68.58
143.24	5.68	67.95
142.95	5.69	67.19
142.60	5.69	66.39
142.35	5.70	65.81
142.12	5.70	65.31
141.88	5.70	64.87
141.64	5.71	64.47
141.36	5.71	64.07
141.07	5.71	63.72
140.76	5.72	63.46
140.45	5.72	63.30
140.12	5.72	63.41
139.78	5.73	63.60
139.45	5.73	63.82
139.12	5.73	64.01
138.73	5.74	63.94
138.39	5.74	63.88
138.14	5.75	63.89
138.03	5.75	64.05
138.15	5.75	64.52
138.44	5.75	65.12
138.89	5.75	65.80
139.57	5.75	66.58
140.51	5.75	67.43
141.53	5.75	68.22
142.57	5.75	68.88
143.47	5.75	69.19
144.22	5.75	69.17
144.87	5.75	68.96
145.41	5.75	68.60
145.77	5.75	68.17
146.01	5.75	67.65
146.19	5.75	67.06
146.32	5.75	66.41
146.55	5.75	65.68
146.77	5.75	64.93
146.93	5.75	64.23
147.03	5.75	63.62
146.94	5.75	63.29
146.77	5.75	63.07
146.53	5.75	62.91
146.25	5.75	62.78
145.91	5.75	62.48
145.57	5.75	62.25
145.22	5.75	62.15
144.87	5.75	62.25
144.44	5.75	62.72
144.15	5.75	63.38
144.07	5.75	64.20
144.44	5.75	65.19
145.44	5.75	66.38
146.66	5.75	67.54
147.98	5.75	68.58
149.20	5.74	69.25
150.25	5.74	69.51
151.21	5.74	69.55
152.06	5.74	69.39
152.71	5.74	69.03
153.21	5.73	68.55
153.59	5.73	67.99
153.86	5.73	67.41
154.04	5.73	66.92
154.13	5.73	66.47
154.16	5.73	66.10
154.14	5.72	65.85
154.14	5.72	65.85
154.07	5.72	65.91
153.90	5.72	65.98
153.62	5.72	65.98
153.15	5.71	65.79
152.56	5.71	65.52
151.86	5.71	65.18
151.04	5.71	64.69
150.07	5.71	64.01
149.05	5.71	63.36
148.02	5.70	62.84
147.04	5.70	62.71
146.14	5.70	63.10
145.31	5.70	63.64
144.55	5.70	64.24
143.94	5.70	64.65
143.45	5.69	64.86
143.03	5.69	65.01
142.64	5.69	65.14
142.24	5.69	65.38
141.83	5.69	65.63
141.42	5.69	65.80
141.04	5.69	65.83
140.63	5.69	65.34
140.25	5.69	64.73
139.91	5.68	64.12
139.65	5.68	63.69
139.51	5.68	63.79
139.44	5.68	64.04
139.43	5.68	64.38
139.47	5.68	64.68
139.56	5.68	64.87
139.65	5.68	65.06
139.74	5.68	65.27
139.79	5.67	65.56
139.78	5.67	65.92
139.72	5.67	66.26
139.59	5.67	66.56
139.30	5.67	66.68
138.94	5.67	66.70
138.59	5.67	66.68
138.29	5.67	66.64
138.26	5.67	66.60
138.31	5.67	66.60
138.42	5.67	66.63
138.56	5.67	66.76
138.72	5.67	67.00
138.87	5.67	67.32
139.02	5.68	67.71
139.07	5.68	68.23
139.05	5.68	68.82
139.06	5.68	69.39
139.11	5.68	69.87
139.38	5.68	70.02
139.72	5.68	70.02
140.09	5.68	69.93
140.47	5.68	69.79
140.78	5.69	69.69
141.05	5.69	69.56
141.27	5.69	69.39
141.41	5.69	69.18
141.46	5.69	68.91
141.45	5.69	68.59
141.38	5.69	68.22
141.25	5.69	67.70
141.08	5.69	67.08
140.86	5.70	66.50
140.61	5.70	66.01
140.30	5.70	65.84
139.97	5.70	65.89
139.66	5.70	66.09
139.39	5.70	66.40
139.28	5.70	66.89
139.23	5.70	67.41
139.22	5.70	67.88
139.23	5.70	68.17
139.27	5.70	68.07
139.30	5.70	67.85
139.30	5.70	67.54
139.20	5.70	67.25
138.97	5.70	67.04
138.72	5.71	66.77
138.47	5.71	66.43
138.28	5.71	65.83
138.15	5.71	65.08
138.06	5.71	64.37
138.00	5.71	63.79
137.97	5.71	63.74
137.97	5.71	63.94
138.01	5.71	64.26
138.07	5.71	64.61
138.16	5.71	64.76
138.28	5.71	64.87
138.43	5.71	64.97
138.58	5.71	65.06
138.71	5.71	65.12
138.88	5.71	65.22
139.11	5.71	65.36
139.44	5.71	65.63
139.90	5.71	66.03
140.41	5.71	66.48
140.98	5.71	66.95
141.62	5.71	67.38
142.27	5.71	67.77
142.89	5.71	68.13
143.44	5.71	68.43
143.81	5.70	68.70
144.08	5.70	68.87
144.25	5.70	68.89
144.30	5.70	68.65
144.23	5.70	68.09
144.07	5.69	67.41
143.84	5.69	66.67
143.53	5.69	66.03
143.17	5.69	65.50
142.76	5.68	65.00
142.32	5.68	64.53
141.87	5.68	64.03
141.42	5.68	63.54
140.95	5.67	63.12
140.48	5.67	62.79
140.02	5.67	62.70
139.57	5.67	62.77
139.10	5.67	62.87
138.62	5.66	62.97
138.04	5.66	62.78
137.43	5.66	62.51
136.87	5.66	62.31
136.37	5.65	62.26
136.06	5.65	62.78
135.86	5.65	63.49
135.77	5.65	64.28
135.77	5.64	65.05
135.90	5.64	65.57
136.10	5.63	66.02
136.33	5.63	66.39
136.55	5.62	66.70
136.72	5.62	66.95
136.88	5.61	67.12
137.01	5.61	67.21
137.10	5.60	67.16
137.14	5.59	66.97
137.16	5.59	66.73
137.18	5.58	66.47
137.22	5.58	66.28
137.28	5.57	66.16
137.35	5.57	66.06
137.43	5.56	65.99
137.52	5.56	65.94
137.63	5.55	65.91
137.75	5.55	65.89
137.91	5.54	65.88
138.09	5.53	65.78
138.32	5.53	65.71
138.59	5.52	65.71
138.93	5.52	65.85
139.40	5.52	66.37
139.89	5.52	66.92
140.38	5.53	67.42
140.80	5.53	67.64
141.11	5.53	67.42
141.35	5.53	67.08
141.54	5.54	66.66
141.63	5.54	66.25
141.64	5.54	65.91
141.63	5.54	65.65
141.63	5.54	65.50
141.74	5.55	65.65
141.96	5.55	66.08
142.20	5.55	66.57
142.44	5.55	67.05
142.64	5.56	67.33
142.77	5.56	67.36
142.85	5.56	67.31
142.86	5.56	67.21
142.76	5.56	67.13
142.51	5.57	67.09
142.21	5.57	67.06
141.89	5.57	67.05
141.55	5.57	67.04
141.21	5.57	67.00
140.95	5.58	67.04
140.80	5.58	67.19
140.85	5.58	67.56
141.19	5.58	68.25
141.70	5.58	69.06
142.37	5.58	69.95
143.23	5.58	70.89
144.25	5.57	71.83
145.33	5.56	72.71
146.40	5.56	73.46
147.36	5.55	73.95
148.16	5.54	74.17
148.83	5.53	74.20
149.33	5.53	74.06
149.54	5.52	73.65
149.53	5.51	73.07
149.39	5.50	72.44
149.19	5.49	71.82
149.07	5.49	71.36
148.96	5.48	71.04
148.82	5.47	70.85
148.63	5.46	70.82
148.25	5.45	71.15
147.82	5.44	71.64
147.41	5.43	72.15
147.08	5.43	72.61
147.03	5.44	72.51
147.10	5.46	72.36
147.24	5.48	72.31
147.46	5.50	72.57
147.74	5.52	73.76
148.02	5.54	75.02
148.26	5.55	76.13
148.35	5.57	76.61
148.23	5.59	75.99
148.03	5.61	75.11
147.80	5.63	74.15
147.60	5.65	73.81
147.45	5.66	74.03
147.29	5.68	74.09
147.14	5.70	73.78
147.01	5.72	71.93
146.87	5.73	69.28
146.68	5.75	66.63
146.43	5.77	64.36
145.99	5.79	63.64
145.51	5.80	63.59
145.00	5.82	64.18
144.53	5.84	65.62
144.12	5.86	67.82
143.75	5.88	70.12
143.44	5.89	72.18
143.19	5.91	72.80
143.02	5.93	72.82
142.94	5.95	72.57
142.99	5.97	72.39
143.21	5.98	72.55
143.49	6.00	72.73
143.81	6.02	72.92
144.12	6.04	73.04
144.39	6.05	73.11
144.62	6.07	73.13
144.75	6.09	73.10
144.71	6.11	72.98
144.60	6.12	72.81
144.44	6.14	72.57
144.28	6.16	72.20
144.11	6.18	71.78
143.95	6.19	71.36
143.81	6.21	71.01
143.74	6.23	70.85
143.68	6.25	70.78
143.63	6.26	70.78
143.55	6.28	70.84
143.44	6.30	70.95
143.36	6.32	71.12
143.32	6.33	71.33
143.35	6.34	71.54
143.46	6.35	71.80
143.66	6.36	72.13
143.98	6.36	72.61
144.44	6.36	73.21
144.99	6.36	73.86
145.60	6.36	74.50
146.28	6.36	75.00
147.00	6.36	75.46
147.71	6.36	75.91
148.41	6.36	76.43
149.06	6.35	77.00
149.64	6.35	77.50
150.11	6.35	77.88
150.35	6.35	77.90
150.48	6.35	77.76
150.55	6.35	77.49
150.65	6.35	77.10
150.80	6.35	76.62
150.90	6.35	76.11
150.93	6.35	75.63
150.72	6.34	75.29
150.42	6.34	75.03
150.13	6.34	74.81
149.91	6.34	74.58
149.84	6.35	74.29
149.88	6.35	74.13
150.03	6.35	74.17
150.43	6.36	74.83
150.94	6.37	75.76
151.47	6.37	76.73
151.91	6.38	77.48
152.16	6.39	77.74
152.30	6.39	77.81
152.33	6.40	77.74
152.17	6.41	77.62
151.90	6.41	77.41
151.55	6.42	77.13
151.19	6.43	76.75
150.87	6.43	76.23
150.53	6.44	75.71
150.17	6.45	75.26
149.80	6.45	75.12
149.39	6.46	75.17
148.92	6.47	75.25
148.33	6.47	75.23
147.52	6.48	74.73
146.62	6.49	74.24
145.67	6.49	73.87
144.65	6.50	73.95
143.63	6.50	74.51
142.72	6.50	75.26
142.01	6.50	76.11
141.91	6.50	76.94
142.00	6.50	77.74
142.18	6.50	78.46
142.22	6.50	78.97
142.09	6.50	79.26
141.96	6.50	79.44
141.90	6.50	79.53
142.07	6.50	79.54
142.29	6.50	79.54
142.50	6.50	79.56
142.59	6.50	79.84
142.56	6.50	80.28
142.49	6.50	80.60
142.39	6.50	80.62
142.32	6.50	79.74
142.24	6.50	78.71
142.16	6.50	77.73
142.08	6.50	77.35
142.00	6.50	77.48
141.93	6.50	77.72
141.86	6.50	77.93
141.74	6.50	77.70
141.69	6.51	77.46
141.75	6.51	77.32
142.07	6.51	77.53
142.61	6.51	78.02
143.27	6.51	78.68
144.01	6.52	79.46
144.77	6.52	80.36
145.56	6.52	81.27
146.35	6.53	82.12
147.14	6.53	82.77
147.89	6.53	83.25
148.58	6.53	83.57
149.15	6.54	83.72
149.54	6.54	83.61
149.84	6.54	83.41
150.09	6.54	83.16
150.36	6.55	82.99
150.63	6.55	82.90
150.82	6.55	82.84
150.92	6.55	82.81
150.78	6.56	82.95
150.56	6.56	83.05
150.31	6.56	83.05
150.10	6.56	82.69
149.97	6.57	81.94
149.88	6.57	81.21
149.86	6.57	80.66
150.03	6.57	80.94
150.23	6.56	81.52
150.40	6.56	82.17
150.39	6.56	82.60
150.11	6.56	82.61
149.77	6.56	82.53
149.45	6.56	82.41
149.39	6.55	82.48
149.40	6.55	82.57
149.41	6.55	82.60
149.31	6.55	82.48
148.99	6.55	82.09
148.63	6.54	81.64
148.26	6.54	81.19
147.98	6.54	80.85
147.76	6.54	80.61
147.53	6.54	80.47
147.24	6.54	80.46
146.78	6.53	80.70
146.33	6.53	81.00
145.95	6.53	81.32
145.71	6.53	81.49
145.67	6.53	81.52
145.79	6.52	81.59
146.09	6.52	81.72
146.76	6.52	82.08
147.57	6.52	82.58
148.45	6.52	83.24
149.27	6.52	84.20
149.93	6.52	85.49
150.57	6.52	86.70
151.18	6.52	87.66
151.83	6.51	87.59
152.48	6.51	87.07
153.08	6.51	86.43
153.62	6.51	85.98
154.05	6.51	86.19
154.39	6.51	86.47
154.65	6.51	86.74
154.76	6.51	86.67
154.76	6.51	86.32
154.68	6.51	85.90
154.56	6.51	85.47
154.42	6.50	85.18
154.26	6.50	84.96
154.09	6.50	84.79
153.92	6.50	84.69
153.77	6.50	84.67
153.64	6.50	84.71
153.56	6.50	84.81
153.58	6.50	84.99
153.69	6.51	85.25
153.82	6.51	85.52
153.95	6.51	85.78
153.95	6.51	85.93
153.91	6.52	86.04
153.89	6.52	86.09
153.91	6.52	86.08
154.05	6.53	85.99
154.21	6.53	85.90
154.38	6.53	85.84
154.50	6.53	85.98
154.60	6.54	86.25
154.66	6.54	86.49
154.71	6.54	86.64
154.74	6.54	86.39
154.74	6.55	86.01
154.70	6.55	85.56
154.61	6.55	85.10
154.44	6.56	84.70
154.26	6.56	84.37
154.11	6.56	84.15
154.06	6.56	84.18
154.10	6.57	84.41
154.23	6.57	84.72
154.46	6.57	85.08
154.93	6.56	85.43
155.47	6.56	85.74
155.98	6.56	85.98
156.36	6.55	86.05
156.52	6.55	85.90
156.59	6.54	85.67
156.58	6.54	85.41
156.51	6.53	85.25
156.38	6.52	85.11
156.23	6.52	84.97
156.07	6.51	84.79
156.00	6.51	84.50
155.92	6.50	84.18
155.81	6.50	83.84
155.61	6.49	83.47
155.27	6.49	83.10
154.88	6.48	82.74
154.47	6.48	82.43
154.07	6.47	82.17
153.71	6.47	82.00
153.40	6.46	81.93
153.18	6.45	81.99
153.10	6.45	82.29
153.17	6.45	82.82
153.33	6.44	83.41
153.55	6.44	84.02
153.79	6.45	84.45
154.07	6.45	84.78
154.39	6.46	85.10
154.78	6.46	85.42
155.30	6.47	85.87
155.85	6.47	86.33
156.39	6.47	86.78
156.87	6.48	87.18
157.22	6.48	87.50
157.51	6.49	87.74
157.73	6.49	87.90
157.88	6.50	87.91
157.94	6.50	87.75
158.00	6.51	87.55
158.07	6.51	87.32
158.25	6.52	87.17
158.51	6.52	87.09
158.79	6.52	87.05
159.08	6.53	87.06
159.28	6.53	87.14
159.48	6.54	87.28
159.74	6.54	87.49
160.12	6.55	87.81
160.73	6.55	88.30
161.40	6.55	88.82
162.09	6.55	89.32
162.75	6.55	89.70
163.34	6.56	89.93
163.82	6.56	90.03
164.14	6.56	89.96
164.11	6.56	89.57
163.87	6.56	89.01
163.51	6.56	88.35
163.08	6.56	87.65
162.67	6.56	86.97
162.24	6.56	86.33
161.79	6.57	85.75
161.38	6.57	85.31
161.01	6.57	85.08
160.64	6.57	84.92
160.24	6.57	84.80
159.74	6.57	84.63
159.14	6.57	84.39
158.53	6.57	84.20
157.97	6.57	84.08
157.55	6.58	84.15
157.25	6.58	84.37
157.04	6.58	84.70
156.90	6.58	85.12
156.83	6.58	85.64
156.83	6.58	86.22
156.91	6.58	86.81
157.08	6.58	87.39
157.40	6.58	87.91
157.76	6.58	88.35
158.11	6.58	88.69
158.36	6.58	88.78
158.49	6.58	88.62
158.59	6.58	88.42
158.66	6.58	88.23
158.75	6.58	88.31
158.85	6.58	88.53
158.94	6.58	88.77
159.01	6.58	89.00
159.07	6.58	89.13
159.12	6.58	89.21
159.13	6.58	89.23
159.11	6.58	89.16
159.05	6.58	88.98
158.94	6.58	88.73
158.78	6.58	88.44
158.54	6.58	88.10
158.21	6.58	87.72
157.87	6.58	87.36
157.55	6.58	87.05
157.32	6.59	86.88
157.16	6.59	86.82
157.07	6.59	86.83
157.07	6.59	86.91
157.14	6.59	87.01
157.31	6.59	87.16
157.60	6.59	87.39
158.06	6.58	87.72
158.77	6.58	88.22
159.57	6.57	88.74
160.42	6.56	89.26
161.22	6.56	89.67
161.95	6.55	89.96
162.62	6.54	90.21
163.22	6.53	90.44
163.66	6.52	90.76
164.00	6.52	91.03
164.26	6.51	91.20
164.46	6.50	91.17
164.61	6.49	90.84
164.69	6.48	90.39
164.69	6.48	89.87
164.57	6.47	89.37
164.33	6.46	88.90
164.05	6.45	88.47
163.76	6.44	88.08
163.58	6.44	87.84
163.46	6.43	87.68
163.32	6.42	87.55
163.15	6.41	87.42
162.90	6.40	87.17
162.58	6.39	86.90
162.17	6.39	86.64
161.65	6.38	86.40
160.91	6.37	86.18
160.15	6.37	86.04
159.43	6.37	86.00
158.88	6.37	86.16
158.50	6.38	86.49
158.23	6.38	86.90
158.06	6.39	87.37
158.03	6.40	87.93
158.05	6.40	88.43
158.11	6.41	88.79
158.15	6.41	88.75
158.15	6.42	88.35
158.11	6.42	87.84
158.03	6.43	87.31
157.85	6.43	87.08
157.61	6.44	86.91
157.35	6.45	86.76
157.10	6.45	86.62
156.89	6.46	86.46
156.64	6.46	86.23
156.34	6.47	85.93
155.89	6.47	85.31
155.36	6.48	84.55
154.80	6.48	83.83
154.25	6.49	83.27
153.83	6.50	83.43
153.45	6.50	83.75
153.09	6.51	84.11
152.73	6.51	84.26
152.33	6.52	83.98
151.99	6.52	83.67
151.74	6.53	83.44
151.69	6.53	83.61
151.80	6.54	84.06
152.04	6.54	84.58
152.37	6.55	85.07
152.80	6.56	85.15
153.31	6.56	85.22
153.89	6.57	85.37
154.55	6.57	85.85
155.27	6.58	86.76
155.98	6.58	87.71
156.66	6.59	88.58
157.18	6.59	89.00
157.59	6.60	89.10
157.95	6.61	89.03
158.26	6.61	88.81
158.57	6.62	88.43
158.86	6.62	88.00
159.11	6.63	87.58
159.31	6.63	87.28
159.45	6.64	87.18
159.58	6.64	87.17
159.73	6.65	87.25
159.95	6.66	87.49
160.22	6.66	87.80
160.50	6.67	88.10
160.77	6.67	88.33
160.94	6.67	88.16
161.10	6.68	87.94
161.27	6.67	87.74
161.52	6.67	87.80
161.86	6.66	88.19
162.19	6.65	88.63
162.48	6.64	89.03
162.57	6.63	89.06
162.59	6.62	88.94
162.64	6.61	88.80
162.81	6.60	88.76
163.23	6.59	88.96
163.70	6.59	89.14
164.14	6.58	89.24
164.47	6.57	89.05
164.66	6.56	88.62
164.75	6.55	88.08
164.72	6.54	87.45
164.46	6.53	86.74
164.11	6.52	86.04
163.72	6.51	85.39
163.40	6.50	84.90
163.32	6.49	84.76
163.26	6.48	84.73
163.17	6.47	84.77
162.92	6.46	84.82
162.43	6.45	84.82
161.88	6.44	84.77
161.28	6.43	84.64
160.75	6.43	84.23
160.27	6.42	83.64
159.77	6.42	83.10
159.23	6.43	82.70
158.56	6.43	82.96
157.86	6.44	83.35
157.17	6.44	83.74
156.57	6.45	83.86
156.07	6.46	83.65
155.60	6.47	83.34
155.17	6.47	82.96
154.74	6.48	82.57
154.33	6.49	82.19
153.92	6.49	81.87
153.53	6.50	81.69
153.15	6.50	81.70
152.76	6.51	81.76
152.35	6.52	81.85
151.80	6.52	81.84
151.23	6.53	81.80
150.72	6.54	81.79
150.33	6.55	81.84
150.21	6.55	81.96
150.21	6.56	82.16
150.29	6.56	82.48
150.38	6.57	82.99
150.49	6.58	83.69
150.67	6.58	84.45
150.95	6.59	85.22
151.44	6.59	85.86
152.02	6.59	86.44
152.63	6.59	86.97
153.20	6.59	87.48
153.64	6.59	88.02
154.03	6.59	88.45
154.39	6.59	88.72
154.76	6.59	88.61
155.11	6.59	88.20
155.41	6.59	87.72
155.62	6.59	87.26
155.65	6.59	87.25
155.58	6.59	87.31
155.45	6.59	87.35
155.27	6.59	87.21
155.06	6.59	86.58
154.84	6.59	85.94
154.63	6.59	85.39
154.45	6.59	85.28
154.32	6.59	85.73
154.23	6.59	86.32
154.20	6.59	86.97
154.24	6.59	87.39
154.35	6.59	87.60
154.54	6.59	87.74
154.79	6.59	87.85
155.20	6.59	88.01
155.66	6.59	88.17
156.11	6.58	88.27
156.49	6.58	88.31
156.66	6.58	88.24
156.75	6.57	88.08
156.77	6.57	87.83
156.77	6.56	87.41
156.75	6.56	86.85
156.68	6.56	86.30
156.55	6.55	85.84
156.32	6.55	85.74
156.02	6.54	85.87
155.72	6.54	86.08
155.43	6.53	86.31
155.27	6.53	86.34
155.17	6.53	86.34
155.12	6.52	86.32
155.11	6.52	86.32
155.15	6.51	86.36
155.22	6.51	86.44
155.31	6.51	86.56
155.41	6.50	86.78
155.50	6.50	87.17
155.60	6.50	87.53
155.71	6.49	87.78
155.81	6.49	87.65
155.91	6.49	87.23
156.05	6.49	86.78
156.25	6.49	86.43
156.61	6.49	86.64
157.04	6.49	87.03
157.49	6.49	87.48
157.91	6.49	87.88
158.25	6.49	88.02
158.54	6.50	88.10
158.76	6.50	88.12
158.90	6.50	88.15
158.93	6.50	88.18
158.93	6.50	88.17
158.90	6.50	88.08
158.93	6.50	87.80
159.00	6.50	87.38
159.04	6.50	86.98
159.03	6.50	86.64
158.82	6.50	86.62
158.54	6.50	86.77
158.27	6.50	87.00
158.08	6.50	87.28
158.22	6.50	87.57
158.41	6.49	87.85
158.59	6.49	88.06
158.64	6.48	88.13
158.48	6.47	87.99
158.24	6.47	87.75
157.95	6.46	87.44
157.67	6.45	87.11
157.39	6.45	86.75
157.08	6.44	86.37
156.75	6.43	85.97
156.33	6.43	85.57
155.89	6.42	85.17
155.43	6.41	84.79
154.98	6.41	84.43
154.57	6.40	84.08
154.17	6.39	83.79
153.79	6.39	83.58
153.40	6.38	83.53
152.98	6.37	83.71
152.60	6.36	83.96
152.29	6.36	84.23
152.11	6.36	84.38
152.08	6.36	84.41
152.13	6.37	84.45
152.25	6.38	84.52
152.44	6.38	84.81
152.67	6.39	85.19
152.93	6.40	85.55
153.19	6.40	85.84
153.43	6.41	85.91
153.66	6.42	85.90
153.89	6.43	85.81
154.16	6.43	85.67
154.45	6.44	85.49
154.71	6.45	85.27
154.89	6.46	85.01
154.85	6.46	84.65
154.67	6.47	84.27
154.47	6.48	83.97
154.29	6.49	83.82
154.32	6.49	84.14
154.43	6.50	84.67
154.63	6.51	85.31
154.90	6.52	86.02
155.22	6.52	86.61
155.61	6.53	87.22
156.10	6.53	87.86
156.72	6.54	88.59
157.55	6.54	89.47
158.41	6.54	90.30
159.22	6.53	90.98
159.83	6.53	91.29
160.25	6.53	91.25
160.55	6.52	91.06
160.75	6.52	90.76
160.87	6.51	90.50
160.92	6.51	90.22
160.91	6.50	89.94
160.86	6.50	89.71
160.82	6.49	89.65
160.74	6.49	89.56
160.61	6.49	89.37
160.41	6.48	88.89
160.12	6.48	87.97
159.80	6.47	86.98
159.46	6.47	86.01
159.14	6.46	85.27
158.87	6.46	84.86
158.59	6.45	84.61
158.31	6.45	84.49
157.98	6.44	84.54
157.61	6.44	84.72
157.23	6.43	84.96
156.87	6.43	85.22
156.59	6.43	85.37
156.36	6.42	85.46
156.10	6.42	85.51
155.79	6.42	85.54
155.21	6.43	85.48
154.59	6.44	85.43
154.04	6.44	85.41
153.68	6.45	85.48
153.62	6.46	85.67
153.69	6.47	85.95
153.83	6.47	86.31
153.93	6.48	86.88
154.06	6.49	87.50
154.24	6.49	88.06
154.49	6.50	88.42
154.86	6.51	88.40
155.23	6.52	88.27
155.56	6.52	88.07
155.66	6.53	87.96
155.62	6.54	87.91
155.57	6.54	87.86
155.58	6.55	87.80
155.81	6.56	87.62
156.12	6.57	87.47
156.48	6.57	87.39
156.87	6.58	87.53
157.27	6.59	87.94
157.67	6.59	88.39
158.05	6.60	88.80
158.37	6.61	88.86
158.63	6.62	88.73
158.85	6.62	88.57
159.03	6.63	88.46
159.17	6.63	88.81
159.27	6.63	89.22
159.33	6.63	89.59
159.37	6.63	89.76
159.40	6.62	89.55
159.39	6.62	89.16
159.32	6.61	88.62
159.17	6.61	87.86
158.91	6.60	86.95
158.60	6.60	86.03
158.21	6.59	85.18
157.75	6.59	84.66
157.24	6.58	84.35
156.70	6.58	84.13
156.14	6.57	83.98
155.55	6.57	83.67
155.00	6.56	83.42
154.50	6.56	83.30
154.09	6.56	83.37
153.89	6.55	84.05
153.80	6.55	84.86
153.81	6.54	85.70
153.89	6.54	86.41
154.01	6.53	86.61
154.22	6.53	86.73
154.54	6.52	86.84
155.02	6.52	87.06
155.67	6.51	87.48
156.41	6.51	87.96
157.19	6.50	88.50
157.98	6.49	89.13
158.74	6.48	89.79
159.45	6.47	90.38
160.08	6.47	90.85
160.52	6.46	90.96
160.86	6.45	90.90
161.14	6.44	90.71
161.38	6.43	90.40
161.61	6.43	89.95
161.80	6.42	89.51
161.96	6.41	89.12
162.05	6.40	88.95
162.10	6.39	89.05
162.13	6.38	89.25
162.14	6.38	89.55
162.21	6.37	89.98
162.30	6.36	90.45
162.36	6.35	90.84
162.38	6.34	91.09
162.28	6.33	90.76
162.11	6.32	90.26
161.90	6.30	89.72
161.65	6.29	89.29
161.32	6.27	89.25
161.02	6.26	89.33
160.76	6.24	89.51
160.70	6.23	89.76
160.91	6.21	90.05
161.14	6.20	90.37
161.30	6.19	90.71
161.17	6.17	91.04
160.72	6.16	91.37
160.16	6.14	91.63
159.53	6.13	91.80
158.93	6.11	91.73
158.34	6.10	91.53
157.77	6.09	91.28
157.21	6.09	91.02
156.76	6.10	90.91
156.29	6.11	90.79
155.77	6.12	90.62
155.10	6.14	90.28
154.29	6.15	89.80
153.41	6.16	89.30
152.47	6.17	88.84
151.55	6.18	88.68
150.59	6.19	88.60
149.58	6.21	88.52
148.49	6.22	88.36
147.29	6.23	87.94
146.02	6.24	87.48
144.69	6.25	86.99
143.24	6.26	86.55
141.64	6.27	86.18
140.13	6.28	85.89
138.82	6.30	85.70
138.00	6.31	85.63
137.70	6.32	85.71
137.69	6.33	85.91
137.92	6.34	86.23
138.28	6.35	86.66
138.79	6.35	87.21
139.45	6.35	87.87
140.25	6.35	88.65
141.27	6.34	89.81
142.37	6.34	90.98
143.50	6.33	92.02
144.60	6.32	92.68
145.60	6.31	92.72
146.50	6.30	92.54
147.27	6.30	92.21
147.78	6.29	91.91
148.09	6.28	91.65
148.28	6.27	91.36
148.39	6.26	91.07
148.47	6.26	90.81
148.53	6.25	90.55
148.61	6.24	90.30
148.73	6.23	90.06
149.04	6.23	89.88
149.36	6.22	89.67
149.67	6.21	89.40
149.89	6.20	88.99
149.92	6.19	88.33
149.91	6.19	87.62
149.87	6.18	86.90
149.82	6.17	86.23
149.78	6.17	85.66
149.82	6.16	85.25
149.97	6.15	85.06
150.45	6.13	85.47
151.13	6.11	86.22
151.85	6.08	86.99
152.54	6.05	87.61
152.99	6.02	87.48
153.32	5.99	87.09
153.52	5.95	86.48
153.55	5.92	85.72
153.38	5.89	84.87
153.09	5.85	83.94
152.73	5.82	82.94
152.34	5.79	81.92
151.96	5.76	80.90
151.56	5.72	79.92
151.16	5.69	79.01
150.74	5.66	78.19
150.34	5.62	77.51
149.96	5.59	76.98
149.62	5.56	76.63
149.39	5.53	76.67
149.25	5.51	77.00
149.12	5.49	77.37
148.95	5.48	77.68
148.62	5.48	77.55
148.19	5.48	77.14
147.72	5.49	76.60
147.23	5.50	75.99
146.78	5.51	75.45
146.34	5.52	74.93
145.90	5.53	74.42
145.44	5.53	73.93
144.92	5.54	73.44
144.37	5.55	72.99
143.83	5.56	72.58
143.30	5.57	72.23
142.82	5.57	71.98
142.39	5.58	71.82
142.00	5.59	71.73
141.65	5.60	71.70
141.31	5.60	71.70
141.02	5.61	71.76
140.80	5.62	71.91
140.67	5.62	72.14
140.75	5.62	72.63
140.96	5.62	73.24
141.25	5.62	73.85
141.57	5.62	74.38
141.87	5.61	74.56
142.16	5.61	74.53
142.41	5.60	74.40
142.60	5.59	74.20
142.67	5.59	74.06
142.65	5.58	73.91
142.59	5.57	73.72
142.49	5.57	73.50
142.37	5.56	73.14
142.24	5.55	72.75
142.12	5.55	72.36
142.03	5.54	72.01
142.05	5.53	71.90
142.12	5.53	71.86
142.21	5.52	71.83
142.29	5.51	71.76
142.29	5.50	71.35
142.26	5.50	70.87
142.23	5.49	70.43
142.22	5.49	70.12
142.31	5.49	70.41
142.42	5.49	70.84
142.54	5.50	71.28
142.64	5.50	71.60
142.65	5.50	71.36
142.65	5.51	70.97
142.64	5.51	70.48
142.65	5.51	69.94
142.73	5.52	69.49
142.82	5.52	69.04
142.92	5.52	68.59
143.02	5.52	68.13
143.10	5.53	67.57
143.18	5.53	67.07
143.27	5.53	66.69
143.36	5.54	66.48
143.45	5.54	66.79
143.56	5.54	67.23
143.70	5.54	67.74
143.87	5.54	68.23
144.13	5.53	68.51
144.42	5.51	68.72
144.71	5.50	68.86
145.00	5.48	68.94
145.26	5.46	68.96
145.50	5.45	68.92
145.68	5.43	68.80
145.80	5.41	68.59
145.81	5.40	68.28
145.76	5.38	67.91
145.67	5.37	67.49
145.54	5.35	67.01
145.36	5.33	66.41
145.18	5.32	65.90
145.02	5.30	65.55
144.92	5.29	65.57
144.91	5.27	66.26
144.96	5.25	67.10
145.06	5.24	67.93
145.24	5.24	68.49
145.51	5.25	68.52
145.80	5.27	68.39
146.07	5.29	68.18
146.27	5.30	68.01
146.34	5.32	67.95
146.36	5.33	67.87
146.34	5.35	67.75
146.32	5.36	67.54
146.28	5.38	67.22
146.22	5.39	66.85
146.13	5.41	66.42
146.00	5.42	65.88
145.82	5.43	65.20
145.60	5.45	64.59
145.37	5.46	64.12
145.11	5.48	64.04
144.82	5.49	64.55
144.54	5.51	65.18
144.30	5.52	65.82
144.15	5.53	66.21
144.12	5.54	66.07
144.15	5.54	65.85
144.24	5.55	65.64
144.38	5.54	65.65
144.56	5.54	66.07
144.76	5.53	66.52
144.95	5.52	66.94
145.06	5.51	67.10
145.07	5.50	66.94
145.06	5.48	66.65
145.05	5.47	66.27
145.06	5.46	65.78
145.10	5.45	65.24
145.19	5.43	64.74
145.34	5.42	64.33
145.66	5.41	64.22
146.12	5.40	64.43
146.60	5.39	64.73
147.05	5.37	65.04
147.35	5.36	65.27
147.47	5.35	65.37
147.48	5.34	65.33
147.39	5.33	65.15
147.11	5.32	64.60
146.70	5.31	63.78
146.27	5.30	62.95
145.86	5.30	62.21
145.61	5.30	61.97
145.47	5.31	61.95
145.41	5.32	62.03
145.46	5.33	62.14
145.71	5.34	62.13
145.99	5.35	62.10
146.23	5.36	62.03
146.28	5.37	61.88
146.10	5.38	61.63
145.83	5.39	61.36
145.54	5.40	61.10
145.35	5.41	60.93
145.22	5.42	60.83
145.08	5.43	60.73
144.91	5.43	60.62
144.60	5.44	60.40
144.22	5.45	60.15
143.83	5.46	59.90
143.46	5.47	59.67
143.10	5.48	59.45
142.81	5.49	59.30
142.63	5.50	59.28
142.60	5.51	59.41
142.85	5.51	59.97
143.28	5.51	60.67
143.88	5.52	61.43
144.70	5.52	62.19
145.86	5.52	62.84
147.11	5.52	63.40
148.33	5.53	63.83
149.36	5.53	64.08
149.98	5.53	64.04
150.47	5.53	63.86
150.87	5.53	63.57
151.28	5.54	63.23
151.77	5.54	62.90
152.19	5.54	62.48
152.51	5.54	61.97
152.64	5.55	61.25
152.51	5.55	60.24
152.27	5.55	59.25
151.97	5.55	58.38
151.70	5.56	57.89
151.55	5.56	58.04
151.36	5.56	58.37
151.11	5.56	58.76
150.72	5.56	59.06
150.02	5.57	58.94
149.28	5.57	58.77
148.54	5.57	58.59
147.88	5.57	58.47
147.56	5.57	58.65
147.32	5.57	58.87
147.11	5.57	59.08
146.91	5.57	59.23
146.56	5.57	59.12
146.19	5.56	58.96
145.84	5.56	58.79
145.51	5.55	58.68
145.24	5.55	58.77
145.01	5.54	58.90
144.83	5.54	59.04
144.70	5.53	59.16
144.64	5.53	59.17
144.63	5.52	59.15
144.65	5.52	59.13
144.71	5.51	59.12
144.81	5.51	59.25
144.92	5.50	59.34
145.03	5.50	59.37
145.11	5.49	59.26
145.04	5.49	58.71
144.98	5.48	58.14
144.95	5.48	57.62
144.99	5.47	57.29
145.14	5.47	57.41
145.41	5.47	57.73
145.85	5.47	58.26
146.53	5.47	59.02
147.55	5.48	60.05
148.69	5.49	61.14
149.86	5.50	62.19
150.96	5.51	63.03
151.93	5.52	63.61
152.79	5.53	64.01
153.53	5.54	64.23
154.03	5.55	64.17
154.35	5.56	63.92
154.55	5.57	63.53
154.69	5.58	63.03
154.88	5.59	62.48
155.03	5.60	61.89
155.11	5.61	61.29
155.08	5.62	60.70
154.76	5.63	60.12
154.36	5.64	59.61
153.92	5.65	59.21
153.52	5.65	58.96
153.30	5.66	59.14
153.14	5.66	59.41
153.04	5.66	59.71
153.02	5.66	59.94
153.12	5.66	59.86
153.22	5.66	59.71
153.31	5.66	59.52
153.27	5.66	59.33
153.06	5.66	59.18
152.78	5.66	59.03
152.46	5.66	58.85
152.11	5.66	58.66
151.77	5.66	58.43
151.44	5.66	58.17
151.16	5.66	57.87