0.505680	1.000000	1.000000
0.619277	0.989583	0.992444
0.656627	0.979167	0.971798
0.668847	0.968750	0.941838
0.704131	0.958333	0.919610
0.737866	0.947917	0.887278
0.734596	0.937500	0.832015
0.742341	0.927083	0.805570
0.825301	0.868055	0.839396
0.912220	0.770833	0.843701
0.923752	0.670139	0.790459
0.859897	0.565972	0.724477
0.805680	0.465278	0.665612
0.747676	0.361111	0.612107
0.706196	0.274305	0.594184
0.674871	0.232639	0.599719
0.607573	0.250000	0.564136
0.537349	0.281250	0.520383
0.461446	0.305555	0.481198
0.381411	0.329861	0.454138
0.316695	0.354167	0.446670
0.271601	0.375000	0.453084
0.273494	0.385417	0.466087
0.318072	0.381945	0.484449
0.355077	0.375000	0.507644
0.360757	0.368055	0.501494
0.344406	0.364583	0.476015
0.332358	0.354167	0.452996
0.341824	0.350695	0.444649
0.341480	0.343750	0.429626
0.349398	0.333333	0.432261
0.362651	0.329861	0.436391
0.363683	0.322917	0.404323
0.375387	0.315972	0.366544
0.388812	0.312500	0.327008
0.402410	0.302083	0.307855
0.423752	0.298611	0.328765
0.465232	0.256945	0.359427
0.506368	0.204861	0.370409
0.524785	0.156250	0.355034
0.514114	0.104167	0.324284
0.495869	0.055555	0.300387
0.481411	0.003472	0.311369
0.498451	0.000000	0.336321
0.545267	0.048611	0.344931
0.553356	0.097222	0.341416
0.553356	0.138889	0.317519
0.533563	0.184028	0.280706
0.485714	0.232639	0.245739
0.448881	0.277778	0.227640
0.440964	0.302083	0.250923
0.459380	0.298611	0.292391
0.484165	0.270833	0.314180
0.486575	0.232639	0.303725
0.492771	0.194445	0.267001
0.534940	0.156250	0.252153
0.599312	0.118055	0.272008
0.608262	0.083333	0.265243
0.556799	0.055555	0.233263
0.511015	0.062500	0.204006
0.517212	0.093750	0.191882
0.546644	0.125000	0.186171
0.517556	0.149305	0.169215
0.490706	0.177083	0.145581
0.450947	0.208333	0.131523
0.393632	0.239583	0.126428
0.364028	0.263889	0.124758
0.418244	0.277778	0.166755
0.572289	0.281250	0.221402
0.732874	0.291667	0.245036
0.811015	0.298611	0.223511
0.860069	0.305555	0.192673
0.856110	0.312500	0.118169
0.824957	0.319445	0.072131
0.783133	0.326389	0.102618
0.680379	0.333333	0.102091
0.608434	0.333333	0.108680
0.568675	0.329861	0.130469
0.516179	0.315972	0.143296
0.479346	0.298611	0.124758
0.465577	0.284722	0.113161
0.472978	0.267361	0.115973
0.488640	0.253472	0.110789
0.483821	0.236111	0.068793
0.502926	0.229167	0.070726
0.600688	0.239583	0.133281
0.772289	0.270833	0.210244
0.910499	0.302083	0.244245
0.974871	0.333333	0.231242
1.000000	0.354167	0.191618
0.991394	0.385417	0.146371
0.933046	0.413195	0.113688
0.902237	0.423611	0.120453
0.906885	0.406250	0.138640
0.903270	0.385417	0.135126
0.859897	0.361111	0.103321
0.810499	0.340278	0.075734
0.762306	0.315972	0.057723
0.669535	0.291667	0.055878
0.565232	0.270833	0.066684
0.519793	0.246528	0.079072
0.447332	0.218750	0.089615
0.363339	0.197917	0.078369
0.288640	0.166667	0.063082
0.239243	0.145833	0.068178
0.255594	0.125000	0.106484
0.416695	0.149305	0.188016
0.599828	0.187500	0.249605
0.723924	0.218750	0.255755
0.782616	0.250000	0.218415
0.807229	0.281250	0.167985
0.808950	0.312500	0.124143
0.734596	0.350695	0.090406
0.649914	0.364583	0.076524
0.584165	0.364583	0.097786
0.536833	0.357639	0.140836
0.497246	0.354167	0.161922
0.414458	0.347222	0.151907
0.320310	0.343750	0.110525
0.209466	0.340278	0.078194
0.116695	0.333333	0.085925
0.130465	0.329861	0.119223
0.172289	0.319445	0.160253
0.189845	0.309028	0.184150
0.167298	0.295139	0.187840
0.142685	0.284722	0.129151
0.167470	0.274305	0.035055
0.215835	0.260417	0.183975
0.234768	0.246528	0.231242
0.198795	0.260417	0.183008
0.163167	0.295139	0.153400
0.196902	0.336805	0.168424
0.260929	0.378472	0.197856
0.253184	0.420139	0.173432
0.212048	0.461805	0.129591
0.158348	0.503472	0.091548
0.081583	0.548611	0.063434
0.000000	0.583333	0.050870
0.011015	0.586805	0.079775
0.052840	0.576389	0.129766
0.102065	0.562500	0.163240
0.151119	0.548611	0.167985
0.193804	0.538195	0.158496
0.235972	0.524305	0.141627
0.233046	0.513889	0.119311
0.215318	0.500000	0.108505
0.233046	0.489583	0.121420
0.290361	0.479167	0.146108
0.328571	0.472222	0.151028
0.338210	0.461805	0.137761
0.330465	0.454861	0.114655
0.310843	0.447917	0.090406
0.268503	0.437500	0.079775
0.193976	0.430555	0.073713
0.148193	0.423611	0.078106
0.161790	0.416667	0.096732
0.161618	0.406250	0.111668
0.138554	0.399305	0.089703
0.117212	0.392361	0.081796
0.107229	0.385417	0.096468
0.090189	0.378472	0.081181
0.044406	0.371528	0.071692
0.051807	0.364583	0.083992
0.127022	0.357639	0.111843
0.201893	0.354167	0.132314
0.224957	0.347222	0.116851
0.237522	0.343750	0.092954
0.253012	0.340278	0.075909
0.261274	0.333333	0.068793
0.261618	0.329861	0.076261
0.303787	0.322917	0.102618
0.380034	0.322917	0.133017
0.451291	0.322917	0.143999
0.483133	0.322917	0.124143
0.502582	0.322917	0.154279
0.529088	0.319445	0.158057
0.554561	0.315972	0.106572
0.551119	0.322917	0.097610
0.559553	0.329861	0.107275
0.547160	0.336805	0.098401
0.497418	0.343750	0.070286
0.433907	0.354167	0.055263
0.360069	0.361111	0.053242
0.327022	0.368055	0.064576
0.337349	0.378472	0.091021
0.336489	0.385417	0.121068
0.311015	0.395833	0.093393
0.281928	0.402778	0.068793
0.252496	0.409722	0.068178
0.210671	0.416667	0.061325
0.170052	0.423611	0.062291
0.186231	0.413195	0.105605
0.240448	0.399305	0.163592
0.275215	0.378472	0.184150
0.278657	0.357639	0.171323
0.287263	0.336805	0.161044
0.290017	0.315972	0.160692
0.275387	0.302083	0.164646
0.293804	0.322917	0.175716
0.335628	0.343750	0.186610
0.356627	0.371528	0.180548
0.325129	0.395833	0.152873
0.277281	0.420139	0.136356
0.235800	0.447917	0.121156
0.199828	0.465278	0.108944
0.167298	0.479167	0.113249
0.190534	0.465278	0.142242
0.266781	0.437500	0.176155
0.342169	0.406250	0.195221
0.349914	0.364583	0.192233
0.331842	0.333333	0.183272
0.297418	0.302083	0.173607
0.261274	0.277778	0.166755
0.252840	0.302083	0.167282
0.223408	0.333333	0.156827
0.182788	0.364583	0.139958
0.154905	0.395833	0.126867
0.140448	0.427083	0.118960
0.116695	0.458333	0.109208
0.094320	0.479167	0.107275
0.106024	0.479167	0.127658
0.174010	0.479167	0.160956
0.253873	0.468750	0.185908
0.306885	0.465278	0.190300
0.319793	0.458333	0.175628
0.303270	0.454861	0.156299
0.286059	0.447917	0.156124
0.286403	0.444445	0.172905
0.300000	0.430555	0.178791
0.304991	0.420139	0.173607
0.289673	0.402778	0.158584
0.264888	0.392361	0.141451
0.262478	0.378472	0.135741
0.280207	0.364583	0.142681
0.358348	0.350695	0.161044
0.488468	0.336805	0.183448
0.555938	0.315972	0.191618
0.573666	0.298611	0.180197
0.549053	0.284722	0.155948
0.486058	0.267361	0.130557
0.398279	0.246528	0.113864
0.325990	0.232639	0.116324
0.273322	0.229167	0.124407
0.208950	0.218750	0.109559
0.155594	0.218750	0.107187
0.123408	0.211805	0.117027
0.115663	0.208333	0.130206
0.133219	0.215278	0.152346
0.185542	0.232639	0.183799
0.259553	0.260417	0.209805
0.323236	0.281250	0.214110
0.363855	0.309028	0.218591
0.402926	0.333333	0.226674
0.432874	0.357639	0.229134
0.419793	0.381945	0.215867
0.460069	0.385417	0.222984
0.557143	0.385417	0.254876
0.669707	0.385417	0.290986
0.751807	0.378472	0.295115
0.788296	0.375000	0.276841
0.795353	0.375000	0.247760
0.785026	0.375000	0.217976
0.729260	0.371528	0.195308
0.624957	0.364583	0.163152
0.523580	0.364583	0.139870
0.473838	0.361111	0.148831
0.398623	0.354167	0.143911
0.302065	0.343750	0.133017
0.208434	0.340278	0.125022
0.139931	0.333333	0.120365
0.097074	0.326389	0.128888
0.080723	0.319445	0.141012
0.095009	0.315972	0.157705
0.154045	0.329861	0.196802
0.296902	0.354167	0.257775
0.470568	0.388889	0.302056
0.615146	0.427083	0.303901
0.705680	0.458333	0.266913
0.756454	0.489583	0.212880
0.769363	0.520833	0.176946
0.735284	0.545139	0.164207
0.664200	0.548611	0.158144
0.634423	0.538195	0.143648
0.578141	0.524305	0.110965
0.480551	0.506945	0.064400
0.377797	0.493055	0.020559
0.282788	0.475695	0.000703
0.175387	0.461805	0.000000
0.072633	0.447917	0.014936
0.020310	0.434028	0.046565
0.022892	0.420139	0.091724
0.059725	0.409722	0.130645
0.108434	0.399305	0.152434
0.156454	0.385417	0.160165
0.204131	0.375000	0.166667
0.255594	0.364583	0.170093
0.328399	0.364583	0.187138
0.418933	0.378472	0.216482
0.480034	0.392361	0.218503
0.502754	0.406250	0.212353
0.526850	0.420139	0.200580
0.543890	0.430555	0.183272
0.503270	0.444445	0.165876
0.459897	0.447917	0.159199
0.427194	0.447917	0.158144
0.385714	0.437500	0.156387
0.314802	0.437500	0.153312
0.276076	0.437500	0.158496
0.255594	0.437500	0.175540
0.260241	0.430555	0.199965
0.327539	0.427083	0.224038
0.421515	0.413195	0.262695
0.478485	0.392361	0.274556
0.494148	0.378472	0.253734
0.509983	0.357639	0.238095
0.486403	0.340278	0.225971
0.444062	0.326389	0.201458
0.389329	0.305555	0.176507
0.321170	0.291667	0.182393
0.325129	0.302083	0.206466
0.372806	0.322917	0.238798
0.412909	0.347222	0.261729
0.422203	0.371528	0.258478
0.431153	0.395833	0.240292
0.403098	0.416667	0.219294
0.365749	0.430555	0.213144
0.398967	0.427083	0.235284
0.485026	0.409722	0.265243
0.526850	0.388889	0.271569
0.488985	0.368055	0.245212
0.415491	0.347222	0.205588
0.355766	0.326389	0.185556
0.301721	0.305555	0.179933
0.236661	0.284722	0.177912
0.155250	0.263889	0.175628
0.083649	0.243055	0.173168
0.037866	0.222222	0.184941
0.027367	0.204861	0.222984
0.058520	0.184028	0.277280
0.172978	0.190972	0.334915
0.331153	0.208333	0.370146
0.450258	0.225695	0.354507
0.489157	0.243055	0.283957
0.497074	0.256945	0.247935
0.495525	0.274305	0.232472
0.472117	0.291667	0.205588
0.410327	0.305555	0.171060
0.369363	0.312500	0.135828
0.351635	0.322917	0.108856
0.337694	0.333333	0.094360
0.315835	0.340278	0.092954
0.307917	0.350695	0.107187
0.330465	0.357639	0.098577
0.310843	0.371528	0.069935
0.244750	0.399305	0.044193
0.298451	0.440972	0.044456
0.372633	0.482639	0.162977
0.427194	0.524305	0.241170
0.467126	0.565972	0.236426
0.523236	0.607639	0.242927
0.616867	0.649305	0.255843
0.661618	0.690972	0.240028
0.637694	0.736111	0.215867
0.594664	0.760417	0.214725
0.617040	0.750000	0.252680
0.688468	0.708333	0.297312
0.632530	0.666667	0.275259
0.560585	0.628472	0.242312
0.432702	0.590278	0.195045
0.336661	0.552083	0.189158
0.331497	0.513889	0.243191
0.307057	0.475695	0.271130
0.287091	0.437500	0.273941
0.293115	0.395833	0.300299
0.309294	0.357639	0.347303
0.341308	0.326389	0.387717
0.395697	0.322917	0.401160
0.391910	0.333333	0.370322
0.380207	0.343750	0.268933
0.346127	0.350695	0.283957
0.340447	0.361111	0.343964
0.370740	0.371528	0.355913
0.382100	0.381945	0.343349
0.354733	0.388889	0.312072
0.309294	0.399305	0.262520
0.259897	0.409722	0.223599
0.175387	0.416667	0.198647
0.095353	0.427083	0.200404
0.100861	0.423611	0.241610
0.158003	0.416667	0.282112
0.202410	0.413195	0.297487
0.231842	0.406250	0.294588
0.268503	0.402778	0.290195
0.304819	0.395833	0.286944
0.296730	0.392361	0.272272
0.329604	0.385417	0.292743
0.421170	0.385417	0.349499
0.512048	0.385417	0.411176
0.551979	0.385417	0.444210
0.573322	0.385417	0.437884
0.551635	0.385417	0.396679
0.511532	0.385417	0.357934
0.461962	0.392361	0.331840
0.387263	0.395833	0.302056
0.301033	0.395833	0.286944
0.290189	0.395833	0.311105
0.346472	0.385417	0.367510
0.401205	0.378472	0.415744
0.435112	0.368055	0.406607
0.455766	0.357639	0.378405
0.468158	0.350695	0.363820
0.466093	0.340278	0.364084
0.459380	0.333333	0.362766
0.533391	0.326389	0.393780
0.607229	0.333333	0.425409
0.636489	0.343750	0.422509
0.620654	0.354167	0.379898
0.555422	0.361111	0.332543
0.486747	0.371528	0.289316
0.419277	0.378472	0.258127
0.337866	0.385417	0.237920
0.240964	0.395833	0.218327
0.203098	0.395833	0.215252
0.187091	0.402778	0.226498
0.158520	0.406250	0.239501
0.121687	0.406250	0.242049
0.088640	0.413195	0.232736
0.069879	0.416667	0.223774
0.059208	0.416667	0.215604
0.051635	0.427083	0.206291
0.054045	0.427083	0.201107
0.073150	0.427083	0.217624
0.136833	0.427083	0.263047
0.235284	0.427083	0.326393
0.326506	0.420139	0.377877
0.373150	0.416667	0.386224
0.390189	0.416667	0.366017
0.374699	0.409722	0.308118
0.337522	0.406250	0.250835
0.301721	0.413195	0.232472
0.286403	0.420139	0.218239
0.254217	0.430555	0.204973
0.199656	0.437500	0.197505
0.134596	0.447917	0.197329
0.075904	0.454861	0.199350
0.058176	0.465278	0.203479
0.054733	0.472222	0.216306
0.046127	0.479167	0.233966
0.070396	0.479167	0.244772
0.185026	0.475695	0.294412
0.322892	0.465278	0.343788
0.408262	0.451389	0.357934
0.424613	0.440972	0.337463
0.423408	0.427083	0.289844
0.398967	0.413195	0.242049
0.355594	0.402778	0.205412
0.319621	0.388889	0.183008
0.330637	0.378472	0.185644
0.334079	0.361111	0.207257
0.346299	0.350695	0.246002
0.406024	0.336805	0.291864
0.502582	0.319445	0.313565
0.572633	0.305555	0.290546
0.612048	0.288195	0.247496
0.635800	0.274305	0.216834
0.641480	0.256945	0.205324
0.592771	0.236111	0.168687
0.532530	0.225695	0.132402
0.480895	0.218750	0.116675
0.417212	0.211805	0.113688
0.333046	0.208333	0.096820
0.232358	0.197917	0.073801
0.133046	0.197917	0.056405
0.061790	0.201389	0.053769
0.048193	0.215278	0.080214
0.057831	0.229167	0.116763
0.051635	0.243055	0.144614
0.022547	0.256945	0.159287
0.040103	0.270833	0.181515
0.082788	0.284722	0.203216
0.126506	0.298611	0.219996
0.182272	0.312500	0.240380
0.282444	0.312500	0.265683
0.433046	0.309028	0.296697
0.610155	0.302083	0.313390
0.755077	0.291667	0.290019
0.783649	0.288195	0.231594
0.766781	0.281250	0.181778
0.730120	0.270833	0.153664
0.659208	0.263889	0.136619
0.529260	0.260417	0.110877
0.396041	0.250000	0.099192
0.310843	0.250000	0.113952
0.294320	0.250000	0.144439
0.320998	0.250000	0.180548
0.381411	0.250000	0.209629
0.460069	0.250000	0.223774
0.514286	0.250000	0.223906
