0.763536	0.527778	0.411230
0.789615	0.527778	0.411458
0.807741	0.527778	0.404301
0.818676	0.527778	0.399581
0.825270	0.527778	0.402056
0.826562	0.527778	0.403883
0.821492	0.527778	0.396384
0.817483	0.527778	0.391321
0.815528	0.527778	0.392958
0.808967	0.527778	0.386106
0.797866	0.527778	0.369357
0.788422	0.527778	0.359307
0.773312	0.527778	0.355234
0.758466	0.527778	0.347354
0.746570	0.527778	0.347240
0.735768	0.527778	0.359155
0.724104	0.527778	0.363456
0.720359	0.527778	0.382490
0.736596	0.525555	0.408565
0.763503	0.524444	0.429006
0.784545	0.523333	0.436962
0.800915	0.521111	0.430529
0.808967	0.521111	0.415683
0.813043	0.518889	0.404911
0.813175	0.517778	0.398059
0.806846	0.516667	0.388314
0.797071	0.514444	0.376018
0.795812	0.514444	0.375029
0.793061	0.517778	0.366235
0.784678	0.517778	0.360830
0.774273	0.517778	0.361667
0.765790	0.518889	0.342139
0.759527	0.521111	0.334374
0.750480	0.521111	0.332775
0.741964	0.521111	0.334412
0.740142	0.523333	0.344994
0.749221	0.524444	0.368329
0.780569	0.525555	0.397678
0.813772	0.527778	0.419376
0.838624	0.527778	0.419566
0.851879	0.531111	0.399124
0.852774	0.531111	0.373925
0.853039	0.534444	0.355044
0.842402	0.534444	0.346783
0.821990	0.537778	0.335211
0.798960	0.537778	0.321926
0.781463	0.537778	0.323791
0.778481	0.534444	0.328245
0.774869	0.530000	0.327255
0.766121	0.525555	0.321393
0.756346	0.520000	0.315988
0.750215	0.515555	0.314465
0.749089	0.512222	0.310735
0.748360	0.506667	0.312067
0.747730	0.502222	0.318272
0.752436	0.497778	0.330834
0.768175	0.502222	0.363609
0.784512	0.505555	0.382261
0.786898	0.508889	0.372174
0.778448	0.513333	0.348534
0.771191	0.516667	0.332927
0.762575	0.520000	0.321774
0.752866	0.523333	0.323106
0.742561	0.526667	0.326913
0.736199	0.531111	0.329311
0.744748	0.531111	0.348496
0.770296	0.531111	0.375257
0.796640	0.531111	0.385877
0.811982	0.531111	0.374838
0.818179	0.531111	0.354777
0.823713	0.531111	0.330529
0.822089	0.531111	0.317168
0.813772	0.531111	0.310468
0.803168	0.531111	0.308984
0.796971	0.531111	0.330491
0.821559	0.531111	0.367530
0.856617	0.527778	0.389646
0.880873	0.526667	0.384545
0.892504	0.524444	0.366844
0.895619	0.523333	0.351998
0.894559	0.521111	0.349410
0.885347	0.518889	0.347697
0.864272	0.517778	0.334716
0.834913	0.515555	0.315797
0.808039	0.514444	0.323677
0.789549	0.512222	0.337153
0.777255	0.511111	0.343357
0.765259	0.511111	0.346479
0.754391	0.508889	0.329616
0.749652	0.507778	0.328359
0.750646	0.507778	0.337495
0.752734	0.505555	0.345641
0.750414	0.504444	0.356110
0.741169	0.504444	0.358089
0.738419	0.504444	0.357366
0.742263	0.504444	0.362124
0.745543	0.507778	0.376132
0.746902	0.507778	0.393338
0.755948	0.507778	0.395089
0.765293	0.511111	0.390902
0.769335	0.511111	0.383441
0.767314	0.511111	0.369433
0.760885	0.514444	0.351732
0.751773	0.514444	0.351846
0.747498	0.514444	0.366311
0.747730	0.514444	0.373582
0.746637	0.514444	0.364979
0.740009	0.517778	0.354321
0.735834	0.517778	0.332280
0.734972	0.517778	0.327332
0.736828	0.517778	0.336087
0.740838	0.517778	0.339551
0.746504	0.517778	0.343586
0.759295	0.517778	0.355957
0.777487	0.517778	0.370499
0.792564	0.515555	0.380853
0.797369	0.514444	0.379444
0.792929	0.511111	0.358432
0.782358	0.508889	0.339094
0.769070	0.506667	0.322573
0.755252	0.504444	0.313323
0.740970	0.502222	0.314694
0.724104	0.500000	0.308831
0.714229	0.497778	0.322040
0.714494	0.493333	0.345223
0.720558	0.488889	0.358165
0.725164	0.483333	0.363685
0.726788	0.476667	0.358660
0.728014	0.472222	0.352303
0.730433	0.466667	0.349791
0.734310	0.461111	0.348687
0.741235	0.455555	0.347621
0.753927	0.455555	0.360716
0.765823	0.457778	0.366159
0.770959	0.461111	0.353521
0.771589	0.462222	0.345832
0.776890	0.464444	0.356871
0.782391	0.467778	0.365626
0.781960	0.468889	0.363456
0.773742	0.471111	0.362391
0.764829	0.473333	0.362695
0.767413	0.474444	0.376551
0.787660	0.473333	0.406243
0.818278	0.466667	0.434602
0.842236	0.458889	0.443396
0.849327	0.451111	0.430948
0.845218	0.443333	0.412143
0.840182	0.434444	0.406814
0.828948	0.425555	0.420442
0.825833	0.434444	0.423411
0.831964	0.454444	0.439284
0.837332	0.471111	0.467377
0.832660	0.491111	0.445832
0.827523	0.507778	0.441378
0.823149	0.525555	0.387857
0.814434	0.543333	0.325999
0.800252	0.561111	0.348953
0.789416	0.578889	0.415493
0.784678	0.597778	0.425695
0.789847	0.614444	0.427293
0.798529	0.632222	0.431405
0.801610	0.650000	0.429920
0.797535	0.667778	0.421013
0.793127	0.684444	0.408337
0.791007	0.702222	0.405215
0.788555	0.720000	0.409022
0.789714	0.731111	0.416901
0.799457	0.734444	0.432927
0.817582	0.734444	0.453026
0.838458	0.733333	0.469699
0.854762	0.731111	0.484697
0.859997	0.731111	0.481157
0.863145	0.731111	0.465969
0.858639	0.727778	0.453673
0.853204	0.730000	0.445565
0.859070	0.734444	0.452265
0.872788	0.741111	0.479635
0.876963	0.747778	0.484279
0.869806	0.754444	0.477122
0.859633	0.761111	0.461553
0.848168	0.767778	0.455234
0.829478	0.774444	0.450133
0.801246	0.780000	0.443015
0.777023	0.781111	0.465778
0.776228	0.781111	0.491892
0.774737	0.781111	0.503540
0.777752	0.781111	0.505101
0.780337	0.781111	0.513019
0.778050	0.781111	0.506738
0.775698	0.781111	0.481957
0.773345	0.781111	0.484964
0.773279	0.784444	0.481005
0.787792	0.785555	0.495660
0.810292	0.788889	0.524553
0.833256	0.791111	0.546783
0.849559	0.794444	0.551161
0.858009	0.796667	0.544728
0.862781	0.798889	0.543015
0.857645	0.801111	0.543738
0.853469	0.804444	0.524781
0.856617	0.802222	0.527903
0.855325	0.801111	0.539741
0.848598	0.798889	0.538675
0.846842	0.797778	0.537571
0.837431	0.794444	0.524286
0.829677	0.794444	0.516140
0.818179	0.791111	0.521774
0.811916	0.790000	0.527788
0.822685	0.787778	0.534564
0.846643	0.787778	0.559498
0.866293	0.786667	0.593833
0.884850	0.784444	0.584431
0.897806	0.784444	0.584126
0.901485	0.784444	0.582185
0.898303	0.782222	0.569699
0.893465	0.781111	0.564142
0.890152	0.781111	0.565512
0.892405	0.784444	0.573278
0.893366	0.786667	0.579026
0.894758	0.790000	0.578683
0.899099	0.792222	0.579064
0.901186	0.794444	0.584583
0.900987	0.797778	0.573734
0.896879	0.801111	0.560601
0.895487	0.803333	0.560944
0.903672	0.802222	0.572136
0.916926	0.798889	0.578531
0.919643	0.793333	0.572440
0.916330	0.786667	0.566882
0.913182	0.782222	0.557937
0.906654	0.776667	0.545718
0.895023	0.772222	0.535402
0.886507	0.765555	0.533917
0.887733	0.762222	0.549296
0.895023	0.765555	0.564827
0.907217	0.770000	0.577351
0.922294	0.773333	0.591968
0.931042	0.778889	0.599924
0.933992	0.783333	0.596384
0.939095	0.787778	0.591397
0.946683	0.792222	0.592044
0.955796	0.796667	0.600114
0.974518	0.797778	0.616254
0.991285	0.801111	0.624172
0.991915	0.801111	0.612790
0.980317	0.801111	0.590027
0.967692	0.804444	0.571717
0.955895	0.804444	0.564903
0.939393	0.804444	0.558508
