0.210556	0.626744	0.452114
0.209507	0.626744	0.444129
0.207270	0.628488	0.445304
0.206676	0.629651	0.452408
0.211814	0.630814	0.462450
0.218141	0.631977	0.472591
0.220273	0.633721	0.480135
0.217441	0.634884	0.477784
0.210451	0.636046	0.465439
0.206117	0.637209	0.462548
0.203321	0.638372	0.466663
0.196365	0.639535	0.463430
0.188081	0.640698	0.456964
0.182139	0.642442	0.453241
0.176826	0.643023	0.447901
0.172702	0.643023	0.442169
0.176407	0.641279	0.454269
0.185844	0.637791	0.478470
0.196120	0.634884	0.501641
0.208494	0.631395	0.513692
0.223104	0.628488	0.510116
0.237295	0.625581	0.500465
0.248794	0.622674	0.490227
0.255190	0.619186	0.486406
0.256344	0.616279	0.479939
0.252569	0.613372	0.461618
0.242677	0.609884	0.439377
0.227927	0.606977	0.419684
0.216742	0.605814	0.411845
0.209892	0.605814	0.414638
0.205523	0.605814	0.422917
0.201887	0.606977	0.428305
0.197448	0.607558	0.424778
0.193778	0.607558	0.415666
0.190528	0.607558	0.405526
0.185809	0.607558	0.404350
0.179203	0.608139	0.407534
0.170255	0.609302	0.407485
0.160923	0.609302	0.405918
0.152954	0.609302	0.405624
0.148165	0.609302	0.418606
0.147920	0.609302	0.441287
0.153967	0.611046	0.460785
0.159315	0.611046	0.472493
0.158546	0.611046	0.473914
0.156169	0.611046	0.473179
0.155225	0.611046	0.474159
0.159455	0.611046	0.478372
0.166271	0.611046	0.487728
0.171968	0.610465	0.503405
0.175813	0.609302	0.516436
0.177281	0.609302	0.521824
0.175533	0.608139	0.518395
0.171828	0.607558	0.509528
0.168018	0.607558	0.501200
0.163160	0.605814	0.492088
0.156589	0.605814	0.481409
0.148445	0.605814	0.470387
0.141070	0.604070	0.463528
0.143027	0.604070	0.478715
0.153338	0.604070	0.508842
0.167389	0.603488	0.536864
0.187452	0.602326	0.556116
0.213841	0.602326	0.561897
0.240301	0.602326	0.552393
0.260259	0.602326	0.536031
0.264523	0.602326	0.530201
0.263509	0.600581	0.522363
0.265991	0.600581	0.502327
0.264313	0.600581	0.487141
0.256344	0.600581	0.477980
0.241629	0.600581	0.455935
0.226075	0.598837	0.435556
0.218350	0.598837	0.442169
0.212233	0.598837	0.455788
0.203460	0.598837	0.461226
0.196959	0.598837	0.460687
0.193708	0.597674	0.455151
0.191751	0.597093	0.446333
0.188850	0.597093	0.438250
0.181720	0.598256	0.436046
0.176861	0.600000	0.440014
0.179483	0.601744	0.449126
0.180636	0.603488	0.451330
0.177910	0.605814	0.447264
0.175813	0.607558	0.456768
0.174345	0.609302	0.471905
0.172632	0.611628	0.477784
0.170080	0.613372	0.472787
0.166026	0.615116	0.456768
0.158861	0.616279	0.441924
0.150786	0.618023	0.433792
0.150017	0.617442	0.432225
0.155540	0.616279	0.443100
0.164663	0.613954	0.471317
0.172038	0.612209	0.492823
0.176407	0.610465	0.497673
0.183432	0.608721	0.495909
0.192730	0.606395	0.489982
0.202831	0.604651	0.481752
0.209402	0.602907	0.474404
0.210451	0.601163	0.470680
0.216917	0.600581	0.473571
0.226879	0.600581	0.479351
0.230584	0.600581	0.478764
0.229675	0.600581	0.474697
0.226354	0.600581	0.470044
0.219853	0.600581	0.463283
0.210101	0.602326	0.453192
0.196050	0.602326	0.434037
0.183502	0.602326	0.418998
0.181475	0.602326	0.429677
0.183118	0.602326	0.451526
0.183677	0.602326	0.472150
0.183397	0.602326	0.482830
0.181720	0.604070	0.483221
0.177910	0.604070	0.478274
0.173855	0.604070	0.468035
0.170989	0.604070	0.452947
0.163509	0.604070	0.439132
0.151975	0.604070	0.433400
0.149353	0.604651	0.451183
0.152324	0.605814	0.476265
0.152464	0.605814	0.480429
0.154911	0.605814	0.479939
0.162461	0.605814	0.483956
0.171653	0.605814	0.478617
0.180496	0.605814	0.466957
0.186858	0.606977	0.461961
0.194338	0.607558	0.460295
0.204928	0.607558	0.458433
0.211884	0.607558	0.458384
0.213107	0.608721	0.458433
0.208459	0.609302	0.454808
0.199196	0.609302	0.445500
0.186718	0.609884	0.430069
0.174939	0.611046	0.421349
0.165467	0.611046	0.421986
0.156938	0.611046	0.418459
0.148410	0.612209	0.411502
0.138064	0.612791	0.404840
0.136141	0.612791	0.412874
0.148340	0.612791	0.441973
0.163055	0.613372	0.466663
0.175149	0.614535	0.476118
0.180811	0.614535	0.463528
0.183432	0.614535	0.445549
0.185739	0.614535	0.432812
0.190877	0.615698	0.422917
0.197518	0.616279	0.413364
0.202202	0.616279	0.399500
0.202936	0.616279	0.389311
0.198427	0.616279	0.389360
0.190738	0.617442	0.390046
0.182768	0.617442	0.390291
0.180357	0.616279	0.400431
0.181650	0.615116	0.416352
0.183258	0.613954	0.431441
0.188955	0.612209	0.442267
0.199685	0.611046	0.446774
0.208878	0.609302	0.448832
0.214505	0.608139	0.449517
0.217441	0.606977	0.449713
0.217197	0.605814	0.447509
0.212688	0.604070	0.439426
0.204998	0.602907	0.433743
0.195211	0.601744	0.437221
0.185914	0.600581	0.441238
0.178574	0.600000	0.441924
0.172178	0.600581	0.443737
0.167354	0.600581	0.446529
0.165012	0.600581	0.449322
0.165676	0.602326	0.454318
0.169521	0.602326	0.462401
0.172387	0.602907	0.461275
0.175218	0.604070	0.452016
0.185669	0.604070	0.453045
0.201713	0.604651	0.459707
0.218525	0.605814	0.459805
0.233590	0.605814	0.455298
0.244460	0.606395	0.448342
0.249493	0.607558	0.442512
0.247606	0.607558	0.438936
0.237959	0.606395	0.430902
0.223768	0.605233	0.420369
0.211534	0.604070	0.414295
0.201748	0.602326	0.412678
0.194652	0.601744	0.414883
0.188745	0.600581	0.416646
0.183153	0.598837	0.415275
0.177106	0.597674	0.409592
0.170360	0.596512	0.400529
0.162740	0.595349	0.388870
0.155959	0.594186	0.382403
0.152534	0.593023	0.390682
0.150717	0.591860	0.395728
0.149353	0.591860	0.387890
0.146208	0.591860	0.384755
0.144215	0.592442	0.392838
0.152185	0.593605	0.414638
0.164383	0.593605	0.440210
0.174519	0.595349	0.459168
0.182174	0.595349	0.466614
0.188640	0.596512	0.466614
0.197658	0.597093	0.474257
0.212129	0.597093	0.485867
0.234848	0.598837	0.495567
0.259105	0.598837	0.501837
0.279902	0.600000	0.503013
0.292520	0.600581	0.494930
0.297239	0.600581	0.484054
0.297518	0.602326	0.487826
0.294443	0.602326	0.495958
0.289025	0.602326	0.495175
0.283153	0.604070	0.487190
0.277875	0.604070	0.474844
0.271933	0.604070	0.471415
0.265082	0.604651	0.474404
0.257148	0.605814	0.471121
0.249039	0.605814	0.465047
0.241943	0.605814	0.462499
0.237085	0.606395	0.460148
0.235687	0.607558	0.455004
0.234568	0.607558	0.450938
0.231912	0.607558	0.449664
0.229151	0.608721	0.447509
0.225830	0.609302	0.442806
0.220238	0.609302	0.432616
0.213282	0.609302	0.425366
0.206431	0.609302	0.432127
0.207410	0.609302	0.449273
0.219993	0.609302	0.474453
0.240440	0.608721	0.508255
0.262286	0.607558	0.536815
0.278294	0.607558	0.544114
0.285530	0.605814	0.535835
0.283957	0.605814	0.517317
0.279308	0.604651	0.497281
0.272667	0.604070	0.478813
0.263579	0.603488	0.463969
0.254526	0.602326	0.450301
0.248340	0.602326	0.435115
0.244565	0.600581	0.426542
0.242607	0.600581	0.429481
0.238448	0.600581	0.434821
0.232716	0.602326	0.439475
0.236211	0.603488	0.447019
0.246068	0.604651	0.458923
0.255051	0.605814	0.477343
0.263579	0.607558	0.492774
0.271758	0.608721	0.497281
0.276302	0.609884	0.493215
0.276022	0.611046	0.481801
0.271409	0.612791	0.461716
0.265816	0.613372	0.445892
0.264593	0.614535	0.454857
0.263649	0.616279	0.465292
0.259420	0.617442	0.458825
0.249563	0.618023	0.444766
0.236491	0.618023	0.432518
0.231912	0.618023	0.441630
0.231423	0.618023	0.457454
0.227962	0.618023	0.459511
0.223279	0.618023	0.459658
0.218280	0.618023	0.461716
0.213736	0.618023	0.456719
0.209507	0.618023	0.447460
0.205138	0.618023	0.440553
0.199581	0.618023	0.434919
0.191751	0.616860	0.429383
0.183293	0.616279	0.417430
0.175358	0.616279	0.399941
0.169067	0.616279	0.396708
0.165432	0.616279	0.405673
0.165502	0.616279	0.415862
0.170570	0.616279	0.429775
0.181790	0.616279	0.448146
0.200419	0.618023	0.463871
0.222300	0.618023	0.473571
0.239462	0.618023	0.475236
0.249773	0.618023	0.469358
0.251940	0.618023	0.457062
0.248759	0.618023	0.444864
0.241734	0.618023	0.435703
0.230863	0.618023	0.426297
0.217721	0.619767	0.417920
0.205453	0.619767	0.414393
0.192974	0.619767	0.412188
0.178434	0.619767	0.406359
0.169801	0.619767	0.407730
0.170640	0.618023	0.419879
0.172667	0.618023	0.426934
0.173995	0.617442	0.429138
0.174170	0.616279	0.431980
0.175638	0.616279	0.434429
0.180426	0.614535	0.435458
0.189899	0.614535	0.431343
0.201818	0.613372	0.423652
0.210066	0.612791	0.419145
0.214610	0.612791	0.415520
0.216463	0.611046	0.409151
0.216638	0.611046	0.406163
0.215414	0.609302	0.408808
0.210800	0.611046	0.415520
0.206466	0.612791	0.419439
0.206991	0.614535	0.414442
0.212548	0.616279	0.423260
0.221636	0.618023	0.446725
0.230024	0.619767	0.461520
0.240405	0.620930	0.470240
0.256064	0.622674	0.477000
0.281510	0.624419	0.480625
0.311115	0.626163	0.479204
0.332436	0.627907	0.469848
0.341594	0.629070	0.450154
0.339462	0.630233	0.424631
0.339636	0.630233	0.417675
0.340196	0.628488	0.420859
0.335862	0.627907	0.419684
0.325061	0.626744	0.412188
0.310975	0.625000	0.401117
0.303181	0.623837	0.395042
0.298043	0.623256	0.393720
0.290458	0.621512	0.395483
0.282349	0.620349	0.394063
0.273750	0.619767	0.389213
0.260748	0.618023	0.391074
0.253443	0.616860	0.408122
0.263335	0.616279	0.445011
0.282593	0.616279	0.472346
0.302971	0.616279	0.486896
0.315239	0.618023	0.500906
0.319783	0.618023	0.498016
0.316952	0.618023	0.475971
0.306711	0.618023	0.451722
0.292625	0.618023	0.432029
0.278609	0.618023	0.421986
0.265746	0.618023	0.412580
0.254526	0.618023	0.402587
0.243796	0.618023	0.404546
0.238833	0.618023	0.420222
0.246103	0.618023	0.448489
0.260958	0.618023	0.474208
0.277665	0.618023	0.492774
0.289025	0.618023	0.509675
0.295037	0.616279	0.515897
0.295911	0.616279	0.506638
0.290772	0.616279	0.487336
0.282593	0.616279	0.468378
0.274974	0.615116	0.460687
0.266585	0.614535	0.450350
0.256624	0.614535	0.435262
0.244425	0.614535	0.428893
0.235931	0.613954	0.434821
0.236526	0.612791	0.452555
0.241978	0.612791	0.466467
0.250647	0.612791	0.473767
0.261377	0.612791	0.476314
0.269137	0.611628	0.465390
0.270884	0.611046	0.440945
0.264733	0.611046	0.412629
0.256169	0.611046	0.390437
0.250402	0.610465	0.382354
0.246452	0.609302	0.377651
0.241699	0.609302	0.374516
0.229990	0.609302	0.376721
0.223838	0.609302	0.392201
0.231458	0.608139	0.423652
0.242363	0.607558	0.455984
0.252639	0.607558	0.478176
0.259804	0.607558	0.482242
0.263369	0.607558	0.475481
0.263369	0.607558	0.463332
0.260049	0.607558	0.451575
0.255994	0.605814	0.434870
0.251590	0.605814	0.414932
0.241000	0.605814	0.408759
0.235093	0.606977	0.412139
0.241804	0.608139	0.417381
0.244110	0.609302	0.419439
0.239287	0.611046	0.414001
0.228836	0.611628	0.398178
0.216812	0.612791	0.382942
0.205558	0.614535	0.373096
0.195980	0.615116	0.366874
0.188326	0.616279	0.365012
0.182349	0.618023	0.368393
0.172387	0.619186	0.369372
0.160294	0.620930	0.369666
0.161272	0.623837	0.388037
0.167039	0.626163	0.408073
0.168577	0.628488	0.413315
0.169032	0.630814	0.410866
0.170115	0.633140	0.409445
0.173471	0.636046	0.420712
0.181650	0.638372	0.428403
0.195876	0.641279	0.423750
0.214575	0.643023	0.418949
0.233799	0.645349	0.419782
0.248270	0.648256	0.430951
0.252674	0.650000	0.441973
0.247955	0.651163	0.448881
0.250751	0.651163	0.463381
0.256309	0.649419	0.474893
0.256169	0.648256	0.472787
0.249039	0.647674	0.482634
0.236561	0.645930	0.499045
0.222894	0.644767	0.486455
0.212513	0.644186	0.461030
0.209297	0.642442	0.442316
0.209018	0.641279	0.433743
0.208878	0.640698	0.435115
0.206781	0.638953	0.436878
0.202167	0.637791	0.435850
0.195631	0.636628	0.431049
0.200419	0.635465	0.442806
0.215589	0.635465	0.463920
0.226494	0.635465	0.460050
0.231283	0.635465	0.443198
0.229325	0.637209	0.424288
0.222335	0.637209	0.409298
0.212129	0.637209	0.397051
0.201118	0.637209	0.384363
0.190073	0.637209	0.375398
0.179727	0.637209	0.372312
0.170919	0.637209	0.372998
0.162775	0.637209	0.374271
0.152779	0.637209	0.370499
0.149913	0.637209	0.379464
0.159979	0.637209	0.410082
0.179727	0.636046	0.442169
0.203181	0.633721	0.464851
0.222859	0.631395	0.470436
0.234219	0.629651	0.462891
0.236840	0.627907	0.447166
0.235197	0.625581	0.431833
0.231283	0.623837	0.417577
0.226844	0.621512	0.404007
0.219329	0.619767	0.387008
0.208319	0.617442	0.366188
0.197693	0.615698	0.350365
0.186648	0.613372	0.340224
0.172772	0.611628	0.333807
0.165746	0.611046	0.340714
0.169941	0.612791	0.362318
0.177665	0.614535	0.379415
0.187557	0.616279	0.391760
0.199196	0.618023	0.402538
0.209507	0.619767	0.411649
0.217127	0.621512	0.418998
0.224152	0.623256	0.424778
0.228522	0.624419	0.425366
0.226739	0.626163	0.415079
0.223418	0.627907	0.405134
0.222020	0.629651	0.402097
0.223768	0.631395	0.400676
0.226180	0.633140	0.395238
0.224117	0.634884	0.376476
0.218315	0.636046	0.364180
0.210031	0.637209	0.372263
0.201818	0.636628	0.380101
0.195945	0.635465	0.387008
0.194373	0.633721	0.404546
0.198882	0.632558	0.424484
0.209647	0.630814	0.439916
0.218490	0.629070	0.453437
0.223733	0.627907	0.460491
0.226809	0.626163	0.451085
0.228242	0.625000	0.431980
0.228626	0.623256	0.411453
0.228766	0.621512	0.397296
0.228102	0.619767	0.393034
0.219853	0.618605	0.383089
0.205313	0.616860	0.369421
0.192520	0.615698	0.367756
0.180776	0.613954	0.371283
0.168088	0.612791	0.369960
0.167354	0.610465	0.386126
0.182698	0.608139	0.426395
0.199441	0.606395	0.465684
0.212828	0.603488	0.490570
0.220203	0.601163	0.489639
0.223978	0.598256	0.484299
0.226040	0.596512	0.485818
0.229605	0.594186	0.484838
0.234149	0.591279	0.476510
0.237155	0.588953	0.454269
0.236631	0.587209	0.424778
0.230269	0.584302	0.396708
0.218560	0.581977	0.375349
0.203355	0.579070	0.365698
0.194373	0.577907	0.372116
0.193534	0.576163	0.390878
0.196295	0.576163	0.408122
0.200664	0.576163	0.423113
0.204823	0.576163	0.436829
0.208494	0.576163	0.443492
0.211290	0.576163	0.438152
