0.375755	0.525662	0.991395
0.343737	0.525662	0.981377
0.306988	0.525662	0.930259
0.272251	0.525662	0.872849
0.246879	0.525662	0.863730
0.236106	0.525662	0.890444
0.245268	0.525662	0.884023
0.271647	0.523179	0.873876
0.310612	0.519868	0.903159
0.345248	0.516556	0.953121
0.364881	0.512417	1.000000
0.369714	0.509934	0.968148
0.361357	0.506622	0.880683
0.343133	0.502484	0.822630
0.321587	0.499172	0.796815
0.305578	0.495033	0.800668
0.288663	0.491722	0.794760
0.262686	0.487583	0.729900
0.230165	0.485099	0.652967
0.195127	0.481788	0.600694
0.191502	0.477649	0.593886
0.232984	0.473510	0.636270
0.302356	0.469371	0.689443
0.378071	0.464404	0.728872
0.432340	0.460265	0.729643
0.465163	0.455298	0.719882
0.478051	0.450331	0.716157
0.485199	0.446192	0.685076
0.485904	0.442053	0.627151
0.467076	0.437086	0.568970
0.427608	0.432119	0.516440
0.365687	0.427980	0.471873
0.310411	0.423013	0.437067
0.289972	0.421358	0.413178
0.282118	0.418874	0.402903
0.275171	0.420530	0.400848
0.265405	0.421358	0.370665
0.253323	0.421358	0.327126
0.242046	0.421358	0.309145
0.230266	0.421358	0.298099
0.216371	0.421358	0.274210
0.197443	0.421358	0.265348
0.171164	0.421358	0.284357
0.133206	0.421358	0.287439
0.098671	0.421358	0.279348
0.112163	0.421358	0.318777
0.167237	0.421358	0.393270
0.246275	0.418874	0.476111
0.337797	0.418874	0.522862
0.426198	0.417219	0.515669
0.487918	0.416391	0.476496
0.524768	0.415563	0.418829
0.546214	0.413907	0.356923
0.547020	0.413907	0.299255
0.523057	0.411424	0.254559
0.476339	0.411424	0.235936
0.413008	0.409768	0.246596
0.359948	0.410596	0.252248
0.326621	0.411424	0.249422
0.314740	0.413907	0.258926
0.314237	0.414735	0.276394
0.310612	0.416391	0.294375
0.305075	0.417219	0.289237
0.297422	0.418874	0.246596
0.283025	0.420530	0.206011
0.260773	0.421358	0.185846
0.239428	0.423013	0.184305
0.214257	0.423841	0.192268
0.161398	0.424669	0.180067
0.110652	0.425497	0.171718
0.109746	0.423841	0.207295
0.125957	0.421358	0.261752
0.135824	0.419702	0.312612
0.145489	0.417219	0.333547
0.152638	0.414735	0.318392
0.148308	0.412252	0.280118
0.137535	0.409768	0.235679
0.130689	0.408113	0.209350
0.121526	0.405629	0.192397
0.103907	0.403146	0.175572
0.081756	0.400662	0.166581
0.060209	0.398179	0.170306
0.054672	0.396523	0.192011
0.066754	0.394868	0.224634
0.085381	0.394040	0.246468
0.104209	0.394040	0.257257
0.116492	0.394040	0.260853
0.120016	0.394040	0.242615
0.114277	0.394040	0.200616
0.107632	0.394040	0.182635
0.097966	0.394040	0.189699
0.063431	0.394040	0.165297
0.029400	0.393212	0.135500
0.040677	0.386589	0.153352
0.061619	0.378311	0.178140
0.064237	0.367550	0.176599
0.059807	0.355132	0.159774
0.049738	0.343543	0.131261
0.025171	0.331954	0.083483
0.000000	0.322020	0.053686
0.000705	0.321192	0.114051
0.018627	0.328643	0.187002
0.043596	0.338576	0.192268
0.066351	0.348510	0.206011
0.082360	0.359272	0.251092
0.099074	0.369205	0.253532
0.112767	0.379967	0.208323
0.114076	0.389901	0.130619
0.103101	0.399834	0.064089
0.081253	0.408940	0.053172
0.071083	0.413907	0.060622
0.086488	0.413907	0.075520
0.115385	0.411424	0.149884
0.181232	0.408940	0.264706
0.323500	0.406457	0.374518
0.512284	0.404801	0.456846
0.712243	0.402318	0.496661
0.866694	0.399834	0.498716
0.962545	0.397351	0.462368
0.999295	0.395695	0.388518
1.000000	0.393212	0.318135
0.979662	0.390729	0.266889
0.940797	0.389073	0.202928
0.892569	0.386589	0.134087
0.850483	0.384106	0.090804
0.812727	0.382450	0.070896
0.772855	0.380795	0.067043
0.727849	0.378311	0.066530
0.670560	0.376656	0.046494
0.620822	0.374172	0.036733
0.603806	0.376656	0.076933
0.597362	0.378311	0.113023
0.584575	0.379967	0.107115
0.553262	0.381623	0.091960
0.503927	0.384106	0.088364
0.484495	0.384934	0.121500
0.495570	0.386589	0.183663
0.512284	0.389073	0.240303
0.526581	0.390729	0.281531
0.531716	0.391556	0.298998
0.533729	0.394040	0.307603
0.536750	0.395695	0.318135
0.542086	0.396523	0.340868
0.554974	0.394868	0.370152
0.581857	0.389073	0.393655
0.604813	0.381623	0.378371
0.614982	0.375000	0.322887
0.614680	0.366722	0.293090
0.598369	0.363411	0.278063
0.558296	0.371689	0.248266
0.536549	0.394040	0.246468
0.549134	0.425497	0.280118
0.557592	0.456126	0.269201
0.548933	0.486755	0.237349
0.513492	0.518212	0.237349
0.503323	0.550497	0.247110
0.534938	0.581954	0.260853
0.557290	0.614239	0.302338
0.569674	0.646523	0.347418
0.580044	0.677152	0.364244
0.597563	0.709437	0.383380
0.622835	0.739238	0.412278
0.640959	0.769040	0.421783
0.647302	0.798841	0.427305
0.640656	0.831126	0.452864
0.660391	0.863411	0.490239
0.703484	0.896523	0.522219
0.722916	0.929636	0.519137
0.719392	0.961093	0.474698
0.698852	0.988411	0.392756
0.673681	1.000000	0.330465
0.647604	0.988411	0.299127
0.616794	0.955298	0.269073
0.572996	0.908113	0.228872
0.506645	0.865066	0.169535
0.469291	0.821192	0.169792
0.477346	0.778974	0.248266
0.478151	0.735099	0.302723
0.467177	0.692053	0.322117
0.449356	0.649007	0.314282
0.429923	0.605132	0.295274
0.411196	0.562914	0.274724
0.386528	0.518212	0.245441
0.354611	0.475993	0.214359
0.313331	0.431291	0.194066
0.297422	0.393212	0.212176
0.325816	0.368378	0.277678
0.346456	0.354305	0.320704
0.354209	0.346027	0.325071
0.359746	0.336093	0.292191
0.358739	0.325331	0.256229
0.350987	0.315397	0.239019
0.348369	0.307947	0.230414
0.351188	0.305464	0.239533
0.356524	0.309603	0.276907
0.368707	0.314570	0.300411
0.387535	0.318709	0.294375
0.403041	0.323676	0.276907
0.431132	0.327815	0.275366
0.487012	0.332781	0.311071
0.538663	0.337748	0.310814
0.569875	0.341887	0.273183
0.572996	0.345199	0.260339
0.576822	0.346854	0.284742
0.603806	0.346027	0.342795
0.622735	0.343543	0.372592
0.627970	0.340232	0.366812
0.624043	0.336093	0.342666
0.623741	0.333609	0.313640
0.630890	0.330298	0.288210
0.608236	0.326159	0.249037
0.573701	0.324503	0.223735
0.575413	0.324503	0.265476
0.592831	0.325331	0.314667
0.608437	0.326987	0.330722
0.609041	0.329470	0.317621
0.611659	0.331126	0.300154
0.640959	0.332781	0.311713
0.660391	0.334437	0.331749
0.653544	0.336921	0.340868
0.624748	0.338576	0.311456
0.585683	0.339404	0.260981
0.550141	0.341887	0.216157
0.511277	0.343543	0.185975
0.468385	0.344371	0.179039
0.440898	0.346854	0.196250
0.439791	0.345199	0.245184
0.473419	0.344371	0.336373
0.531514	0.344371	0.394426
0.598168	0.342715	0.393270
0.644080	0.341887	0.393784
0.673983	0.341887	0.385307
0.698248	0.340232	0.351914
0.717076	0.339404	0.344978
0.722916	0.339404	0.348317
0.697543	0.337748	0.273311
0.652739	0.336921	0.175957
0.603605	0.336921	0.124711
0.552054	0.335265	0.083740
0.500604	0.334437	0.036219
0.444221	0.334437	0.007835
0.387032	0.334437	0.010018
0.344140	0.336093	0.053172
0.326621	0.341060	0.124839
0.347463	0.345199	0.205240
0.384716	0.348510	0.262651
0.420560	0.352649	0.278320
0.440697	0.355960	0.270485
0.443919	0.360099	0.254559
0.438280	0.363411	0.255715
0.421567	0.368378	0.258669
0.390556	0.372517	0.242872
0.356222	0.375000	0.206011
0.326017	0.376656	0.151939
0.290979	0.375828	0.132032
0.255739	0.373345	0.156178
0.244462	0.370033	0.184819
0.248691	0.367550	0.215001
0.250604	0.363411	0.251349
0.251108	0.360099	0.269972
0.250503	0.357616	0.257514
0.248389	0.353477	0.250064
0.243053	0.350166	0.251092
0.231877	0.347682	0.232725
0.210834	0.343543	0.200873
0.173077	0.341060	0.168379
0.149315	0.336921	0.168508
0.160491	0.329470	0.220139
0.173077	0.322020	0.258669
0.179219	0.312086	0.270999
0.187576	0.303808	0.282173
0.199054	0.294702	0.281403
0.213854	0.284768	0.255715
0.219694	0.276490	0.221038
0.213955	0.269040	0.190085
0.212042	0.272351	0.178782
0.211337	0.281457	0.180324
0.204491	0.290563	0.179425
0.201269	0.299669	0.196507
0.205497	0.308775	0.236578
0.202880	0.317053	0.245184
0.189891	0.326159	0.221295
0.166130	0.334437	0.190342
0.139146	0.342715	0.165939
0.117499	0.349338	0.162214
0.104611	0.354305	0.171590
0.108035	0.354305	0.194452
0.154148	0.351821	0.257770
0.236710	0.351821	0.340611
0.333971	0.351821	0.394554
0.423178	0.350166	0.425893
0.485501	0.349338	0.440149
0.529903	0.349338	0.427049
0.558598	0.348510	0.386078
0.567660	0.346854	0.327382
0.557994	0.346854	0.268559
0.527588	0.346854	0.236322
0.505336	0.345199	0.232854
0.522553	0.343543	0.257642
0.554269	0.341060	0.288081
0.584474	0.337748	0.308374
0.605316	0.334437	0.314154
0.614176	0.331126	0.300925
0.612465	0.327815	0.263422
0.601389	0.324503	0.212561
0.583166	0.321192	0.160673
0.564640	0.318709	0.136912
0.557189	0.315397	0.160416
0.601087	0.308775	0.228615
0.673782	0.297185	0.310943
0.721506	0.281457	0.358335
0.743959	0.264073	0.365014
0.742147	0.247517	0.330850
0.719996	0.230133	0.274852
0.682642	0.213576	0.208965
0.637837	0.196192	0.143719
0.586387	0.180464	0.084768
0.525977	0.170530	0.035834
0.490536	0.163907	0.030953
0.496476	0.161424	0.083226
0.501410	0.158940	0.136399
0.497785	0.155629	0.165297
0.492650	0.152318	0.147573
0.474627	0.149007	0.103262
0.433145	0.146523	0.057925
0.407773	0.143212	0.060108
0.409182	0.141556	0.119060
0.407471	0.140729	0.183791
0.401430	0.140729	0.228230
0.394482	0.140729	0.230285
0.376762	0.140729	0.206525
0.357028	0.140729	0.180837
0.387737	0.140729	0.203699
0.435058	0.140729	0.244798
0.455598	0.140729	0.263036
0.451168	0.140729	0.245569
0.428111	0.140729	0.200616
0.402235	0.139901	0.158875
0.367499	0.140729	0.124839
0.315848	0.142384	0.100051
0.284333	0.146523	0.103134
0.283729	0.149835	0.135114
0.278494	0.153973	0.163755
0.268425	0.157285	0.173260
0.261277	0.161424	0.148343
0.244764	0.165563	0.112638
0.219291	0.173013	0.089520
0.236810	0.182119	0.120087
0.280709	0.190397	0.188287
0.306182	0.200331	0.252376
0.337797	0.210265	0.292833
0.388139	0.219371	0.302081
0.445630	0.228477	0.305805
0.499295	0.237583	0.299897
0.535642	0.246689	0.265990
0.549235	0.254967	0.228872
0.536549	0.264901	0.212818
0.524265	0.274007	0.201130
0.524064	0.282285	0.190085
0.507753	0.288079	0.201516
0.495671	0.285596	0.243129
0.537656	0.272351	0.321474
0.593133	0.253311	0.381069
0.626359	0.235927	0.378371
0.637837	0.217715	0.339584
0.628675	0.199503	0.276650
0.602799	0.181291	0.198562
0.569875	0.163907	0.120986
0.541683	0.144040	0.060622
0.497282	0.130795	0.019394
0.431132	0.125828	0.000000
0.395389	0.126656	0.006550
0.390052	0.130795	0.031338
0.379279	0.134934	0.054457
0.365888	0.139073	0.069612
0.356726	0.142384	0.071410
0.349577	0.146523	0.081428
0.348872	0.149835	0.116748
0.383004	0.153973	0.199332
0.449154	0.155629	0.302594
0.528997	0.155629	0.371436
0.621728	0.153973	0.426920
0.717580	0.151490	0.472001
0.789468	0.149835	0.473157
0.825211	0.147351	0.428975
0.822392	0.144868	0.348574
0.807290	0.143212	0.266376
0.785038	0.140729	0.193553
0.749799	0.138245	0.128436
0.706101	0.135762	0.074878
0.659585	0.134106	0.036219
0.599275	0.131623	0.012972
0.524366	0.129967	0.005780
0.477648	0.125828	0.012844
0.458619	0.120861	0.040843
0.438985	0.113411	0.108143
0.415928	0.105960	0.161957
0.387535	0.100993	0.157719
0.353705	0.093543	0.114950
0.312928	0.086093	0.062548
0.259062	0.078642	0.054328
0.211639	0.067881	0.086694
0.191804	0.053808	0.143848
0.181736	0.038907	0.198305
0.170358	0.024007	0.234395
0.151832	0.007450	0.248651
0.122332	0.000000	0.245055
0.080346	0.014073	0.231569
0.065948	0.038907	0.275238
0.093335	0.062914	0.388261
0.132400	0.088576	0.484459
0.174487	0.113411	0.558438
0.216573	0.139073	0.619830
0.285441	0.164735	0.656948
0.377467	0.189570	0.663884
0.456303	0.214404	0.637811
0.513190	0.240066	0.586822
0.544201	0.265728	0.520036
0.559001	0.291391	0.442332
0.557290	0.313742	0.358592
0.524466	0.319536	0.271898
0.491140	0.314570	0.209864
0.486609	0.307119	0.195608
0.483588	0.297185	0.190213
0.472412	0.288907	0.174030
0.453786	0.279801	0.131775
0.432743	0.270695	0.089391
0.415526	0.262417	0.078089
0.402839	0.253311	0.075905
0.393778	0.245033	0.069355
0.380185	0.235099	0.049961
0.356222	0.227649	0.026971
0.311619	0.217715	0.022219
0.288159	0.210265	0.066401
0.315646	0.202815	0.169792
0.339307	0.200331	0.230028
0.346657	0.197848	0.232340
0.344039	0.197848	0.203442
0.320379	0.195364	0.167352
0.272654	0.194537	0.143719
0.226843	0.192881	0.142820
0.192912	0.192881	0.165040
0.175191	0.194537	0.203314
0.166734	0.197020	0.256614
0.162203	0.199503	0.320832
0.171567	0.201987	0.377087
0.192408	0.204470	0.412407
0.209525	0.206954	0.412150
0.236911	0.209437	0.402903
0.290979	0.211921	0.414462
0.368304	0.214404	0.420498
0.460733	0.216888	0.410352
0.550443	0.217715	0.386720
0.616089	0.215232	0.351914
0.642670	0.210265	0.309787
0.677708	0.202815	0.285127
0.714760	0.195364	0.268045
0.701772	0.189570	0.214359
0.656464	0.182947	0.159902
0.598570	0.175497	0.136784
0.539468	0.170530	0.128179
0.486609	0.163080	0.127151
0.432239	0.156457	0.128693
0.388240	0.150662	0.133958
0.382904	0.143212	0.150398
0.403544	0.137417	0.171847
0.432944	0.136589	0.191241
0.464660	0.139901	0.218212
0.494060	0.144868	0.259183
0.524567	0.149835	0.317878
0.550342	0.155629	0.380041
0.559203	0.160596	0.419342
0.562626	0.165563	0.432186
0.572896	0.170530	0.417544
0.581454	0.175497	0.391343
0.584072	0.180464	0.363987
0.578635	0.185431	0.334832
0.565546	0.190397	0.306319
0.548933	0.197848	0.282687
0.529501	0.205298	0.266504
0.504430	0.212748	0.258413
0.489629	0.220199	0.275751
0.500906	0.227649	0.334575
0.529702	0.235927	0.401618
0.564942	0.245033	0.455818
0.581957	0.252484	0.484588
0.589005	0.259934	0.490624
0.602900	0.269040	0.481505
0.611257	0.277318	0.460570
0.606826	0.284768	0.430645
0.597765	0.292219	0.390059
0.585381	0.299669	0.348317
0.568264	0.308775	0.328538
0.538864	0.313742	0.320447
0.490838	0.314570	0.311200
0.468486	0.314570	0.333933
0.478252	0.314570	0.385435
0.479360	0.314570	0.416003
0.462948	0.314570	0.409068
