84.14	6.17	67.11
84.18	6.17	66.75
84.17	6.17	66.50
84.13	6.17	66.32
84.07	6.17	66.22
83.99	6.17	66.19
83.92	6.18	66.22
83.84	6.18	66.31
83.79	6.18	66.44
83.76	6.18	66.60
83.76	6.19	66.80
83.86	6.19	67.02
84.06	6.19	67.25
84.28	6.19	67.49
84.51	6.20	67.73
84.73	6.20	67.96
84.91	6.20	68.18
85.02	6.20	68.40
85.08	6.21	68.58
85.10	6.21	68.71
85.09	6.21	68.79
85.01	6.21	68.78
84.83	6.22	68.55
84.62	6.22	68.27
84.39	6.22	67.97
84.15	6.22	67.68
83.92	6.23	67.43
83.81	6.23	67.41
83.74	6.23	67.49
83.67	6.23	67.59
83.59	6.23	67.71
83.50	6.24	67.81
83.33	6.24	67.81
83.08	6.24	67.70
82.81	6.24	67.56
82.54	6.25	67.41
82.26	6.25	67.24
82.00	6.25	67.10
81.80	6.25	67.01
81.62	6.26	66.94
81.45	6.26	66.86
81.29	6.26	66.79
81.14	6.26	66.71
80.94	6.26	66.49
80.76	6.27	66.30
80.62	6.27	66.15
80.53	6.26	66.08
80.51	6.26	66.10
80.67	6.26	66.46
80.89	6.25	66.91
81.16	6.25	67.43
81.48	6.24	68.00
81.82	6.23	68.59
82.12	6.23	69.15
82.44	6.22	69.69
82.78	6.22	70.18
83.14	6.21	70.60
83.52	6.20	70.93
83.96	6.20	71.01
84.42	6.19	70.99
84.89	6.19	70.90
85.36	6.18	70.75
85.83	6.17	70.55
86.29	6.17	70.32
86.72	6.16	70.08
87.13	6.16	69.83
87.50	6.15	69.58
87.83	6.15	69.34
88.10	6.14	69.22
88.29	6.13	69.17
88.44	6.13	69.13
88.53	6.12	69.06
88.56	6.12	68.95
88.55	6.11	68.74
88.48	6.10	68.35
88.36	6.10	67.92
88.19	6.09	67.44
87.96	6.09	66.94
87.67	6.08	66.43
87.24	6.07	65.91
86.77	6.07	65.42
86.29	6.06	64.96
85.81	6.06	64.56
85.36	6.05	64.22
85.03	6.05	64.08
84.74	6.05	64.03
84.49	6.05	64.03
84.28	6.05	64.10
84.09	6.05	64.22
83.93	6.05	64.39
83.80	6.05	64.60
83.68	6.05	64.80
83.57	6.05	65.00
83.47	6.05	65.16
83.34	6.06	65.19
83.20	6.06	65.15
83.05	6.06	65.06
82.91	6.06	64.94
82.78	6.06	64.78
82.66	6.06	64.56
82.56	6.06	64.31
82.47	6.06	64.05
82.37	6.06	63.80
82.26	6.06	63.59
82.13	6.06	63.46
81.98	6.06	63.47
81.81	6.06	63.53
81.62	6.06	63.61
81.42	6.06	63.70
81.19	6.06	63.78
80.91	6.07	63.78
80.62	6.07	63.77
80.32	6.07	63.75
80.02	6.07	63.73
79.72	6.07	63.71
79.42	6.07	63.64
79.15	6.07	63.58
78.89	6.07	63.56
78.66	6.07	63.60
78.46	6.07	63.71
78.31	6.07	64.04
78.20	6.07	64.49
78.13	6.07	64.99
78.11	6.07	65.53
78.15	6.07	66.07
78.31	6.07	66.55
78.53	6.08	66.99
78.77	6.08	67.39
79.00	6.08	67.75
79.22	6.08	68.04
79.31	6.08	68.21
79.30	6.08	68.27
79.27	6.08	68.29
79.21	6.08	68.28
79.13	6.08	68.24
79.05	6.08	68.22
78.97	6.08	68.22
78.91	6.08	68.22
78.87	6.08	68.24
78.86	6.08	68.28
78.93	6.08	68.34
79.09	6.08	68.44
79.28	6.08	68.56
79.50	6.08	68.72
79.73	6.08	68.92
79.95	6.08	69.18
80.14	6.08	69.53
80.32	6.08	69.91
80.49	6.08	70.28
80.64	6.07	70.64
80.76	6.07	70.96
80.86	6.07	71.18
80.93	6.07	71.35
80.98	6.07	71.48
81.00	6.07	71.55
80.99	6.07	71.56
80.92	6.07	71.46
80.83	6.06	71.31
80.72	6.06	71.12
80.60	6.06	70.91
80.46	6.06	70.68
80.35	6.06	70.49
80.23	6.06	70.31
80.11	6.06	70.13
79.98	6.06	69.94
79.83	6.05	69.74
79.65	6.05	69.51
79.45	6.05	69.27
79.24	6.05	69.02
79.02	6.05	68.78
78.79	6.05	68.54
78.54	6.05	68.31
78.23	6.05	68.01
77.95	6.05	67.77
77.70	6.04	67.60
77.51	6.04	67.52
77.40	6.04	67.57
77.50	6.04	68.00
77.70	6.04	68.57
77.97	6.04	69.22
78.31	6.04	69.93
78.71	6.04	70.67
79.10	6.04	71.34
79.54	6.04	71.98
80.03	6.04	72.57
80.57	6.03	73.11
81.18	6.03	73.57
81.94	6.03	73.90
82.76	6.03	74.12
83.61	6.03	74.25
84.48	6.03	74.29
85.34	6.03	74.23
86.20	6.03	73.98
87.02	6.03	73.62
87.78	6.03	73.23
88.44	6.03	72.82
89.00	6.03	72.43
89.27	6.03	72.24
89.34	6.03	72.17
89.33	6.03	72.10
89.26	6.03	72.03
89.16	6.02	71.92
89.19	6.02	71.61
89.29	6.02	71.17
89.39	6.02	70.69
89.46	6.02	70.20
89.50	6.02	69.72
89.45	6.02	69.37
89.31	6.02	69.16
89.11	6.02	68.98
88.86	6.02	68.79
88.55	6.02	68.57
88.18	6.02	68.28
87.67	6.02	67.66
87.13	6.02	67.04
86.58	6.02	66.44
86.06	6.01	65.91
85.57	6.01	65.50
85.30	6.01	65.57
85.08	6.01	65.79
84.90	6.01	66.09
84.74	6.01	66.45
84.58	6.01	66.83
84.34	6.01	67.06
84.05	6.01	67.22
83.76	6.01	67.34
83.48	6.01	67.42
83.22	6.01	67.46
83.00	6.01	67.45
82.86	6.01	67.38
82.74	6.01	67.28
82.64	6.01	67.15
82.55	6.00	67.00
82.48	6.00	66.83
82.43	6.00	66.61
82.37	6.00	66.39
82.31	6.00	66.18
82.23	6.00	65.99
82.13	6.00	65.82
81.92	6.00	65.72
81.66	6.00	65.68
81.41	6.01	65.68
81.17	6.01	65.72
80.96	6.01	65.79
80.91	6.02	65.94
80.98	6.02	66.16
81.08	6.02	66.38
81.20	6.03	66.59
81.32	6.03	66.78
81.37	6.03	66.84
81.32	6.04	66.74
81.24	6.04	66.62
81.15	6.05	66.50
81.05	6.05	66.42
80.95	6.05	66.45
80.90	6.06	66.75
80.85	6.06	67.09
80.80	6.06	67.47
80.76	6.07	67.84
80.71	6.07	68.18
80.66	6.07	68.38
80.61	6.08	68.50
80.55	6.08	68.56
80.48	6.09	68.54
80.40	6.09	68.46
80.31	6.09	68.23
80.20	6.10	67.89
80.07	6.10	67.51
79.92	6.10	67.10
79.76	6.11	66.70
79.53	6.11	66.35
79.23	6.11	66.08
78.94	6.11	65.85
78.66	6.12	65.66
78.43	6.12	65.53
78.30	6.12	65.43
78.30	6.12	65.38
78.37	6.12	65.41
78.50	6.11	65.51
78.67	6.11	65.71
78.90	6.11	66.09
79.18	6.11	66.72
79.48	6.10	67.40
79.79	6.10	68.10
80.09	6.09	68.78
80.34	6.09	69.32
80.50	6.09	69.59
80.63	6.08	69.76
80.76	6.08	69.87
80.90	6.08	69.90
81.06	6.07	69.89
81.31	6.07	69.85
81.57	6.07	69.78
81.85	6.06	69.67
82.15	6.06	69.53
82.45	6.05	69.37
82.79	6.05	69.19
83.12	6.05	69.00
83.44	6.04	68.80
83.72	6.04	68.61
83.97	6.04	68.44
84.08	6.03	68.29
84.11	6.03	68.18
84.12	6.03	68.09
84.14	6.02	68.04
84.20	6.02	68.02
84.44	6.02	68.11
84.76	6.02	68.24
85.11	6.02	68.39
85.45	6.02	68.54
85.76	6.02	68.67
85.95	6.02	68.71
86.04	6.02	68.67
86.09	6.02	68.61
86.09	6.02	68.52
86.05	6.02	68.42
85.99	6.02	68.32
85.92	6.02	68.23
85.82	6.02	68.13
85.68	6.02	68.01
85.51	6.02	67.88
85.31	6.02	67.73
85.06	6.02	67.55
84.78	6.02	67.36
84.47	6.03	67.13
84.13	6.03	66.87
83.76	6.03	66.58
83.27	6.03	66.06
82.77	6.03	65.54
82.30	6.03	65.07
81.87	6.03	64.67
81.50	6.03	64.40
81.38	6.03	64.53
81.35	6.03	64.83
81.38	6.03	65.23
81.44	6.03	65.72
81.52	6.03	66.24
81.55	6.03	66.75
81.57	6.03	67.25
81.59	6.03	67.73
81.60	6.03	68.17
81.61	6.03	68.55
81.60	6.03	68.77
81.58	6.03	68.90
81.54	6.03	68.96
81.49	6.04	68.96
81.43	6.04	68.91
81.32	6.04	68.84
81.19	6.04	68.73
81.05	6.04	68.58
80.91	6.04	68.39
80.76	6.04	68.17
80.65	6.04	67.89
80.58	6.04	67.55
80.50	6.04	67.19
80.40	6.04	66.84
80.27	6.04	66.50
80.06	6.04	66.18
79.68	6.04	65.88
79.29	6.04	65.65
78.90	6.04	65.51
78.55	6.04	65.46
78.28	6.04	65.57
78.26	6.04	66.10
78.31	6.04	66.71
78.41	6.05	67.36
78.53	6.05	68.00
78.66	6.05	68.58
78.64	6.05	68.71
78.62	6.05	68.75
78.62	6.05	68.73
78.63	6.05	68.66
78.68	6.05	68.58
78.84	6.05	68.67
79.05	6.05	68.79
79.30	6.05	68.89
79.57	6.05	68.97
79.86	6.05	69.00
80.16	6.05	68.85
80.45	6.05	68.60
80.75	6.05	68.32
81.04	6.05	68.04
81.31	6.05	67.76
81.54	6.05	67.59
81.72	6.05	67.51
81.90	6.06	67.45
82.09	6.06	67.41
82.30	6.06	67.39
82.60	6.06	67.34
82.95	6.06	67.30
83.30	6.06	67.25
83.64	6.06	67.21
83.94	6.06	67.19
84.16	6.06	67.19
84.31	6.06	67.22
84.40	6.06	67.23
84.45	6.06	67.24
84.43	6.07	67.23
84.34	6.07	67.18
84.18	6.07	67.10
83.98	6.07	66.98
83.73	6.07	66.83
83.44	6.07	66.65
83.09	6.07	66.36
82.71	6.07	66.00
82.30	6.07	65.63
81.89	6.07	65.28
81.48	6.08	64.95
81.09	6.08	64.72
80.76	6.08	64.68
80.45	6.08	64.68
80.15	6.08	64.71
79.86	6.08	64.74
79.58	6.08	64.76
79.31	6.08	64.64
79.05	6.08	64.50
78.79	6.08	64.35
78.53	6.08	64.19
78.27	6.09	64.04
77.91	6.09	63.84
77.54	6.09	63.66
77.23	6.09	63.54
76.98	6.09	63.51
76.85	6.09	63.60
77.01	6.09	64.06
77.34	6.09	64.69
77.75	6.09	65.38
78.22	6.09	66.10
78.72	6.09	66.81
79.19	6.09	67.35
79.64	6.09	67.81
80.07	6.10	68.17
80.48	6.10	68.41
80.83	6.10	68.53
81.05	6.10	68.32
81.21	6.10	67.99
81.34	6.10	67.58
81.43	6.10	67.12
81.51	6.10	66.66
81.58	6.10	66.33
81.64	6.10	66.03
81.71	6.10	65.74
81.79	6.10	65.47
81.89	6.10	65.21
82.07	6.10	65.00
82.29	6.11	64.80
82.50	6.11	64.60
82.72	6.11	64.40
82.93	6.11	64.18
83.11	6.11	63.87
83.26	6.11	63.53
83.38	6.11	63.20
83.46	6.11	62.89
83.50	6.11	62.62
83.46	6.11	62.47
83.35	6.11	62.45
83.20	6.11	62.46
83.02	6.11	62.51
82.80	6.11	62.58
82.56	6.11	62.61
82.27	6.12	62.56
81.99	6.12	62.52
81.73	6.12	62.52
81.49	6.12	62.55
81.32	6.11	62.67
81.28	6.11	62.94
81.27	6.11	63.26
81.30	6.11	63.61
81.36	6.11	63.98
81.42	6.10	64.36
81.44	6.10	64.72
81.48	6.10	65.06
81.55	6.10	65.39
81.65	6.09	65.69
81.80	6.09	65.96
82.09	6.09	66.13
82.42	6.08	66.26
82.77	6.08	66.36
83.13	6.08	66.43
83.48	6.08	66.48
83.78	6.07	66.53
84.01	6.07	66.57
84.22	6.07	66.59
84.40	6.07	66.61
84.55	6.06	66.61
84.67	6.06	66.61
84.77	6.06	66.63
84.83	6.06	66.63
84.86	6.05	66.61
84.86	6.05	66.57
84.82	6.05	66.51
84.71	6.05	66.34
84.56	6.04	66.13
84.38	6.04	65.92
84.16	6.04	65.72
83.92	6.04	65.56
83.64	6.03	65.49
83.34	6.03	65.56
83.02	6.03	65.65
82.70	6.03	65.77
82.38	6.02	65.90
82.07	6.02	66.02
81.81	6.02	66.05
81.56	6.02	66.07
81.33	6.02	66.08
81.11	6.02	66.09
80.90	6.01	66.11
80.69	6.02	66.16
80.50	6.02	66.21
80.32	6.02	66.28
80.17	6.02	66.34
80.03	6.02	66.41
79.93	6.02	66.47
79.86	6.02	66.53
79.81	6.02	66.59
79.79	6.02	66.67
79.80	6.03	66.76
79.87	6.03	66.92
79.98	6.03	67.13
80.11	6.03	67.33
80.25	6.03	67.50
80.39	6.03	67.63
80.48	6.03	67.61
80.52	6.03	67.42
80.57	6.04	67.20
80.65	6.04	66.97
80.77	6.04	66.76
80.96	6.04	66.61
81.34	6.04	66.70
81.77	6.04	66.84
82.26	6.04	67.01
82.78	6.04	67.18
83.32	6.04	67.34
83.86	6.05	67.39
84.40	6.05	67.37
84.93	6.05	67.32
85.44	6.05	67.24
85.93	6.05	67.14
86.38	6.05	67.01
86.77	6.05	66.86
87.12	6.05	66.70
87.42	6.05	66.53
87.65	6.06	66.36
87.82	6.06	66.21
87.90	6.06	66.13
87.91	6.06	66.06
87.85	6.06	65.98
87.72	6.06	65.90
87.52	6.06	65.79
87.19	6.06	65.59
86.79	6.05	65.35
86.35	6.05	65.09
85.88	6.05	64.84
85.41	6.05	64.61
84.98	6.04	64.43
84.61	6.04	64.30
84.25	6.04	64.20
83.91	6.04	64.14
83.59	6.03	64.09
83.31	6.03	64.09
83.07	6.03	64.13
82.85	6.03	64.19
82.64	6.03	64.25
82.45	6.02	64.32
82.27	6.02	64.37
82.08	6.02	64.38
81.90	6.02	64.37
81.73	6.01	64.34
81.55	6.01	64.29
81.37	6.01	64.21
81.18	6.01	64.07
80.97	6.00	63.90
80.77	6.00	63.71
80.55	6.00	63.51
80.34	6.00	63.29
80.10	5.99	63.03
79.85	5.99	62.74
79.60	5.99	62.47
79.36	5.99	62.24
79.13	5.99	62.05
78.93	5.98	61.95
78.81	5.98	62.13
78.71	5.98	62.36
78.62	5.98	62.61
78.56	5.97	62.85
78.50	5.97	63.05
78.46	5.97	62.99
78.41	5.97	62.81
78.37	5.97	62.61
78.33	5.97	62.41
78.28	5.97	62.23
78.17	5.97	62.15
78.02	5.97	62.18
77.89	5.97	62.28
77.80	5.97	62.45
77.78	5.97	62.70
77.93	5.98	63.11
78.23	5.98	63.64
78.58	5.98	64.23
78.98	5.98	64.84
79.40	5.98	65.45
79.77	5.98	66.00
80.11	5.98	66.48
80.43	5.99	66.91
80.73	5.99	67.29
81.02	5.99	67.60
81.26	5.99	67.75
81.46	5.99	67.79
81.65	5.99	67.78
81.85	5.99	67.75
82.06	6.00	67.74
82.31	6.00	67.83
82.59	6.00	68.04
82.92	6.00	68.29
83.29	6.00	68.55
83.73	6.00	68.83
84.26	6.00	69.09
84.95	6.00	69.33
85.70	6.01	69.55
86.47	6.01	69.75
87.27	6.01	69.93
88.06	6.01	70.08
88.80	6.01	70.18
89.52	6.01	70.25
90.19	6.01	70.28
90.80	6.02	70.27
91.34	6.02	70.20
91.72	6.02	69.99
92.01	6.02	69.70
92.21	6.02	69.41
92.36	6.02	69.13
92.44	6.02	68.90
92.49	6.02	68.85
92.50	6.03	69.01
92.47	6.03	69.21
92.40	6.03	69.43
92.30	6.03	69.65
92.17	6.03	69.82
92.02	6.03	69.84
91.84	6.03	69.81
91.65	6.03	69.73
91.45	6.03	69.61
91.25	6.04	69.45
91.09	6.04	69.18
90.92	6.04	68.89
90.76	6.04	68.59
90.58	6.04	68.32
90.41	6.04	68.09
90.22	6.04	68.05
90.02	6.04	68.09
89.81	6.04	68.16
89.59	6.04	68.25
89.37	6.04	68.33
89.13	6.05	68.33
88.87	6.05	68.22
88.61	6.05	68.08
88.34	6.05	67.94
88.08	6.05	67.79
87.83	6.05	67.64
87.59	6.05	67.57
87.36	6.05	67.53
87.15	6.05	67.49
86.96	6.05	67.46
86.79	6.05	67.42
86.67	6.05	67.35
86.62	6.06	67.23
86.58	6.06	67.11
86.56	6.06	66.98
86.54	6.06	66.86
86.52	6.06	66.75
86.46	6.06	66.70
86.38	6.06	66.67
86.29	6.06	66.65
86.20	6.06	66.62
86.11	6.06	66.59
86.02	6.06	66.55
85.94	6.07	66.48
85.85	6.07	66.39
85.75	6.07	66.29
85.63	6.07	66.17
85.48	6.07	66.00
85.29	6.07	65.72
85.09	6.07	65.45
84.88	6.07	65.21
84.66	6.07	65.02
84.44	6.07	64.90
84.17	6.07	64.98
83.93	6.07	65.15
83.75	6.07	65.40
83.63	6.07	65.73
83.62	6.07	66.12
83.83	6.07	66.57
84.14	6.07	67.09
84.55	6.07	67.66
85.03	6.07	68.28
85.61	6.07	68.98
86.29	6.07	69.80
87.01	6.07	70.62
87.74	6.06	71.40
88.46	6.06	72.11
89.13	6.06	72.63
89.70	6.06	72.91
90.21	6.06	73.06
90.65	6.06	73.08
91.01	6.06	73.00
91.25	6.05	72.81
91.34	6.05	72.51
91.35	6.05	72.13
91.29	6.05	71.70
91.18	6.05	71.23
91.02	6.05	70.74
90.89	6.05	70.30
90.73	6.04	69.86
90.54	6.04	69.42
90.33	6.04	69.00
90.10	6.04	68.59
89.83	6.04	68.22
89.53	6.04	67.90
89.22	6.04	67.59
88.91	6.03	67.29
88.61	6.03	66.99
88.34	6.03	66.69
88.12	6.03	66.31
87.93	6.03	65.95
87.76	6.03	65.62
87.61	6.03	65.32
87.48	6.02	65.09
87.40	6.02	65.01
87.34	6.02	65.04
87.28	6.02	65.12
87.22	6.02	65.24
87.16	6.02	65.38
87.05	6.02	65.52
86.82	6.02	65.61
86.60	6.02	65.70
86.40	6.03	65.80
86.25	6.03	65.92
86.18	6.03	66.06
86.35	6.03	66.23
86.59	6.04	66.43
86.89	6.04	66.66
87.22	6.04	66.92
87.57	6.04	67.21
87.86	6.05	67.62
88.14	6.05	68.06
88.41	6.05	68.51
88.67	6.05	68.94
88.94	6.06	69.32
89.22	6.06	69.59
89.50	6.06	69.75
89.77	6.06	69.85
90.01	6.07	69.88
90.22	6.07	69.85
90.37	6.07	69.76
90.45	6.07	69.60
90.48	6.08	69.39
90.47	6.08	69.13
90.42	6.08	68.83
90.33	6.08	68.46
90.16	6.09	67.94
89.97	6.09	67.43
89.77	6.09	66.95
89.57	6.09	66.53
89.39	6.09	66.22
89.34	6.10	66.34
89.32	6.10	66.63
89.32	6.10	66.97
89.31	6.10	67.32
89.30	6.11	67.65
89.24	6.11	67.75
89.14	6.11	67.65
89.01	6.11	67.48
88.84	6.12	67.26
88.62	6.12	66.99
88.32	6.12	66.66
87.89	6.12	66.28
87.44	6.12	65.92
87.00	6.12	65.61
86.60	6.12	65.39
86.31	6.12	65.36
86.22	6.12	65.67
86.19	6.12	66.06
86.19	6.12	66.49
86.20	6.12	66.92
86.18	6.12	67.23
86.08	6.12	67.30
85.96	6.12	67.32
85.83	6.12	67.30
85.68	6.12	67.25
85.53	6.12	67.23
85.38	6.12	67.30
85.22	6.12	67.37
85.06	6.12	67.43
84.90	6.12	67.45
84.74	6.12	67.44
84.60	6.12	67.29
84.47	6.12	67.11
84.33	6.12	66.90
84.20	6.12	66.68
84.06	6.12	66.45
83.93	6.12	66.28
83.79	6.12	66.14
83.65	6.12	66.00
83.50	6.12	65.86
83.33	6.12	65.73
83.13	6.12	65.61
82.89	6.12	65.51
82.64	6.12	65.39
82.37	6.11	65.25
82.10	6.11	65.08
81.83	6.11	64.85
81.56	6.11	64.43
81.30	6.11	64.00
81.04	6.11	63.58
80.80	6.11	63.21
80.58	6.11	62.92
80.37	6.11	62.90
80.20	6.11	62.99
80.05	6.11	63.16
79.93	6.11	63.38
79.85	6.11	63.64
79.80	6.11	63.86
79.80	6.11	64.07
79.85	6.11	64.31
79.95	6.11	64.58
80.10	6.11	64.88
80.33	6.11	65.25
80.62	6.11	65.67
80.98	6.11	66.10
81.40	6.11	66.52
81.88	6.11	66.93
82.50	6.12	67.29
83.19	6.12	67.60
83.90	6.12	67.87
84.62	6.12	68.10
85.31	6.12	68.27
85.92	6.12	68.37
86.46	6.12	68.40
86.94	6.12	68.38
87.36	6.12	68.30
87.70	6.12	68.18
87.94	6.12	67.98
88.07	6.12	67.72
88.13	6.12	67.43
88.13	6.12	67.13
88.07	6.12	66.81
87.96	6.12	66.52
87.82	6.12	66.29
87.64	6.12	66.07
87.41	6.12	65.87
87.15	6.12	65.67
86.85	6.12	65.47
86.50	6.12	65.25
86.11	6.12	65.03
85.69	6.12	64.81
85.27	6.13	64.62
84.84	6.13	64.44
84.43	6.13	64.32
84.05	6.13	64.26
83.68	6.13	64.22
83.30	6.13	64.18
82.92	6.13	64.15
82.52	6.13	64.11
82.02	6.13	63.95
81.54	6.13	63.79
81.08	6.13	63.66
80.68	6.13	63.57
80.34	6.13	63.54
80.25	6.13	63.75
80.24	6.13	64.01
80.27	6.12	64.30
80.35	6.12	64.60
80.45	6.12	64.88
80.50	6.12	65.00
80.55	6.12	65.08
80.60	6.12	65.14
80.65	6.12	65.18
80.69	6.12	65.21
80.69	6.11	65.28
80.69	6.11	65.35
80.69	6.11	65.42
80.70	6.11	65.48
80.74	6.11	65.53
80.82	6.11	65.59
80.94	6.11	65.63
81.09	6.10	65.66
81.28	6.10	65.66
81.50	6.10	65.64
81.81	6.10	65.54
82.19	6.10	65.38
82.58	6.10	65.20
82.97	6.10	65.02
83.35	6.09	64.84
83.67	6.09	64.69
83.92	6.09	64.61
84.13	6.09	64.54
84.30	6.09	64.48
84.45	6.09	64.41
84.56	6.09	64.32
84.64	6.09	64.16
84.70	6.08	64.00
84.73	6.08	63.86
84.75	6.08	63.73
84.75	6.08	63.65
84.75	6.08	63.65
84.73	6.08	63.68
84.70	6.07	63.74
84.64	6.07	63.83
84.54	6.07	63.95
84.37	6.08	64.12
84.18	6.08	64.30
84.01	6.08	64.47
83.85	6.09	64.60
83.75	6.09	64.62
83.72	6.09	64.47
83.74	6.10	64.32
83.81	6.10	64.20
83.92	6.10	64.15
84.10	6.11	64.34
84.34	6.11	64.80
84.62	6.11	65.33
84.92	6.12	65.90
85.23	6.12	66.46
85.51	6.12	66.90
85.75	6.13	67.19
86.01	6.13	67.44
86.30	6.13	67.65
86.62	6.13	67.84
86.99	6.14	68.02
87.42	6.14	68.20
87.91	6.14	68.36
88.48	6.15	68.49
89.12	6.15	68.59
89.97	6.15	68.68
90.92	6.16	68.74
91.90	6.16	68.76
92.87	6.16	68.73
93.81	6.17	68.66
94.58	6.17	68.50
95.25	6.17	68.29
95.82	6.18	68.01
96.29	6.18	67.68
96.63	6.18	67.27
96.69	6.18	66.66
96.66	6.19	66.03
96.57	6.19	65.42
96.44	6.19	64.86
96.36	6.19	64.47
96.41	6.19	64.40
96.48	6.19	64.42
96.53	6.19	64.51
96.57	6.18	64.62
96.55	6.18	64.68
96.46	6.18	64.68
96.32	6.18	64.65
96.13	6.18	64.59
95.89	6.17	64.50
95.54	6.17	64.32
95.09	6.17	64.08
94.62	6.17	63.81
94.15	6.16	63.55
93.70	6.16	63.29
93.37	6.16	63.11
93.16	6.16	62.98
92.99	6.15	62.90
92.84	6.15	62.83
92.70	6.15	62.80
92.53	6.15	62.80
92.29	6.15	62.84
92.04	6.14	62.89
91.79	6.14	62.94
91.52	6.14	62.97
91.26	6.14	62.97
91.01	6.13	62.84
90.76	6.13	62.70
90.49	6.13	62.58
90.21	6.13	62.49
89.87	6.13	62.45
89.39	6.12	62.48
88.93	6.12	62.60
88.53	6.12	62.82
88.23	6.12	63.15
88.16	6.11	63.70
88.37	6.11	64.53
88.71	6.11	65.42
89.17	6.11	66.32
89.71	6.11	67.17
90.34	6.11	67.76
91.03	6.11	68.19
91.73	6.11	68.54
92.41	6.11	68.84
93.03	6.11	69.11
93.49	6.11	69.51
93.87	6.12	69.87
94.17	6.12	70.14
94.40	6.12	70.31
94.54	6.12	70.27
94.61	6.12	69.95
94.59	6.12	69.51
94.50	6.12	68.99
94.34	6.12	68.41
94.09	6.12	67.83
93.74	6.12	67.29
93.35	6.12	66.75
92.91	6.12	66.24
92.45	6.12	65.76
91.98	6.12	65.38
91.54	6.12	65.12
91.09	6.12	64.91
90.65	6.12	64.73
90.22	6.12	64.57
89.81	6.12	64.39
89.42	6.12	64.09
89.05	6.12	63.81
88.69	6.12	63.57
88.35	6.12	63.39
88.03	6.12	63.29
87.65	6.12	63.36
87.31	6.12	63.52
87.04	6.12	63.77
86.85	6.12	64.11
86.79	6.12	64.56
86.94	6.12	65.18
87.19	6.12	65.85
87.53	6.12	66.54
87.94	6.12	67.23
88.43	6.12	67.82
88.96	6.12	68.30
89.52	6.12	68.75
90.07	6.12	69.16
90.60	6.12	69.54
91.02	6.12	69.96
91.37	6.12	70.37
91.66	6.12	70.73
91.91	6.12	71.01
92.10	6.11	71.19
92.24	6.11	71.16
92.32	6.11	71.03
92.35	6.11	70.82
92.33	6.11	70.52
92.23	6.11	70.15
92.05	6.11	69.68
91.82	6.11	69.18
91.57	6.11	68.69
91.29	6.11	68.21
91.02	6.11	67.83
90.79	6.11	67.64
90.55	6.11	67.50
90.31	6.10	67.37
90.06	6.10	67.24
89.80	6.10	67.03
89.51	6.10	66.67
89.21	6.10	66.30
88.90	6.10	65.94
88.57	6.10	65.61
88.20	6.10	65.37
87.78	6.10	65.24
87.38	6.10	65.18
87.02	6.10	65.20
86.71	6.10	65.31
86.54	6.10	65.57
86.50	6.09	65.95
86.53	6.09	66.38
86.62	6.09	66.82
86.77	6.09	67.25
86.94	6.09	67.54
87.15	6.09	67.78
87.39	6.09	67.97
87.67	6.09	68.13
87.97	6.09	68.26
88.32	6.09	68.39
88.68	6.09	68.46
89.02	6.09	68.46
89.33	6.09	68.38
89.59	6.09	68.13
89.77	6.08	67.72
89.89	6.08	67.22
89.96	6.08	66.65
89.96	6.08	66.04
89.83	6.08	65.39
89.61	6.08	64.73
89.34	6.08	64.09
89.04	6.08	63.48
88.74	6.08	62.92
88.50	6.08	62.54
88.30	6.08	62.31
88.12	6.08	62.14
87.96	6.08	62.03
87.81	6.07	61.95
87.69	6.07	61.84
87.59	6.07	61.71
87.48	6.07	61.61
87.35	6.07	61.53
87.19	6.07	61.50
86.86	6.07	61.49
86.42	6.07	61.52
86.00	6.07	61.63
85.63	6.07	61.82
85.35	6.07	62.12
85.38	6.07	62.67
85.56	6.07	63.34
85.82	6.07	64.08
86.15	6.06	64.85
86.50	6.06	65.62
86.84	6.06	66.37
87.20	6.06	67.07
87.55	6.06	67.71
87.89	6.06	68.26
88.19	6.06	68.62
88.45	6.06	68.80
88.68	6.06	68.88
88.87	6.06	68.86
89.03	6.06	68.77
89.14	6.06	68.61
89.21	6.06	68.39
89.25	6.06	68.13
89.25	6.06	67.84
89.22	6.06	67.53
89.13	6.06	67.28
89.02	6.06	67.03
88.89	6.06	66.76
88.74	6.06	66.46
88.59	6.05	66.11
88.50	6.05	65.62
88.40	6.05	65.11
88.27	6.05	64.64
88.11	6.05	64.21
87.85	6.05	63.92
87.45	6.05	63.83
87.05	6.05	63.82
86.70	6.05	63.86
86.42	6.05	63.95
86.45	6.06	64.06
86.64	6.06	64.19
86.89	6.06	64.31
87.16	6.06	64.43
87.38	6.07	64.53
87.41	6.07	64.57
87.38	6.07	64.58
87.30	6.07	64.54
87.15	6.08	64.44
86.93	6.08	64.24
86.63	6.08	63.90
86.29	6.08	63.52
85.91	6.08	63.12
85.52	6.09	62.71
85.13	6.09	62.35
84.76	6.09	62.07
84.39	6.09	61.82
84.03	6.10	61.60
83.68	6.10	61.40
83.35	6.10	61.23
83.05	6.10	61.09
82.77	6.10	60.98
82.50	6.11	60.89
82.25	6.11	60.84
82.03	6.11	60.84
81.85	6.11	60.90
81.67	6.12	60.99
81.48	6.12	61.09
81.27	6.12	61.19
80.98	6.12	61.24
80.52	6.13	61.15
80.07	6.13	61.08
79.65	6.13	61.06
79.30	6.14	61.10
79.16	6.14	61.37
79.27	6.15	61.87
79.45	6.15	62.42
79.67	6.16	62.99
79.91	6.16	63.52
80.03	6.17	63.84
80.10	6.17	64.01
80.14	6.18	64.12
80.16	6.18	64.16
80.18	6.18	64.16
80.19	6.19	64.08
80.20	6.19	63.98
80.22	6.20	63.88
80.25	6.20	63.82
80.30	6.21	63.79
80.37	6.21	64.04
80.47	6.22	64.34
80.61	6.22	64.66
80.80	6.23	64.95
81.04	6.23	65.20
81.39	6.24	65.20
81.79	6.24	65.12
82.25	6.25	65.00
82.75	6.25	64.86
83.29	6.26	64.71
83.91	6.26	64.60
84.55	6.26	64.52
85.18	6.27	64.47
85.81	6.27	64.47
86.40	6.28	64.53
86.93	6.28	64.76
87.39	6.29	65.04
87.79	6.29	65.34
88.10	6.30	65.66
88.29	6.30	65.95
88.20	6.30	66.10
88.05	6.31	66.24
87.87	6.31	66.38
87.69	6.31	66.54
87.63	6.31	66.78
87.79	6.31	67.17
87.99	6.31	67.56
88.21	6.31	67.93
88.42	6.30	68.26
88.56	6.30	68.40
88.60	6.30	68.35
88.60	6.30	68.26
88.53	6.29	68.18
88.41	6.29	68.14
88.17	6.29	68.39
87.85	6.29	68.86
87.48	6.29	69.34
87.08	6.28	69.78
86.65	6.28	70.11
86.20	6.28	70.05
85.76	6.28	69.66
85.33	6.27	69.15
84.93	6.27	68.56
84.57	6.27	67.93
84.31	6.27	67.36
84.17	6.27	66.89
84.08	6.26	66.47
84.03	6.26	66.10
84.02	6.26	65.79
84.02	6.26	65.57
84.01	6.25	65.52
84.02	6.25	65.52
84.02	6.25	65.56
84.01	6.25	65.63
83.98	6.25	65.70
83.90	6.24	65.73
83.81	6.24	65.75
83.70	6.24	65.77
83.57	6.24	65.77
83.39	6.23	65.72
83.13	6.23	65.55
82.89	6.23	65.41
82.71	6.23	65.33
82.62	6.22	65.32
82.77	6.22	65.60
83.17	6.22	66.14
83.65	6.22	66.72
84.16	6.22	67.27
84.69	6.22	67.73
85.08	6.22	67.77
85.42	6.22	67.62
85.70	6.22	67.36
85.93	6.22	67.00
86.10	6.22	66.59
86.16	6.22	66.19
86.16	6.22	65.76
86.09	6.23	65.32
85.97	6.23	64.88
85.80	6.23	64.48
85.57	6.23	64.16
85.30	6.23	63.87
84.99	6.23	63.59
84.66	6.23	63.32
84.31	6.23	63.05
83.97	6.23	62.75
83.62	6.23	62.45
83.26	6.23	62.17
82.91	6.23	61.91
82.55	6.23	61.69
82.21	6.23	61.56
81.87	6.23	61.45
81.54	6.23	61.39
81.22	6.23	61.35
80.91	6.23	61.33
80.64	6.23	61.36
80.38	6.23	61.40
80.13	6.23	61.45
79.89	6.23	61.50
79.64	6.23	61.54
79.29	6.23	61.43
78.94	6.23	61.29
78.63	6.23	61.21
78.39	6.23	61.20
78.25	6.23	61.31
78.34	6.23	61.79
78.55	6.23	62.43
78.88	6.23	63.15
79.31	6.23	63.92
79.83	6.23	64.71
80.49	6.23	65.44
81.21	6.22	66.13
81.97	6.22	66.76
82.74	6.21	67.31
83.48	6.21	67.71
84.16	6.21	67.94
84.79	6.20	68.05
85.36	6.20	68.06
85.86	6.19	67.99
86.22	6.19	67.81
86.45	6.19	67.54
86.59	6.18	67.21
86.67	6.18	66.84
86.68	6.18	66.44
86.66	6.17	66.07
86.61	6.17	65.74
86.52	6.16	65.41
86.41	6.16	65.07
86.27	6.16	64.75
86.13	6.15	64.43
86.02	6.15	64.13
85.88	6.14	63.83
85.73	6.14	63.52
85.54	6.14	63.19
85.32	6.13	62.83
85.01	6.13	62.36
84.67	6.13	61.88
84.32	6.12	61.40
83.95	6.12	60.93
83.58	6.11	60.49
83.26	6.11	60.15
82.94	6.11	59.85
82.61	6.10	59.59
82.27	6.10	59.37
81.93	6.09	59.18
81.45	6.09	58.97
80.98	6.09	58.80
80.54	6.08	58.71
80.16	6.08	58.70
79.88	6.08	58.80
79.86	6.08	59.18
79.93	6.08	59.64
80.07	6.09	60.16
80.28	6.09	60.69
80.52	6.09	61.18
80.75	6.10	61.53
81.02	6.10	61.85
81.31	6.10	62.14
81.62	6.11	62.42
81.96	6.11	62.68
82.33	6.11	62.94
82.71	6.12	63.18
83.08	6.12	63.42
83.45	6.12	63.64
83.79	6.13	63.84
84.07	6.13	64.04
84.33	6.13	64.22
84.57	6.14	64.39
84.79	6.14	64.54
85.01	6.14	64.67
85.25	6.15	64.82
85.47	6.15	64.94
85.66	6.15	65.02
85.82	6.15	65.05
85.92	6.16	65.03
85.89	6.16	64.82
85.82	6.16	64.55
85.71	6.17	64.27
85.59	6.17	63.98
85.46	6.17	63.70
85.39	6.18	63.58
85.32	6.18	63.49
85.28	6.18	63.43
85.25	6.19	63.38
85.24	6.19	63.34
85.32	6.19	63.32
85.42	6.20	63.30
85.53	6.20	63.24
85.62	6.20	63.15
85.68	6.21	63.00
85.66	6.21	62.60
85.58	6.21	62.12
85.47	6.22	61.63
85.32	6.22	61.17
85.14	6.22	60.80
84.91	6.22	60.74
84.66	6.23	60.87
84.39	6.23	61.08
84.11	6.23	61.35
83.84	6.23	61.63
83.57	6.23	61.79
83.32	6.23	61.88
83.10	6.22	61.99
82.91	6.22	62.12
82.75	6.22	62.30
82.65	6.22	62.65
82.60	6.21	63.08
82.60	6.21	63.54
82.66	6.21	64.03
82.77	6.21	64.51
83.03	6.20	64.92
83.35	6.20	65.29
83.71	6.20	65.64
84.08	6.19	65.96
84.44	6.19	66.27
84.71	6.19	66.59
84.93	6.18	66.89
85.12	6.18	67.15
85.29	6.18	67.33
85.43	6.18	67.42
85.54	6.17	67.32
85.64	6.17	67.07
85.72	6.17	66.74
85.78	6.16	66.34
85.82	6.16	65.89
85.85	6.16	65.42
85.88	6.16	64.94
85.89	6.15	64.47
85.89	6.15	64.01
85.88	6.15	63.58
85.87	6.14	63.20
85.90	6.14	63.04
85.93	6.14	62.93
85.91	6.13	62.85
85.86	6.13	62.77
85.74	6.13	62.68
85.46	6.13	62.44
85.07	6.12	62.09
84.62	6.12	61.74
84.14	6.12	61.41
83.65	6.11	61.12
83.20	6.11	60.95
82.81	6.11	60.97
82.44	6.11	61.03
82.08	6.10	61.14
81.73	6.10	61.26
81.36	6.10	61.35
80.88	6.09	61.25
80.44	6.09	61.17
80.08	6.09	61.16
79.82	6.09	61.26
79.71	6.08	61.53
80.00	6.08	62.25
80.42	6.07	63.11
80.93	6.07	64.05
81.50	6.06	65.04
82.09	6.06	66.02
82.61	6.06	66.91
83.11	6.05	67.74
83.59	6.05	68.48
84.03	6.04	69.10
84.42	6.04	69.53
84.69	6.03	69.58
84.91	6.03	69.51
85.10	6.02	69.36
85.24	6.02	69.15
85.36	6.01	68.95
85.45	6.01	68.97
85.52	6.00	69.01
85.58	6.00	69.05
85.64	6.00	69.09
85.70	5.99	69.10
85.83	5.99	69.09
85.98	5.98	69.03
86.13	5.98	68.92
86.28	5.97	68.74
86.42	5.97	68.50
86.54	5.96	68.10
86.64	5.96	67.56
86.71	5.95	66.95
86.75	5.95	66.29
86.74	5.95	65.61
86.68	5.94	64.92
86.53	5.94	64.25
86.32	5.93	63.61
86.06	5.93	63.00
85.75	5.92	62.44
85.40	5.92	61.94
84.94	5.91	61.53
84.44	5.91	61.22
83.94	5.90	61.00
83.46	5.90	60.87
83.03	5.89	60.85
82.74	5.89	61.00
82.60	5.89	61.32
82.52	5.89	61.71
82.50	5.88	62.16
82.53	5.88	62.63
82.59	5.88	63.07
82.68	5.88	63.44
82.80	5.88	63.80
82.93	5.88	64.14
83.08	5.88	64.47
83.22	5.88	64.81
83.36	5.88	65.16
83.49	5.88	65.48
83.62	5.88	65.77
83.74	5.88	65.99
83.86	5.88	66.15
83.97	5.88	66.23
84.07	5.88	66.22
84.16	5.88	66.11
84.24	5.88	65.88
84.30	5.88	65.52