0.297514	0.542867	0.414429
0.308356	0.545800	0.400329
0.309436	0.548042	0.395523
0.310768	0.549250	0.404658
0.320132	0.548560	0.426407
0.326706	0.546835	0.437562
0.328520	0.544592	0.435398
0.327157	0.541659	0.426349
0.327052	0.539934	0.415482
0.329537	0.537692	0.405957
0.321673	0.534759	0.391281
0.309677	0.533724	0.381813
0.310275	0.533724	0.397443
0.316325	0.534242	0.415872
0.321736	0.535449	0.421875
0.321946	0.537174	0.416969
0.322858	0.538209	0.410431
0.333029	0.539417	0.414761
0.339772	0.540624	0.422265
0.337402	0.542349	0.425685
0.327398	0.543385	0.414659
0.313840	0.544075	0.395754
0.301498	0.545800	0.378970
0.288014	0.546835	0.367671
0.273124	0.547525	0.365073
0.263582	0.549250	0.371509
0.263194	0.548042	0.389837
0.274864	0.547525	0.423997
0.295039	0.547525	0.445745
0.318171	0.546317	0.445312
0.334109	0.545800	0.445500
0.344490	0.545800	0.442325
0.352921	0.544592	0.429813
0.359453	0.544075	0.427215
0.361477	0.544075	0.428470
0.352669	0.542867	0.400372
0.337119	0.542349	0.363918
0.320058	0.542349	0.344725
0.302170	0.541142	0.329369
0.284302	0.540624	0.311575
0.264735	0.540624	0.300939
0.244875	0.540624	0.301762
0.229985	0.541659	0.317925
0.223903	0.545110	0.344768
0.231139	0.548042	0.374886
0.244078	0.550285	0.396389
0.256514	0.553217	0.402248
0.263508	0.555460	0.399319
0.264630	0.558392	0.393359
0.262669	0.560635	0.393792
0.256871	0.564085	0.394888
0.246102	0.567017	0.388971
0.234180	0.568742	0.375175
0.223694	0.569950	0.354913
0.211530	0.569260	0.347467
0.199304	0.567535	0.356501
0.195382	0.565292	0.367238
0.196850	0.563567	0.378538
0.197521	0.560635	0.392146
0.197689	0.558392	0.399131
0.197479	0.556667	0.394455
0.196745	0.553735	0.391670
0.194900	0.551492	0.392060
0.191020	0.549767	0.385176
0.183711	0.546835	0.373241
0.170604	0.545110	0.361075
0.162352	0.542349	0.361119
0.166232	0.537174	0.380457
0.170604	0.531999	0.394888
0.172733	0.525099	0.399506
0.175637	0.519234	0.403692
0.179622	0.513024	0.403403
0.184760	0.506124	0.393792
0.186784	0.500259	0.380803
0.184791	0.495084	0.369200
0.184131	0.497499	0.364972
0.183890	0.503709	0.365549
0.181509	0.510091	0.365217
0.180387	0.516474	0.371610
0.181855	0.522684	0.386619
0.180954	0.528549	0.389837
0.176445	0.534759	0.380890
0.168192	0.540624	0.369301
0.158829	0.546317	0.360166
0.151310	0.550975	0.358766
0.146833	0.554425	0.362273
0.148028	0.554425	0.370846
0.164029	0.552700	0.394556
0.192698	0.552700	0.425584
0.226462	0.552700	0.445788
0.257427	0.551492	0.457521
0.279059	0.550975	0.462861
0.294473	0.550975	0.457954
0.304434	0.550285	0.442613
0.307580	0.549250	0.420634
0.304225	0.549250	0.398597
0.293676	0.549250	0.386518
0.285948	0.548042	0.385219
0.291925	0.546835	0.394513
0.302935	0.545110	0.405914
0.313421	0.542867	0.413505
0.320656	0.540624	0.415670
0.323728	0.538209	0.410720
0.323141	0.535967	0.396678
0.319293	0.533724	0.377628
0.312970	0.531309	0.358189
0.306532	0.529584	0.349285
0.303952	0.527342	0.358088
0.319188	0.522684	0.383632
0.344427	0.514749	0.414472
0.360995	0.503709	0.432223
0.368786	0.491634	0.434719
0.368157	0.480248	0.421933
0.360471	0.468173	0.400950
0.347500	0.456615	0.376272
0.331949	0.444540	0.351839
0.314081	0.433673	0.329759
0.293110	0.426772	0.311431
0.280810	0.422115	0.309598
0.282876	0.420390	0.329182
0.284585	0.418665	0.349097
0.283327	0.416422	0.359921
0.281544	0.414007	0.353282
0.275284	0.411765	0.336686
0.260887	0.410040	0.319700
0.252079	0.407797	0.320523
0.252572	0.406590	0.342603
0.251974	0.406072	0.366848
0.249877	0.406072	0.383488
0.247465	0.406072	0.384267
0.241310	0.406072	0.375363
0.234463	0.406072	0.365737
0.245127	0.406072	0.374309
0.261547	0.406072	0.389693
0.268678	0.406072	0.396534
0.267147	0.406072	0.389982
0.259136	0.406072	0.373155
0.250160	0.405382	0.357511
0.238101	0.406072	0.344768
0.220170	0.407107	0.335488
0.209223	0.410040	0.336643
0.209014	0.412282	0.348621
0.207200	0.415215	0.359344
0.203708	0.417457	0.362908
0.201223	0.420390	0.353571
0.195487	0.423322	0.340193
0.186647	0.428497	0.331534
0.192729	0.434708	0.342993
0.207965	0.440573	0.368537
0.216815	0.447473	0.392536
0.227783	0.454373	0.407689
0.245263	0.460583	0.411153
0.265218	0.466966	0.412552
0.283851	0.473348	0.410330
0.296465	0.479558	0.397630
0.301184	0.485423	0.383733
0.296780	0.492324	0.377715
0.292523	0.498534	0.373342
0.292449	0.504399	0.369200
0.286787	0.508366	0.373486
0.282593	0.506641	0.389072
0.297168	0.497499	0.418412
0.316430	0.484216	0.440737
0.327965	0.472141	0.439727
0.331949	0.459548	0.425194
0.328762	0.446783	0.401628
0.319786	0.434190	0.372375
0.308356	0.422115	0.343325
0.298562	0.408315	0.320711
0.283148	0.399172	0.305269
0.260184	0.395722	0.298010
0.247780	0.396239	0.300463
0.245924	0.399172	0.309743
0.242191	0.401932	0.318402
0.237535	0.404865	0.324088
0.234358	0.407107	0.324751
0.231873	0.410040	0.328504
0.231631	0.412282	0.341737
0.243480	0.415215	0.372664
0.266444	0.416422	0.411340
0.294158	0.416422	0.437129
0.326350	0.415215	0.457911
0.359632	0.413490	0.474795
0.384588	0.412282	0.475228
0.396993	0.410557	0.458675
0.396017	0.408832	0.428571
0.390775	0.407797	0.397775
0.383047	0.406072	0.370499
0.370810	0.404347	0.346110
0.355647	0.402622	0.326050
0.339499	0.401415	0.311575
0.318559	0.399689	0.302873
0.292554	0.398482	0.300175
0.276332	0.395722	0.302816
0.269726	0.392272	0.313307
0.262911	0.387097	0.338519
0.254910	0.381922	0.358665
0.245053	0.378472	0.357078
0.233309	0.373297	0.341059
0.219153	0.368121	0.321432
0.200457	0.362946	0.318358
0.183994	0.355356	0.330481
0.177105	0.345696	0.351883
0.173614	0.335346	0.372289
0.169660	0.324996	0.385797
0.163233	0.313438	0.391136
0.152988	0.308263	0.389794
0.138413	0.318096	0.384743
0.133411	0.335346	0.401094
0.142922	0.351906	0.443436
0.156480	0.369846	0.479457
0.171097	0.387097	0.507165
0.185704	0.404865	0.530169
0.209611	0.422632	0.544067
0.241562	0.439883	0.546664
0.268930	0.457133	0.536894
0.288674	0.475073	0.517801
0.299443	0.492841	0.492791
0.304581	0.510609	0.463683
0.303984	0.526134	0.432324
0.292585	0.530274	0.399853
0.281020	0.526824	0.376618
0.279447	0.521649	0.371278
0.278398	0.514749	0.369258
0.274518	0.508884	0.363197
0.268049	0.502674	0.347366
0.260751	0.496291	0.331491
0.254774	0.490599	0.327262
0.250370	0.484216	0.326440
0.247224	0.478523	0.323987
0.242505	0.471623	0.316728
0.234180	0.466448	0.308112
0.218702	0.459548	0.306337
0.210555	0.454373	0.322875
0.220097	0.449198	0.361609
0.228307	0.447473	0.384166
0.230866	0.445748	0.385032
0.229954	0.445748	0.374208
0.221743	0.444023	0.360686
0.205176	0.443333	0.351839
0.189269	0.442298	0.351507
0.177493	0.442298	0.359820
0.171338	0.443333	0.374165
0.168402	0.445058	0.394124
0.166829	0.446783	0.418181
0.170080	0.448508	0.439251
0.177315	0.450233	0.452470
0.183260	0.451958	0.452383
0.192761	0.453683	0.448920
0.211530	0.455408	0.453249
0.238374	0.457133	0.455501
0.270460	0.458858	0.451705
0.301603	0.459548	0.442859
0.324399	0.457823	0.429813
0.333627	0.454373	0.414039
0.345790	0.449198	0.404803
0.358646	0.444023	0.398410
0.354137	0.439883	0.378292
0.338408	0.435398	0.357901
0.318318	0.430223	0.349242
0.297797	0.426772	0.346023
0.279447	0.421597	0.345634
0.260572	0.416940	0.346211
0.245294	0.412972	0.348188
0.243449	0.407797	0.354336
0.250611	0.403657	0.362374
0.260813	0.403140	0.369633
0.271824	0.405382	0.379735
0.282037	0.408832	0.395090
0.292627	0.412282	0.417070
0.301572	0.416422	0.440348
0.304644	0.419872	0.455068
0.305840	0.423322	0.459888
0.309405	0.426772	0.454404
0.312372	0.430223	0.444590
0.313284	0.433673	0.434344
0.311397	0.437123	0.423419
0.306846	0.440573	0.412740
0.301079	0.445748	0.403894
0.294337	0.450923	0.397832
0.285633	0.456098	0.394802
0.280495	0.461273	0.401296
0.284407	0.466448	0.423318
0.294410	0.472141	0.448429
0.306636	0.478523	0.468734
0.312550	0.483698	0.479515
0.314994	0.488874	0.481766
0.319817	0.495084	0.478360
0.322722	0.500949	0.470509
0.321180	0.506124	0.459310
0.318035	0.511299	0.444100
0.313735	0.516474	0.428470
0.307790	0.522684	0.421067
0.297587	0.526134	0.418036
0.280915	0.526824	0.414573
0.273155	0.526824	0.423087
0.276542	0.526824	0.442368
0.276930	0.526824	0.453827
0.271236	0.526824	0.451229
