87.063333	6.480000	81.153333
86.003333	6.480000	80.893333
84.786667	6.480000	79.566667
83.636667	6.480000	78.076667
82.796667	6.480000	77.840000
82.440000	6.480000	78.533333
82.743333	6.480000	78.366667
83.616667	6.470000	78.103333
84.906667	6.456667	78.863333
86.053333	6.443333	80.160000
86.703333	6.426667	81.376667
86.863333	6.416667	80.550000
86.586667	6.403333	78.280000
85.983333	6.386667	76.773333
85.270000	6.373333	76.103333
84.740000	6.356667	76.203333
84.180000	6.343333	76.050000
83.320000	6.326667	74.366667
82.243333	6.316667	72.370000
81.083333	6.303333	71.013333
80.963333	6.286667	70.836667
82.336667	6.270000	71.936667
84.633333	6.253333	73.316667
87.140000	6.233333	74.340000
88.936667	6.216667	74.360000
90.023333	6.196667	74.106667
90.450000	6.176667	74.010000
90.686667	6.160000	73.203333
90.710000	6.143333	71.700000
90.086667	6.123333	70.190000
88.780000	6.103333	68.826667
86.730000	6.086667	67.670000
84.900000	6.066667	66.766667
84.223333	6.060000	66.146667
83.963333	6.050000	65.880000
83.733333	6.056667	65.826667
83.410000	6.060000	65.043333
83.010000	6.060000	63.913333
82.636667	6.060000	63.446667
82.246667	6.060000	63.160000
81.786667	6.060000	62.540000
81.160000	6.060000	62.310000
80.290000	6.060000	62.803333
79.033333	6.060000	62.883333
77.890000	6.060000	62.673333
78.336667	6.060000	63.696667
80.160000	6.060000	65.630000
82.776667	6.050000	67.780000
85.806667	6.050000	68.993333
88.733333	6.043333	68.806667
90.776667	6.040000	67.790000
91.996667	6.036667	66.293333
92.706667	6.030000	64.686667
92.733333	6.030000	63.190000
91.940000	6.020000	62.030000
90.393333	6.020000	61.546667
88.296667	6.013333	61.823333
86.540000	6.016667	61.970000
85.436667	6.020000	61.896667
85.043333	6.030000	62.143333
85.026667	6.033333	62.596667
84.906667	6.040000	63.063333
84.723333	6.043333	62.930000
84.470000	6.050000	61.823333
83.993333	6.056667	60.770000
83.256667	6.060000	60.246667
82.550000	6.066667	60.206667
81.716667	6.070000	60.413333
79.966667	6.073333	60.096667
78.286667	6.076667	59.880000
78.256667	6.070000	60.803333
78.793333	6.060000	62.216667
79.120000	6.053333	63.536667
79.440000	6.043333	64.080000
79.676667	6.033333	63.686667
79.533333	6.023333	62.693333
79.176667	6.013333	61.540000
78.950000	6.006667	60.856667
78.646667	5.996667	60.416667
78.063333	5.986667	59.980000
77.330000	5.976667	59.746667
76.616667	5.966667	59.843333
76.433333	5.960000	60.406667
76.833333	5.953333	61.253333
77.450000	5.950000	61.820000
78.073333	5.950000	62.100000
78.480000	5.950000	62.193333
78.596667	5.950000	61.720000
78.406667	5.950000	60.630000
78.186667	5.950000	60.163333
77.866667	5.950000	60.346667
76.723333	5.950000	59.713333
75.596667	5.946667	58.940000
75.970000	5.920000	59.403333
76.663333	5.886667	60.046667
76.750000	5.843333	60.006667
76.603333	5.793333	59.570000
76.270000	5.746667	58.830000
75.456667	5.700000	57.590000
74.623333	5.660000	56.816667
74.646667	5.656667	58.383333
75.240000	5.686667	60.276667
76.066667	5.726667	60.413333
76.820000	5.766667	60.770000
77.350000	5.810000	61.940000
77.903333	5.850000	62.003333
78.356667	5.893333	60.830000
78.400000	5.933333	58.813333
78.036667	5.973333	57.086667
77.313333	6.010000	56.803333
76.976667	6.030000	56.996667
77.486667	6.030000	57.383333
78.443333	6.020000	59.313333
80.623333	6.010000	62.293333
85.333333	6.000000	65.143333
91.583333	5.993333	67.280000
98.203333	5.983333	68.313333
103.316667	5.973333	68.366667
106.490000	5.963333	67.423333
107.706667	5.956667	65.506667
107.730000	5.946667	63.680000
107.056667	5.936667	62.350000
105.770000	5.930000	60.690000
104.173333	5.920000	58.903333
102.780000	5.910000	57.780000
101.530000	5.903333	57.263333
100.210000	5.896667	57.163333
98.720000	5.886667	57.150000
96.823333	5.880000	56.630000
95.176667	5.870000	56.376667
94.613333	5.880000	57.420000
94.400000	5.886667	58.356667
93.976667	5.893333	58.203333
92.940000	5.900000	57.810000
91.306667	5.910000	57.716667
90.663333	5.913333	58.576667
91.030000	5.920000	60.190000
91.583333	5.930000	61.660000
92.056667	5.936667	62.730000
92.226667	5.940000	63.183333
92.293333	5.950000	63.406667
92.393333	5.956667	63.680000
92.570000	5.960000	64.270000
92.996667	5.953333	65.030000
93.886667	5.930000	65.640000
94.646667	5.900000	65.243333
94.983333	5.873333	63.803333
94.973333	5.840000	63.030000
94.433333	5.826667	62.640000
93.106667	5.860000	61.866667
92.386667	5.950000	61.820000
92.803333	6.076667	62.693333
93.083333	6.200000	62.410000
92.796667	6.323333	61.583333
91.623333	6.450000	61.583333
91.286667	6.580000	61.836667
92.333333	6.706667	62.193333
93.073333	6.836667	63.270000
93.483333	6.966667	64.440000
93.826667	7.090000	64.876667
94.406667	7.220000	65.373333
95.243333	7.340000	66.123333
95.843333	7.460000	66.370000
96.053333	7.580000	66.513333
95.833333	7.710000	67.176667
96.486667	7.840000	68.146667
97.913333	7.973333	68.976667
98.556667	8.106667	68.896667
98.440000	8.233333	67.743333
97.760000	8.343333	65.616667
96.926667	8.390000	64.000000
96.063333	8.343333	63.186667
95.043333	8.210000	62.406667
93.593333	8.020000	61.363333
91.396667	7.846667	59.823333
90.160000	7.670000	59.830000
90.426667	7.500000	61.866667
90.453333	7.323333	63.280000
90.090000	7.150000	63.783333
89.500000	6.976667	63.580000
88.856667	6.800000	63.086667
88.236667	6.630000	62.553333
87.420000	6.450000	61.793333
86.363333	6.280000	60.986667
84.996667	6.100000	60.460000
84.470000	5.946667	60.930000
85.410000	5.846667	62.630000
86.093333	5.790000	63.746667
86.350000	5.756667	63.860000
86.533333	5.716667	63.006667
86.500000	5.673333	62.073333
86.243333	5.633333	61.626667
86.156667	5.603333	61.403333
86.250000	5.593333	61.640000
86.426667	5.610000	62.610000
86.830000	5.630000	63.220000
87.453333	5.646667	63.063333
87.966667	5.666667	62.610000
88.896667	5.683333	62.570000
90.746667	5.703333	63.496667
92.456667	5.723333	63.490000
93.490000	5.740000	62.513333
93.593333	5.753333	62.180000
93.720000	5.760000	62.813333
94.613333	5.756667	64.320000
95.240000	5.746667	65.093333
95.413333	5.733333	64.943333
95.283333	5.716667	64.316667
95.273333	5.706667	63.563333
95.510000	5.693333	62.903333
94.760000	5.676667	61.886667
93.616667	5.670000	61.230000
93.673333	5.670000	62.313333
94.250000	5.673333	63.590000
94.766667	5.680000	64.006667
94.786667	5.690000	63.666667
94.873333	5.696667	63.213333
95.843333	5.703333	63.513333
96.486667	5.710000	64.033333
96.260000	5.720000	64.270000
95.306667	5.726667	63.506667
94.013333	5.730000	62.196667
92.836667	5.740000	61.033333
91.550000	5.746667	60.250000
90.130000	5.750000	60.070000
89.220000	5.760000	60.516667
89.183333	5.753333	61.786667
90.296667	5.750000	64.153333
92.220000	5.750000	65.660000
94.426667	5.743333	65.630000
95.946667	5.740000	65.643333
96.936667	5.740000	65.423333
97.740000	5.733333	64.556667
98.363333	5.730000	64.376667
98.556667	5.730000	64.463333
97.716667	5.723333	62.516667
96.233333	5.720000	59.990000
94.606667	5.720000	58.660000
92.900000	5.713333	57.596667
91.196667	5.710000	56.363333
89.330000	5.710000	55.626667
87.436667	5.710000	55.683333
86.016667	5.716667	56.803333
85.436667	5.736667	58.663333
86.126667	5.753333	60.750000
87.360000	5.766667	62.240000
88.546667	5.783333	62.646667
89.213333	5.796667	62.443333
89.320000	5.813333	62.030000
89.133333	5.826667	62.060000
88.580000	5.846667	62.136667
87.553333	5.863333	61.726667
86.416667	5.873333	60.770000
85.416667	5.880000	59.366667
84.256667	5.876667	58.850000
83.090000	5.866667	59.476667
82.716667	5.853333	60.220000
82.856667	5.843333	61.003333
82.920000	5.826667	61.946667
82.936667	5.813333	62.430000
82.916667	5.803333	62.106667
82.846667	5.786667	61.913333
82.670000	5.773333	61.940000
82.300000	5.763333	61.463333
81.603333	5.746667	60.636667
80.353333	5.736667	59.793333
79.566667	5.720000	59.796667
79.936667	5.690000	61.136667
80.353333	5.660000	62.136667
80.556667	5.620000	62.456667
80.833333	5.586667	62.746667
81.213333	5.550000	62.726667
81.703333	5.510000	62.060000
81.896667	5.476667	61.160000
81.706667	5.446667	60.356667
81.643333	5.460000	60.063333
81.620000	5.496667	60.103333
81.393333	5.533333	60.080000
81.286667	5.570000	60.523333
81.426667	5.606667	61.563333
81.340000	5.640000	61.786667
80.910000	5.676667	61.166667
80.123333	5.710000	60.363333
79.230000	5.743333	59.730000
78.513333	5.770000	59.633333
78.086667	5.790000	59.876667
78.200000	5.790000	60.470000
79.726667	5.780000	62.113333
82.460000	5.780000	64.263333
85.680000	5.780000	65.663333
88.633333	5.773333	66.476667
90.696667	5.770000	66.846667
92.166667	5.770000	66.506667
93.116667	5.766667	65.443333
93.416667	5.760000	63.920000
93.096667	5.760000	62.393333
92.090000	5.760000	61.556667
91.353333	5.753333	61.466667
91.923333	5.746667	62.110000
92.973333	5.736667	62.900000
93.973333	5.723333	63.426667
94.663333	5.710000	63.576667
94.956667	5.696667	63.233333
94.900000	5.683333	62.260000
94.533333	5.670000	60.940000
93.930000	5.656667	59.593333
93.316667	5.646667	58.976667
93.070000	5.633333	59.586667
94.523333	5.606667	61.356667
96.930000	5.560000	63.493333
98.510000	5.496667	64.723333
99.253333	5.426667	64.896667
99.193333	5.360000	64.010000
98.460000	5.290000	62.556667
97.223333	5.223333	60.846667
95.740000	5.153333	59.153333
94.036667	5.090000	57.623333
92.036667	5.050000	56.353333
90.863333	5.023333	56.226667
91.060000	5.013333	57.583333
91.223333	5.003333	58.963333
91.103333	4.990000	59.713333
90.933333	4.976667	59.253333
90.336667	4.963333	58.103333
88.963333	4.953333	56.926667
88.123333	4.940000	56.983333
88.170000	4.933333	58.513333
88.113333	4.930000	60.193333
87.913333	4.930000	61.346667
87.683333	4.930000	61.400000
87.096667	4.930000	60.783333
86.443333	4.930000	60.116667
87.460000	4.930000	60.710000
89.026667	4.930000	61.776667
89.706667	4.930000	62.250000
89.560000	4.930000	61.796667
88.796667	4.930000	60.630000
87.940000	4.926667	59.546667
86.790000	4.930000	58.663333
85.080000	4.936667	58.020000
84.036667	4.953333	58.100000
84.016667	4.966667	58.930000
83.843333	4.983333	59.673333
83.510000	4.996667	59.920000
83.273333	5.013333	59.273333
82.726667	5.030000	58.346667
81.883333	5.060000	57.746667
82.463333	5.096667	58.540000
83.916667	5.130000	60.310000
84.760000	5.170000	61.973333
85.806667	5.210000	63.023333
87.473333	5.246667	63.263333
89.376667	5.283333	63.360000
91.153333	5.320000	63.206667
92.356667	5.356667	62.326667
92.806667	5.390000	61.363333
92.386667	5.430000	60.946667
91.980000	5.466667	60.643333
91.973333	5.500000	60.356667
91.433333	5.523333	60.653333
91.033333	5.513333	61.733333
92.423333	5.460000	63.766667
94.260000	5.383333	65.313333
95.360000	5.313333	65.243333
95.740000	5.240000	64.236667
95.436667	5.166667	62.603333
94.580000	5.093333	60.576667
93.490000	5.023333	58.563333
92.556667	4.943333	56.996667
91.086667	4.890000	55.926667
88.896667	4.870000	55.423333
87.713333	4.873333	55.593333
87.536667	4.890000	56.236667
87.180000	4.906667	56.836667
86.736667	4.923333	57.230000
86.433333	4.936667	57.276667
86.196667	4.953333	57.536667
86.173333	4.966667	58.453333
87.303333	4.983333	60.596667
89.493333	4.990000	63.276667
92.136667	4.990000	65.063333
95.206667	4.983333	66.503333
98.380000	4.973333	67.673333
100.760000	4.966667	67.703333
101.943333	4.956667	66.556667
101.850000	4.946667	64.470000
101.350000	4.940000	62.336667
100.613333	4.930000	60.446667
99.446667	4.920000	58.756667
98.000000	4.910000	57.366667
96.460000	4.903333	56.363333
94.463333	4.893333	55.760000
91.983333	4.886667	55.573333
90.436667	4.870000	55.756667
89.806667	4.850000	56.483333
89.156667	4.820000	58.230000
88.393333	4.790000	59.626667
87.453333	4.770000	59.516667
86.333333	4.740000	58.406667
84.983333	4.710000	57.046667
83.200000	4.680000	56.833333
81.630000	4.636667	57.673333
80.973333	4.580000	59.156667
80.640000	4.520000	60.570000
80.263333	4.460000	61.506667
79.650000	4.393333	61.876667
78.673333	4.363333	61.783333
77.283333	4.420000	61.433333
76.806667	4.520000	62.566667
77.713333	4.616667	65.500000
79.006667	4.720000	67.996667
80.400000	4.820000	69.916667
81.793333	4.923333	71.510000
84.073333	5.026667	72.473333
87.120000	5.126667	72.653333
89.730000	5.226667	71.976667
91.613333	5.330000	70.653333
92.640000	5.433333	68.920000
93.130000	5.536667	66.903333
93.073333	5.626667	64.730000
91.986667	5.650000	62.480000
90.883333	5.630000	60.870000
90.733333	5.600000	60.500000
90.633333	5.560000	60.360000
90.263333	5.526667	59.940000
89.646667	5.490000	58.843333
88.950000	5.453333	57.743333
88.380000	5.420000	57.450000
87.960000	5.383333	57.393333
87.660000	5.350000	57.223333
87.210000	5.310000	56.720000
86.416667	5.280000	56.123333
84.940000	5.240000	56.000000
84.163333	5.210000	57.146667
85.073333	5.180000	59.830000
85.856667	5.170000	61.393333
86.100000	5.160000	61.453333
86.013333	5.160000	60.703333
85.230000	5.150000	59.766667
83.650000	5.146667	59.153333
82.133333	5.140000	59.130000
81.010000	5.140000	59.706667
80.423333	5.146667	60.700000
80.143333	5.156667	62.083333
79.993333	5.166667	63.750000
80.303333	5.176667	65.210000
80.993333	5.186667	66.126667
81.560000	5.196667	66.120000
82.466667	5.206667	65.880000
84.256667	5.216667	66.180000
86.816667	5.226667	66.336667
89.876667	5.236667	66.073333
92.846667	5.240000	65.460000
95.020000	5.230000	64.556667
95.900000	5.210000	63.463333
97.060000	5.180000	62.823333
98.286667	5.150000	62.380000
97.856667	5.126667	60.986667
96.356667	5.100000	59.573333
94.440000	5.070000	58.973333
92.483333	5.050000	58.750000
90.733333	5.020000	58.723333
88.933333	4.993333	58.763333
87.476667	4.970000	58.900000
87.300000	4.940000	59.326667
87.983333	4.916667	59.883333
88.956667	4.913333	60.386667
90.006667	4.926667	61.086667
90.980000	4.946667	62.150000
91.990000	4.966667	63.673333
92.843333	4.990000	65.286667
93.136667	5.010000	66.306667
93.250000	5.030000	66.640000
93.590000	5.050000	66.260000
93.873333	5.070000	65.580000
93.960000	5.090000	64.870000
93.780000	5.110000	64.113333
93.346667	5.130000	63.373333
92.796667	5.160000	62.760000
92.153333	5.190000	62.340000
91.323333	5.220000	62.130000
90.833333	5.250000	62.580000
91.206667	5.280000	64.106667
92.160000	5.313333	65.846667
93.326667	5.350000	67.253333
93.890000	5.380000	68.000000
94.123333	5.410000	68.156667
94.583333	5.446667	67.920000
94.860000	5.480000	67.376667
94.713333	5.510000	66.600000
94.413333	5.540000	65.546667
94.003333	5.570000	64.463333
93.436667	5.606667	63.950000
92.463333	5.626667	63.740000
90.873333	5.630000	63.500000
90.133333	5.630000	64.090000
90.456667	5.630000	65.426667
90.493333	5.630000	66.220000
89.950000	5.630000	66.040000
