0.593632	1.000000	0.902848
0.520631	1.000000	0.881008
0.435139	1.000000	0.831508
0.372581	1.000000	0.787005
0.379851	1.000000	0.792688
0.530664	1.000000	0.871149
0.759803	0.991769	0.985554
0.948705	0.983540	1.000000
0.821337	0.971194	0.843763
0.708815	0.962963	0.732713
0.752534	0.950617	0.722443
0.728781	0.942386	0.696358
0.644415	0.930041	0.656785
0.525648	0.921811	0.608996
0.425207	0.909465	0.575722
0.424183	0.901235	0.616117
0.553496	0.888889	0.716829
0.772602	0.880658	0.834862
0.936009	0.876543	0.860605
0.989659	0.864198	0.816788
0.965189	0.860083	0.741134
0.900174	0.851852	0.653293
0.827480	0.843621	0.608654
0.730316	0.839506	0.588799
0.590662	0.827160	0.550527
0.492679	0.827160	0.516500
0.550937	0.814815	0.555936
0.674926	0.802469	0.643160
0.777414	0.790123	0.717034
0.839255	0.777778	0.710325
0.829016	0.765432	0.679789
0.800553	0.753086	0.655895
0.743627	0.740741	0.601465
0.639193	0.728395	0.542380
0.514385	0.716049	0.495139
0.400942	0.703704	0.478091
0.349442	0.691358	0.506983
0.441077	0.683127	0.551075
0.553701	0.679012	0.624812
0.641343	0.679012	0.683007
0.659568	0.674898	0.675818
0.604792	0.666667	0.629399
0.492475	0.666667	0.510954
0.393365	0.666667	0.440298
0.299887	0.658436	0.404354
0.185932	0.654321	0.403327
0.104024	0.654321	0.426606
0.176206	0.650206	0.451116
0.358759	0.641975	0.553745
0.534862	0.629630	0.651102
0.678304	0.617284	0.682870
0.723968	0.604938	0.624743
0.713935	0.596707	0.544434
0.682093	0.584362	0.505820
0.635814	0.576132	0.491031
0.559844	0.563786	0.457962
0.451316	0.551441	0.393742
0.378520	0.543210	0.366972
0.431453	0.543210	0.440983
0.535477	0.551441	0.508832
0.595065	0.563786	0.535123
0.606123	0.572016	0.525264
0.576840	0.580247	0.490552
0.551858	0.592593	0.437218
0.482953	0.600823	0.380802
0.395208	0.609053	0.316925
0.295894	0.617284	0.270985
0.179482	0.629630	0.242366
0.118460	0.633744	0.250787
0.198116	0.637860	0.324456
0.343196	0.629630	0.448925
0.447732	0.617284	0.531015
0.526364	0.609053	0.533069
0.539060	0.596707	0.502670
0.479062	0.588478	0.430850
0.392444	0.576132	0.354649
0.293539	0.567901	0.297412
0.206921	0.555556	0.268109
0.131361	0.547325	0.233466
0.040340	0.534979	0.210393
0.024061	0.526749	0.256333
0.156343	0.518519	0.382719
0.334494	0.518519	0.507052
0.483977	0.518519	0.565658
0.652196	0.506173	0.583938
0.790929	0.506173	0.544228
0.774445	0.506173	0.443243
0.668783	0.506173	0.348282
0.597317	0.506173	0.308161
0.533736	0.506173	0.320485
0.458687	0.506173	0.309530
0.361114	0.506173	0.272902
0.243575	0.506173	0.234561
0.161769	0.506173	0.208202
0.251869	0.502058	0.337053
0.425617	0.493827	0.464193
0.574997	0.489712	0.507463
0.698474	0.481481	0.552444
0.763080	0.477367	0.494249
0.705437	0.469136	0.403259
0.625781	0.469136	0.358414
0.527286	0.456790	0.296659
0.417528	0.456790	0.265507
0.310433	0.444444	0.256265
0.211733	0.444444	0.205464
0.108426	0.432099	0.173080
0.014334	0.432099	0.151376
0.058769	0.419753	0.264960
0.228013	0.419753	0.397234
0.408928	0.415638	0.518006
0.513259	0.407407	0.514104
0.562404	0.407407	0.489525
0.530972	0.407407	0.388402
0.428177	0.407407	0.240723
0.324050	0.395062	0.179652
0.238251	0.395062	0.179789
0.160029	0.395062	0.155142
0.109143	0.395062	0.154252
0.085697	0.382716	0.172326
0.088154	0.382716	0.189648
0.109860	0.382716	0.193619
0.121020	0.382716	0.198069
0.147845	0.374485	0.232781
0.294973	0.370370	0.299261
0.447527	0.378601	0.370053
0.558821	0.382716	0.417705
0.610013	0.382716	0.383199
0.584826	0.382716	0.263385
0.494932	0.382716	0.184513
0.382205	0.382716	0.110639
0.291389	0.395062	0.109818
0.207638	0.395062	0.086814
0.156343	0.395062	0.090922
0.117539	0.395062	0.110503
0.079861	0.395062	0.125222
0.067063	0.395062	0.147611
0.061022	0.407407	0.134191
0.058565	0.407407	0.114542
0.074127	0.407407	0.163700
0.079554	0.407407	0.176092
0.052524	0.407407	0.141791
0.053957	0.407407	0.140353
0.161667	0.415638	0.228673
0.315245	0.407407	0.341503
0.444456	0.407407	0.399630
0.532507	0.407407	0.425921
0.577352	0.407407	0.385047
0.589946	0.403293	0.289881
0.583495	0.395062	0.202040
0.526262	0.395062	0.151924
0.442510	0.395062	0.134465
0.366950	0.395062	0.127276
0.301014	0.390947	0.112009
0.234156	0.382716	0.098384
0.175898	0.382716	0.117828
0.137709	0.382716	0.112693
0.132794	0.382716	0.129604
0.138630	0.374485	0.142955
0.125627	0.370370	0.125496
0.085901	0.370370	0.142544
0.110269	0.370370	0.197042
0.234668	0.366256	0.291250
0.346882	0.358025	0.392921
0.402068	0.353910	0.419280
0.417733	0.345679	0.359510
0.403911	0.345679	0.345611
0.379339	0.333333	0.297070
0.332139	0.333333	0.255032
0.255145	0.320988	0.221621
0.175796	0.320988	0.183281
0.127777	0.312757	0.187526
0.108836	0.308642	0.184856
0.107095	0.300411	0.183829
0.134023	0.296296	0.213063
0.163407	0.292181	0.209161
0.172315	0.283951	0.183623
0.170882	0.279836	0.169793
0.171803	0.271605	0.157606
0.245930	0.267490	0.213816
0.387325	0.259259	0.329248
0.495853	0.259259	0.336779
0.534146	0.246914	0.279611
0.532815	0.246914	0.217650
0.487560	0.238683	0.142750
0.433603	0.234568	0.096262
0.405037	0.226337	0.091264
0.369407	0.222222	0.102218
0.335825	0.218107	0.109544
0.289342	0.209877	0.112830
0.231494	0.209877	0.072641
0.169960	0.197531	0.064289
0.106891	0.197531	0.044502
0.057745	0.189300	0.032863
0.028566	0.185185	0.052992
0.021706	0.176954	0.076612
0.095321	0.172840	0.159181
0.266203	0.172840	0.268109
0.456435	0.172840	0.386417
0.611856	0.160494	0.402985
0.688850	0.160494	0.337122
0.693458	0.160494	0.242982
0.640217	0.160494	0.138505
0.553394	0.160494	0.071067
0.479984	0.160494	0.062988
0.431043	0.156379	0.085102
0.388860	0.148148	0.101944
0.347497	0.148148	0.094961
0.319443	0.148148	0.112283
0.321900	0.148148	0.173285
0.345551	0.148148	0.197590
0.386608	0.148148	0.212173
0.511109	0.135802	0.256401
0.676359	0.135802	0.311310
0.776595	0.135802	0.320416
0.819187	0.127572	0.290018
0.789188	0.123457	0.209571
0.668783	0.123457	0.129057
0.530153	0.111111	0.101191
0.428177	0.111111	0.093866
0.336849	0.106996	0.088114
0.246647	0.098765	0.105984
0.169346	0.098765	0.122005
0.114672	0.090535	0.108928
0.072284	0.086420	0.116117
0.045562	0.086420	0.117007
0.022934	0.074074	0.112693
0.115593	0.074074	0.185198
0.295792	0.074074	0.328495
0.446504	0.074074	0.443722
0.519607	0.074074	0.388539
0.546944	0.074074	0.287895
0.542132	0.074074	0.212515
0.504454	0.074074	0.130426
0.448654	0.074074	0.035602
0.371045	0.074074	0.008421
0.320262	0.074074	0.000000
0.263540	0.074074	0.002602
0.225760	0.074074	0.022867
0.220539	0.074074	0.070382
0.227706	0.074074	0.121594
0.249002	0.074074	0.127208
0.267636	0.074074	0.128988
0.287908	0.074074	0.146036
0.369612	0.078189	0.165206
0.563530	0.078189	0.281186
0.773421	0.074074	0.395865
0.971639	0.074074	0.403807
1.000000	0.074074	0.316445
0.863930	0.074074	0.175270
0.889424	0.074074	0.169930
0.824306	0.074074	0.192866
0.720999	0.074074	0.217034
0.653937	0.074074	0.243256
0.579093	0.074074	0.293373
0.476298	0.074074	0.268109
0.434832	0.078189	0.274613
0.498311	0.086420	0.332466
0.603461	0.086420	0.411680
0.675950	0.086420	0.439545
0.693560	0.086420	0.391072
0.668168	0.094651	0.337669
0.612982	0.098765	0.310557
0.510597	0.098765	0.300356
0.375960	0.098765	0.250377
0.234463	0.098765	0.189443
0.167912	0.106996	0.194783
0.239787	0.111111	0.269068
0.336029	0.123457	0.360879
0.383946	0.127572	0.363823
0.378110	0.135802	0.380939
0.313914	0.148148	0.336437
0.211426	0.152263	0.285362
0.213064	0.160494	0.308914
0.280844	0.168725	0.354854
0.337156	0.172840	0.431193
0.370841	0.185185	0.425579
0.361421	0.189300	0.354375
0.317191	0.197531	0.322607
0.256885	0.209877	0.246816
0.199038	0.213991	0.253047
0.109655	0.222222	0.230179
0.014334	0.230453	0.207791
0.000000	0.238683	0.272285
0.092864	0.251028	0.346433
0.187161	0.267490	0.407709
0.230265	0.279836	0.455566
0.224839	0.296296	0.441189
0.181427	0.312757	0.412159
0.161257	0.325102	0.366014
0.230163	0.341564	0.390251
0.319443	0.353910	0.442558
0.361831	0.366256	0.427359
0.405959	0.382716	0.435917
0.430531	0.399177	0.420854
0.423569	0.411522	0.381145
0.513566	0.423868	0.410859
0.629671	0.423868	0.454882
0.718440	0.411522	0.514788
0.753660	0.399177	0.450979
0.698884	0.386831	0.372724
0.614211	0.370370	0.338765
0.533224	0.358025	0.272422
0.439541	0.341564	0.263796
0.356916	0.329219	0.263522
0.341661	0.312757	0.319252
0.403194	0.300411	0.382309
0.538753	0.288065	0.446803
0.636326	0.271605	0.487129
0.680762	0.259259	0.484458
0.737279	0.242799	0.469670
0.780281	0.230453	0.443516
0.734309	0.218107	0.407230
0.685062	0.201646	0.370122
0.712399	0.189300	0.381350
0.711273	0.185185	0.412981
0.646360	0.185185	0.355950
0.561585	0.185185	0.306860
0.456333	0.185185	0.263522
0.333572	0.185185	0.219499
0.246647	0.185185	0.233534
0.249616	0.185185	0.297275
0.307976	0.185185	0.365192
0.356711	0.185185	0.418527
0.378212	0.185185	0.467958
0.350671	0.185185	0.464398
0.285656	0.185185	0.398877
0.214907	0.185185	0.384500
0.233951	0.197531	0.441257
0.301730	0.185185	0.539094
0.357121	0.176954	0.579351
0.437186	0.164609	0.575243
0.521143	0.156379	0.611187
0.522166	0.144033	0.545803
0.504454	0.131688	0.504519
0.490734	0.123457	0.455635
0.452442	0.111111	0.401547
0.378622	0.098765	0.349103
0.328862	0.090535	0.312680
0.398485	0.078189	0.358209
0.511109	0.065843	0.380529
0.576328	0.057614	0.378132
0.589434	0.045268	0.317952
0.553394	0.032922	0.218403
0.482441	0.024691	0.156648
0.402375	0.012346	0.120225
0.357121	0.000000	0.132274
0.371148	0.004115	0.180816
0.414866	0.024691	0.218335
0.441487	0.053498	0.244146
0.460326	0.078189	0.254279
0.452851	0.102880	0.235794
0.413843	0.127572	0.207860
0.382410	0.152263	0.189717
0.403502	0.172840	0.215596
0.429200	0.197531	0.277283
0.398894	0.222222	0.308914
0.361421	0.246914	0.315281
0.305211	0.271605	0.321991
0.246954	0.296296	0.298302
0.179994	0.316873	0.286937
0.249309	0.333333	0.405039
0.408518	0.333333	0.522320
0.531484	0.333333	0.578324
0.552780	0.333333	0.586266
0.517354	0.333333	0.522046
0.456333	0.333333	0.466041
0.417016	0.333333	0.465494
0.395925	0.333333	0.464398
0.412921	0.333333	0.487334
0.427255	0.333333	0.524305
0.434012	0.333333	0.513282
0.419474	0.333333	0.489456
0.404628	0.333333	0.469670
0.423262	0.333333	0.447898
0.440258	0.333333	0.452211
0.429098	0.333333	0.450226
0.408109	0.333333	0.445228
0.408211	0.333333	0.465014
0.426436	0.333333	0.465494
