0.694016	0.557778	0.651846
0.672974	0.557778	0.639322
0.673570	0.557778	0.641226
0.715057	0.560000	0.682071
0.776228	0.561111	0.710240
0.823282	0.563333	0.688770
0.837729	0.564444	0.636277
0.820366	0.567778	0.575980
0.800583	0.568889	0.528283
0.779806	0.571111	0.501218
0.745311	0.572222	0.494557
0.707270	0.574444	0.501713
0.676784	0.575555	0.488580
0.678408	0.577778	0.531595
0.717443	0.574444	0.599086
0.760322	0.571111	0.645147
0.776658	0.567778	0.674496
0.772516	0.565555	0.653140
0.754192	0.562222	0.620518
0.737193	0.558889	0.612524
0.746338	0.556667	0.629311
0.781662	0.553333	0.662771
0.817317	0.550000	0.664979
0.840082	0.546667	0.632661
0.839419	0.544444	0.591511
0.820034	0.541111	0.539056
0.793094	0.537778	0.522040
0.765094	0.534444	0.519833
0.734741	0.532222	0.506966
0.706508	0.528889	0.490902
0.698853	0.526667	0.507271
0.721850	0.527778	0.559992
0.754424	0.530000	0.606776
0.783882	0.532222	0.634716
0.804195	0.534444	0.659992
0.805819	0.537778	0.623144
0.807641	0.540000	0.598858
0.799722	0.542222	0.570879
0.782921	0.544444	0.545756
0.761018	0.547778	0.526837
0.738054	0.550000	0.525238
0.729869	0.551111	0.539589
0.745112	0.554444	0.557328
0.762145	0.556667	0.591702
0.775466	0.558889	0.592425
0.767413	0.561111	0.573316
0.754656	0.563333	0.559802
0.737491	0.565555	0.534640
0.717576	0.567778	0.523906
0.692789	0.571111	0.540122
0.675658	0.572222	0.554397
0.675194	0.574444	0.552988
0.684340	0.577778	0.566806
0.692160	0.580000	0.609250
0.716051	0.581111	0.649600
0.762609	0.581111	0.662733
0.807211	0.581111	0.668862
0.837464	0.581111	0.676894
0.849791	0.581111	0.639703
0.844324	0.581111	0.596612
0.821625	0.581111	0.559117
0.787163	0.581111	0.526152
0.750845	0.581111	0.521584
0.716482	0.581111	0.528778
0.678044	0.581111	0.527332
0.664590	0.581111	0.548649
0.678574	0.581111	0.592196
0.683809	0.581111	0.621165
0.681490	0.581111	0.638409
0.686195	0.581111	0.639018
0.696401	0.581111	0.657556
0.721552	0.581111	0.691283
0.786633	0.578889	0.748801
0.849294	0.573333	0.776894
0.842733	0.568889	0.717625
0.756743	0.563333	0.589189
0.734078	0.558889	0.536125
0.719730	0.553333	0.529920
0.694745	0.548889	0.537038
0.673206	0.543333	0.531633
0.650010	0.536667	0.520289
0.632481	0.532222	0.533156
0.639141	0.527778	0.577998
0.675360	0.527778	0.628169
0.721088	0.527778	0.673011
0.760421	0.527778	0.696612
0.773742	0.527778	0.677922
0.752767	0.527778	0.658888
0.725429	0.527778	0.622345
0.699516	0.527778	0.593947
0.672245	0.527778	0.587933
0.652396	0.528889	0.597640
0.658692	0.531111	0.628702
0.698754	0.532222	0.676361
0.747631	0.534444	0.710126
0.782491	0.535555	0.728169
0.795977	0.537778	0.675485
0.784976	0.540000	0.641759
0.767944	0.541111	0.607195
0.762145	0.543333	0.599657
0.768275	0.544444	0.617701
0.769269	0.546667	0.631252
0.759858	0.547778	0.615188
0.741799	0.550000	0.576513
0.715190	0.551111	0.537153
0.688349	0.553333	0.511877
0.661542	0.554444	0.511991
0.632282	0.557778	0.485383
0.622805	0.557778	0.488009
0.636822	0.557778	0.530225
0.662039	0.556667	0.578493
0.686659	0.554444	0.612257
0.705580	0.554444	0.591854
0.702167	0.551111	0.567872
0.689012	0.551111	0.540464
0.675393	0.548889	0.534526
0.682915	0.547778	0.559459
0.707734	0.547778	0.585801
0.724402	0.544444	0.594823
0.727716	0.544444	0.593986
0.717145	0.542222	0.576742
0.707436	0.541111	0.539399
0.698423	0.541111	0.541797
0.680761	0.537778	0.544309
0.690768	0.537778	0.567035
0.747167	0.535555	0.603654
0.814600	0.533333	0.642063
0.856054	0.531111	0.619680
0.850123	0.528889	0.618005
0.817682	0.526667	0.580091
0.791669	0.524444	0.553293
0.761979	0.521111	0.541568
0.729240	0.520000	0.547012
0.700046	0.517778	0.553864
0.684671	0.515555	0.555082
0.704785	0.520000	0.585421
0.741434	0.526667	0.597221
0.778050	0.532222	0.623335
0.802969	0.538889	0.628854
0.811286	0.544444	0.590560
0.801876	0.550000	0.544614
0.784876	0.556667	0.508793
0.765889	0.562222	0.466616
0.744582	0.568889	0.467453
0.738883	0.571111	0.476209
0.758997	0.574444	0.507727
0.792730	0.574444	0.555424
0.827225	0.574444	0.586943
0.845848	0.576667	0.586182
0.846146	0.577778	0.573239
0.826198	0.577778	0.573544
0.796541	0.578889	0.573392
0.768407	0.581111	0.560373
0.745510	0.581111	0.566007
0.763603	0.583333	0.596231
0.793359	0.586667	0.614960
0.808271	0.588889	0.628283
0.805918	0.591111	0.660335
0.790974	0.594444	0.631861
0.758003	0.596667	0.598592
0.749586	0.598889	0.627522
0.772119	0.602222	0.671412
0.790245	0.604444	0.697982
0.784711	0.607778	0.685078
0.755815	0.610000	0.652608
0.745411	0.612222	0.662505
0.760421	0.615555	0.710659
0.771191	0.617778	0.735325
0.769103	0.621111	0.719452
0.754987	0.623333	0.723639
0.738220	0.625555	0.720289
0.714660	0.628889	0.714503
0.679203	0.631111	0.698173
0.655411	0.634444	0.691245
0.661641	0.641111	0.712181
0.691828	0.651111	0.757137
0.724833	0.661111	0.761667
0.759991	0.671111	0.765969
0.787925	0.681111	0.794557
0.787859	0.691111	0.755120
0.775300	0.701111	0.713171
0.753231	0.711111	0.679140
0.721353	0.721111	0.672783
0.707800	0.728889	0.686486
0.723242	0.732222	0.704911
0.747266	0.735555	0.728055
0.772848	0.737778	0.739703
0.802969	0.741111	0.764370
0.837597	0.743333	0.775067
0.848830	0.746667	0.778378
0.845053	0.748889	0.754663
0.823282	0.752222	0.740959
0.815727	0.754444	0.733308
0.828418	0.757778	0.741683
0.840414	0.761111	0.769281
0.843860	0.764444	0.784469
0.835576	0.767778	0.775904
0.823514	0.771111	0.759992
0.805487	0.774444	0.739322
0.772682	0.777778	0.694290
0.741467	0.781111	0.697107
0.725926	0.783333	0.713856
0.752336	0.784444	0.758051
0.804526	0.784444	0.818310
0.844224	0.784444	0.838790
0.863178	0.784444	0.840274
0.856286	0.784444	0.825771
0.836702	0.787778	0.806243
0.807078	0.787778	0.783251
0.771257	0.787778	0.765246
0.752237	0.787778	0.765436
0.770197	0.788889	0.805482
0.797270	0.791111	0.831405
0.821857	0.791111	0.857061
0.841209	0.791111	0.866007
0.852111	0.794444	0.892196
0.844854	0.794444	0.881842
0.820167	0.794444	0.867225
0.785440	0.796667	0.842177
0.786831	0.797778	0.857861
0.818079	0.797778	0.898097
0.856849	0.797778	0.922878
0.891908	0.797778	0.929920
0.901816	0.798889	0.930187
0.899298	0.801111	0.892463
0.875804	0.801111	0.873544
0.846212	0.801111	0.841492
0.803068	0.801111	0.824362
0.796938	0.801111	0.834412
0.826894	0.801111	0.864598
0.861157	0.801111	0.889912
0.890781	0.801111	0.913552
0.903009	0.801111	0.906014
0.891544	0.801111	0.883632
0.866293	0.801111	0.855653
0.834350	0.801111	0.825847
0.793393	0.800000	0.810735
0.751375	0.797778	0.798858
0.752469	0.801111	0.837229
0.787196	0.801111	0.862429
0.823613	0.804444	0.883974
0.853204	0.806667	0.908489
0.869905	0.808889	0.928245
0.874578	0.811111	0.920480
0.873418	0.813333	0.895737
0.858075	0.815555	0.886182
0.831864	0.817778	0.864979
0.814633	0.820000	0.851313
0.833190	0.821111	0.884774
