0.333835	0.110465	0.347367
0.280706	0.110465	0.323890
0.282212	0.110465	0.327458
0.386965	0.116280	0.404025
0.541416	0.119186	0.456829
0.660224	0.125001	0.416583
0.696703	0.127907	0.318182
0.652861	0.136628	0.205152
0.602912	0.139535	0.115741
0.550452	0.145349	0.065006
0.463353	0.148256	0.052519
0.367303	0.154070	0.065934
0.290328	0.156977	0.041316
0.294428	0.162791	0.121949
0.392989	0.154070	0.248466
0.501255	0.145349	0.334808
0.542503	0.136628	0.389824
0.532045	0.130814	0.349793
0.485776	0.122093	0.288640
0.442855	0.113372	0.273655
0.465947	0.107559	0.305123
0.555137	0.098838	0.367846
0.645164	0.090117	0.371985
0.702644	0.081396	0.311403
0.700971	0.075582	0.234266
0.652025	0.066861	0.135935
0.584003	0.058140	0.104039
0.513303	0.049419	0.099900
0.436663	0.043605	0.075781
0.365378	0.034884	0.045669
0.346051	0.029070	0.076352
0.404116	0.031977	0.175182
0.486362	0.037791	0.262880
0.560743	0.043605	0.315256
0.612031	0.049419	0.362637
0.616131	0.058140	0.293564
0.620733	0.063954	0.248038
0.600736	0.069767	0.195590
0.558317	0.075582	0.148494
0.503012	0.084303	0.113030
0.445030	0.090117	0.110033
0.424364	0.093024	0.136935
0.462851	0.101744	0.170187
0.505857	0.107559	0.234623
0.539491	0.113372	0.235978
0.519160	0.119186	0.200157
0.486948	0.125001	0.174825
0.443608	0.130814	0.127658
0.393323	0.136628	0.107535
0.330740	0.145349	0.137933
0.287483	0.148256	0.164692
0.286312	0.154070	0.162052
0.309404	0.162791	0.187955
0.329150	0.168605	0.267518
0.389475	0.171512	0.343157
0.507028	0.171512	0.367775
0.619645	0.171512	0.379264
0.696034	0.171512	0.394320
0.727159	0.171512	0.324604
0.713353	0.171512	0.243828
0.656041	0.171512	0.173541
0.569026	0.171512	0.111745
0.477326	0.171512	0.103183
0.390562	0.171512	0.116669
0.293507	0.171512	0.113957
0.259538	0.171512	0.153918
0.294846	0.171512	0.235550
0.308066	0.171512	0.289853
0.302209	0.171512	0.322178
0.314090	0.171512	0.323320
0.339859	0.171512	0.358071
0.403363	0.171512	0.421293
0.567687	0.165698	0.529114
0.725904	0.151163	0.581775
0.709337	0.139535	0.470672
0.492219	0.125001	0.229913
0.434990	0.113372	0.130441
0.398762	0.098838	0.118810
0.335676	0.087209	0.132154
0.281292	0.072675	0.122021
0.222724	0.055233	0.100756
0.178464	0.043605	0.124875
0.195281	0.031977	0.208934
0.286730	0.031977	0.302983
0.402192	0.031977	0.387042
0.501506	0.031977	0.431283
0.535141	0.031977	0.396247
0.482179	0.031977	0.360568
0.413153	0.031977	0.292065
0.347724	0.031977	0.238833
0.278865	0.031977	0.227558
0.228748	0.034884	0.245754
0.244645	0.040698	0.303982
0.345800	0.043605	0.393321
0.469210	0.049419	0.456615
0.557229	0.052326	0.490438
0.591282	0.058140	0.391680
0.563504	0.063954	0.328457
0.520499	0.066861	0.263665
0.505857	0.072675	0.249536
0.521335	0.075582	0.283360
0.523845	0.081396	0.308763
0.500084	0.084303	0.278650
0.454485	0.090117	0.206151
0.387299	0.093024	0.132368
0.319528	0.098838	0.084986
0.251841	0.101744	0.085201
0.177962	0.110465	0.035322
0.154033	0.110465	0.040245
0.189424	0.110465	0.119381
0.253096	0.107559	0.209862
0.315261	0.101744	0.273155
0.363035	0.101744	0.234908
0.354418	0.093024	0.189953
0.321201	0.093024	0.138576
0.286814	0.087209	0.127444
0.305807	0.084303	0.174183
0.368474	0.084303	0.223562
0.410559	0.075582	0.240474
0.418926	0.075582	0.238904
0.392236	0.069767	0.206579
0.367721	0.066861	0.136578
0.344963	0.066861	0.141073
0.300368	0.058140	0.145783
0.325636	0.058140	0.188383
0.468039	0.052326	0.257029
0.638303	0.046512	0.329028
0.742972	0.040698	0.287070
0.727995	0.034884	0.283930
0.646084	0.029070	0.212859
0.580405	0.023256	0.162623
0.505438	0.014535	0.140645
0.422774	0.011628	0.150849
0.349063	0.005814	0.163693
0.310241	0.000000	0.165977
0.361027	0.011628	0.222849
0.453564	0.029070	0.244969
0.546017	0.043605	0.293920
0.608936	0.061046	0.304267
0.629936	0.075582	0.232482
0.606175	0.090117	0.146354
0.563253	0.107559	0.079207
0.515311	0.122093	0.000143
0.461513	0.139535	0.001713
0.447122	0.145349	0.018125
0.497908	0.154070	0.077209
0.583082	0.154070	0.166619
0.670181	0.154070	0.225703
0.717202	0.159884	0.224276
0.717955	0.162791	0.200014
0.667587	0.162791	0.200585
0.592704	0.165698	0.200300
0.521670	0.171512	0.175896
0.463855	0.171512	0.186456
0.509538	0.177326	0.243114
0.584672	0.186047	0.278222
0.622323	0.191860	0.303197
0.616382	0.197675	0.363280
0.578648	0.206396	0.309904
0.495398	0.212210	0.247538
0.474147	0.218023	0.301770
0.531041	0.226744	0.384045
0.576807	0.232558	0.433852
0.562835	0.241279	0.409662
0.489876	0.247094	0.348794
0.463604	0.252907	0.367347
0.501506	0.261628	0.457614
0.528698	0.267442	0.503853
0.523427	0.276163	0.474097
0.487784	0.281977	0.481947
0.445448	0.287791	0.475667
0.385961	0.296512	0.464821
0.296436	0.302326	0.434209
0.236362	0.311047	0.421222
0.252092	0.328489	0.460468
0.328313	0.354651	0.544741
0.411647	0.380814	0.553232
0.500418	0.406977	0.561296
0.570950	0.433140	0.614885
0.570783	0.459302	0.540959
0.539073	0.485465	0.462323
0.483350	0.511628	0.398530
0.402861	0.537791	0.386613
0.368641	0.558139	0.412302
0.407631	0.566860	0.446839
0.468290	0.575581	0.490224
0.532882	0.581395	0.512059
0.608936	0.590116	0.558299
0.696369	0.595931	0.578350
0.724732	0.604652	0.584558
0.715194	0.610465	0.540103
0.660224	0.619186	0.514414
0.641148	0.625000	0.500071
0.673193	0.633721	0.515770
0.703481	0.642442	0.567504
0.712182	0.651163	0.595975
0.691265	0.659884	0.579920
0.660810	0.668605	0.550093
0.615295	0.677326	0.511346
0.532463	0.686047	0.426930
0.453648	0.694768	0.432211
0.414408	0.700582	0.463608
0.481091	0.703488	0.546454
0.612868	0.703488	0.659412
0.713102	0.703488	0.697802
0.760961	0.703488	0.700585
0.743558	0.703488	0.673398
0.694110	0.712209	0.636792
0.619311	0.712209	0.593692
0.528865	0.712209	0.559940
0.480840	0.712209	0.560297
0.526188	0.715116	0.635365
0.594545	0.720930	0.683959
0.656627	0.720930	0.732054
0.705489	0.720930	0.748823
0.733015	0.729651	0.797916
0.714692	0.729651	0.778507
0.652359	0.729651	0.751106
0.564675	0.735465	0.704153
0.568189	0.738372	0.733552
0.647088	0.738372	0.808977
0.744980	0.738372	0.855430
0.833501	0.738372	0.868631
0.858517	0.741279	0.869131
0.852159	0.747093	0.798416
0.792838	0.747093	0.762951
0.718122	0.747093	0.702869
0.609187	0.747093	0.670758
0.593708	0.747093	0.689596
0.669344	0.747093	0.746182
0.755857	0.747093	0.793635
0.830656	0.747093	0.837948
0.861529	0.747093	0.823819
0.832580	0.747093	0.781861
0.768825	0.747093	0.729413
0.688169	0.747093	0.673541
0.584756	0.744186	0.645212
0.478665	0.738372	0.622948
0.481426	0.747093	0.694877
0.569110	0.747093	0.742115
0.661061	0.755814	0.782503
0.735776	0.761628	0.828457
0.777945	0.767442	0.865492
0.789742	0.773256	0.850935
0.786814	0.779070	0.804553
0.748076	0.784883	0.786642
0.681894	0.790698	0.746896
0.638387	0.796512	0.721279
0.685241	0.799419	0.784002
0.810074	0.799419	0.898031
0.906627	0.799419	0.942201
0.939759	0.799419	0.920936
0.921687	0.799419	0.907521
0.881693	0.799419	0.864421
0.819110	0.799419	0.807407
0.744813	0.799419	0.765021
0.646837	0.799419	0.734052
0.552376	0.799419	0.710004
0.542001	0.799419	0.724561
0.643491	0.799419	0.812616
0.763889	0.799419	0.902455
0.868641	0.799419	0.921864
0.918675	0.799419	0.929570
0.917420	0.799419	0.916940
0.876339	0.799419	0.850507
0.835760	0.799419	0.781790
0.758283	0.799419	0.751463
0.661898	0.799419	0.731982
0.641817	0.799419	0.766519
0.709003	0.799419	0.802911
0.774180	0.799419	0.787284
0.823126	0.808140	0.797131
0.855505	0.808140	0.812616
0.845716	0.808140	0.812901
0.796436	0.808140	0.757457
0.727410	0.808140	0.712145
0.641399	0.811046	0.681319
0.534304	0.816861	0.663765
0.512969	0.816861	0.707293
0.610442	0.816861	0.782503
0.763136	0.819767	0.857214
0.911563	0.825581	0.923719
1.000000	0.825581	0.934994
0.968373	0.831396	0.839874
0.918256	0.834302	0.764521
0.871988	0.834302	0.740402
0.780120	0.840117	0.707007
0.694277	0.843023	0.688526
0.578564	0.843023	0.628015
0.506777	0.843023	0.618881
0.581325	0.843023	0.724704
0.730840	0.843023	0.826745
0.853497	0.843023	0.926217
0.915830	0.843023	0.888326
0.901272	0.843023	0.866847
0.856509	0.843023	0.837520
0.807145	0.843023	0.743756
0.724649	0.843023	0.708006
0.608601	0.843023	0.694306
0.552711	0.843023	0.709790
0.609856	0.843023	0.783716
0.705070	0.843023	0.867846
0.807313	0.845930	0.915156
0.930137	0.851744	0.958898
0.994478	0.851744	0.964250
0.986195	0.851744	0.907878
0.935492	0.851744	0.865634
0.868139	0.851744	0.844584
0.768323	0.851744	0.812473
0.740629	0.854651	0.824889
0.788153	0.860465	0.851220
0.819277	0.869186	0.845440
0.800703	0.872093	0.826317
0.764893	0.877907	0.786856
0.747406	0.886628	0.774012
0.699716	0.892442	0.745255
0.653531	0.898256	0.722135
0.570365	0.904070	0.702797
0.545097	0.904070	0.706508
0.639642	0.904070	0.769659
0.777025	0.904070	0.846011
0.885710	0.904070	0.913800
0.935827	0.904070	0.919723
0.915830	0.904070	0.858927
0.858434	0.904070	0.799058
0.781208	0.895349	0.759312
0.682982	0.895349	0.736906
0.585258	0.895349	0.709719
0.495566	0.895349	0.679321
0.487784	0.895349	0.695447
0.577979	0.895349	0.762951
0.683986	0.895349	0.819395
0.784471	0.895349	0.862709
0.860358	0.904070	0.910518
0.888973	0.904070	0.932282
0.864040	0.904070	0.878550
0.812416	0.904070	0.837020
0.713102	0.904070	0.784573
0.659890	0.909884	0.806836
0.692938	0.912791	0.827244
0.756442	0.918605	0.852362
0.788738	0.921512	0.888469
0.783969	0.930233	0.866847
0.756526	0.933139	0.831383
0.710425	0.938954	0.786356
0.647339	0.944768	0.752248
0.597808	0.947674	0.745326
0.514558	0.956395	0.693949
0.438086	0.956395	0.667475
0.398260	0.965116	0.671186
0.498661	0.965116	0.745540
0.695365	0.959302	0.877836
0.874498	0.956395	0.960111
0.974983	0.953489	0.927572
0.972808	0.947674	0.849508
0.938504	0.944768	0.830455
0.865713	0.938954	0.798844
0.758116	0.936047	0.727059
0.647925	0.930233	0.669902
0.516901	0.930233	0.629727
0.532714	0.930233	0.688883
0.684153	0.930233	0.821464
0.855254	0.930233	0.924005
0.945365	0.938954	0.970173
0.932815	0.938954	0.924647
0.899849	0.947674	0.876267
0.876422	0.947674	0.897674
0.795515	0.953489	0.867918
0.680472	0.956395	0.791708
0.633199	0.956395	0.769873
0.703564	0.962210	0.828029
0.811747	0.965116	0.916583
0.857430	0.965116	0.953332
0.865546	0.970931	0.915299
0.854669	0.973837	0.889967
0.813839	0.973837	0.828957
0.772256	0.976744	0.812402
0.710258	0.982558	0.787641
0.722724	0.982558	0.827958
0.782045	0.982558	0.906879
0.821787	0.991279	0.914514
0.790412	0.991279	0.856287
0.704066	0.991279	0.826959
0.645331	1.000000	0.835522
0.661396	0.997093	0.852505
0.722808	0.982558	0.903026
0.722222	0.956395	0.898530
0.699883	0.933139	0.881547
0.673862	0.912791	0.870487
0.631944	0.886628	0.856715
0.567269	0.860465	0.833452
0.489876	0.840117	0.778436
0.431894	0.816861	0.758384
0.499247	0.790698	0.865563
0.666834	0.770349	0.960539
0.787902	0.747093	1.000000
0.804886	0.729651	0.993078
0.719294	0.709303	0.890324
0.623829	0.686047	0.800200
0.571034	0.668605	0.768731
0.505606	0.648256	0.735122
0.447540	0.625000	0.713073
0.384957	0.607558	0.679892
0.318691	0.587210	0.628800
0.284220	0.563954	0.598402
0.330321	0.546512	0.641501
0.494311	0.531977	0.765021
0.680221	0.520349	0.841373
0.759454	0.514535	0.796132
0.593792	0.508721	0.612316
0.578983	0.500000	0.545811
0.602493	0.494186	0.527758
0.561831	0.485465	0.491508
0.477075	0.476744	0.437562
0.379267	0.470930	0.393321
0.321369	0.465117	0.389539
0.360693	0.456396	0.447909
0.509789	0.450582	0.565435
0.684572	0.444767	0.680962
0.779116	0.441861	0.664835
0.794846	0.433140	0.605323
0.757028	0.430233	0.511631
0.700720	0.424419	0.442772
0.634538	0.418605	0.418795
0.544260	0.415698	0.405951
0.424029	0.406977	0.354574
0.397423	0.404070	0.337234
0.476489	0.395349	0.416227
0.572038	0.386628	0.513772
0.648009	0.377907	0.526474
0.678882	0.369187	0.494505
0.656710	0.360466	0.484373
0.626924	0.351745	0.464750
0.566349	0.343024	0.387969
0.469461	0.334303	0.345155
0.370064	0.328489	0.295847
0.284639	0.316861	0.288997
0.294260	0.311047	0.326531
0.385710	0.302326	0.390253
0.472975	0.302326	0.464321
0.525351	0.302326	0.483516
0.515897	0.299419	0.463679
0.447708	0.293605	0.396603
0.354752	0.293605	0.273227
0.279953	0.293605	0.227487
0.198963	0.287791	0.219352
0.100736	0.284884	0.186028
0.079903	0.284884	0.193378
0.182898	0.279070	0.311046
0.338939	0.273256	0.423505
0.482513	0.264535	0.470101
0.564592	0.258721	0.488012
0.579066	0.250000	0.409519
0.561831	0.241279	0.327458
0.531041	0.235465	0.311474
0.485860	0.226744	0.300057
0.413404	0.218023	0.212716
0.321369	0.212210	0.195162
0.303715	0.206396	0.235336
0.375335	0.209302	0.287284
0.448628	0.215117	0.313972
0.482848	0.223837	0.356929
0.473226	0.229652	0.335450
0.453230	0.235465	0.260739
0.419846	0.241279	0.205580
0.354167	0.250000	0.157628
0.278782	0.255814	0.114528
0.192687	0.261628	0.092194
0.101824	0.267442	0.071000
0.096302	0.273256	0.078350
0.199465	0.270349	0.195661
0.300201	0.264535	0.310047
0.385124	0.255814	0.328172
0.432480	0.250000	0.345298
0.411479	0.241279	0.279506
0.350151	0.235465	0.196660
0.276690	0.226744	0.133937
0.201138	0.220931	0.096760
0.131024	0.215117	0.064150
0.066181	0.206396	0.017411
0.000000	0.197675	0.047310
0.036898	0.191860	0.156915
0.176874	0.188954	0.240617
0.310743	0.188954	0.316541
0.438337	0.188954	0.359069
0.569361	0.186047	0.390324
0.642403	0.180233	0.314400
0.586011	0.180233	0.213715
0.512048	0.180233	0.143927
0.454568	0.180233	0.127230
0.400937	0.180233	0.137933
0.332999	0.180233	0.093407
0.245147	0.180233	0.042743
0.148594	0.180233	0.000000
0.133534	0.180233	0.035750
0.247992	0.180233	0.185814
0.387634	0.180233	0.295847
0.503514	0.180233	0.346796
0.590027	0.180233	0.386756
