139.323333	6.310000	110.043333
136.946667	6.310000	108.980000
134.163333	6.310000	106.570000
132.126667	6.310000	104.403333
132.363333	6.310000	104.680000
137.273333	6.310000	108.500000
144.733333	6.303333	114.070000
150.883333	6.296667	114.773333
146.736667	6.286667	107.166667
143.073333	6.280000	101.760000
144.496667	6.270000	101.260000
143.723333	6.263333	99.990000
140.976667	6.253333	98.063333
137.110000	6.246667	95.736667
133.840000	6.236667	94.116667
133.806667	6.230000	96.083333
138.016667	6.220000	100.986667
145.150000	6.213333	106.733333
150.470000	6.210000	107.986667
152.216667	6.200000	105.853333
151.420000	6.196667	102.170000
149.303333	6.190000	97.893333
146.936667	6.183333	95.720000
143.773333	6.180000	94.753333
139.226667	6.170000	92.890000
136.036667	6.170000	91.233333
137.933333	6.160000	93.153333
141.970000	6.150000	97.400000
145.306667	6.140000	100.996667
147.320000	6.130000	100.670000
146.986667	6.120000	99.183333
146.060000	6.110000	98.020000
144.206667	6.100000	95.370000
140.806667	6.090000	92.493333
136.743333	6.080000	90.193333
133.050000	6.070000	89.363333
131.373333	6.060000	90.770000
134.356667	6.053333	92.916667
138.023333	6.050000	96.506667
140.876667	6.050000	99.340000
141.470000	6.046667	98.990000
139.686667	6.040000	96.730000
136.030000	6.040000	90.963333
132.803333	6.040000	87.523333
129.760000	6.033333	85.773333
126.050000	6.030000	85.723333
123.383333	6.030000	86.856667
125.733333	6.026667	88.050000
131.676667	6.020000	93.046667
137.410000	6.010000	97.786667
142.080000	6.000000	99.333333
143.566667	5.990000	96.503333
143.240000	5.983333	92.593333
142.203333	5.973333	90.713333
140.696667	5.966667	89.993333
138.223333	5.956667	88.383333
134.690000	5.946667	85.256667
132.320000	5.940000	83.953333
134.043333	5.940000	87.556667
137.430000	5.946667	90.860000
139.370000	5.956667	92.140000
139.730000	5.963333	91.660000
138.776667	5.970000	89.970000
137.963333	5.980000	87.373333
135.720000	5.986667	84.626667
132.863333	5.993333	81.516667
129.630000	6.000000	79.280000
125.840000	6.010000	77.886667
123.853333	6.013333	78.296667
126.446667	6.016667	81.883333
131.170000	6.010000	87.943333
134.573333	6.000000	91.940000
137.133333	5.993333	92.040000
137.546667	5.983333	90.560000
135.593333	5.976667	87.063333
132.773333	5.966667	83.353333
129.553333	5.960000	80.566667
126.733333	5.950000	79.140000
124.273333	5.943333	77.453333
121.310000	5.933333	76.330000
120.780000	5.926667	78.566667
125.086667	5.920000	84.720000
130.886667	5.920000	90.773333
135.753333	5.920000	93.626667
141.230000	5.910000	94.516667
145.746667	5.910000	92.583333
145.210000	5.910000	87.666667
141.770000	5.910000	83.043333
139.443333	5.910000	81.090000
137.373333	5.910000	81.690000
134.930000	5.910000	81.156667
131.753333	5.910000	79.373333
127.926667	5.910000	77.506667
125.263333	5.910000	76.223333
128.196667	5.906667	82.496667
133.853333	5.900000	88.686667
138.716667	5.896667	90.793333
142.736667	5.890000	92.983333
144.840000	5.886667	90.150000
142.963333	5.880000	85.720000
140.370000	5.880000	83.536667
137.163333	5.870000	80.530000
133.590000	5.870000	79.013333
130.103333	5.860000	78.563333
126.890000	5.860000	76.090000
123.526667	5.850000	74.513333
120.463333	5.850000	73.456667
121.910000	5.840000	78.986667
127.420000	5.840000	85.426667
133.310000	5.836667	91.306667
136.706667	5.830000	91.116667
138.306667	5.830000	89.920000
137.283333	5.830000	84.996667
133.936667	5.830000	77.806667
130.546667	5.820000	74.833333
127.753333	5.820000	74.840000
125.206667	5.820000	73.640000
123.550000	5.820000	73.596667
122.786667	5.810000	74.476667
122.866667	5.810000	75.320000
123.573333	5.810000	75.513333
123.936667	5.810000	75.730000
124.810000	5.803333	77.420000
129.600000	5.800000	80.656667
134.566667	5.806667	84.103333
138.190000	5.810000	86.423333
139.856667	5.810000	84.743333
139.036667	5.810000	78.910000
136.110000	5.810000	75.070000
132.440000	5.810000	71.473333
129.483333	5.820000	71.433333
126.756667	5.820000	70.313333
125.086667	5.820000	70.513333
123.823333	5.820000	71.466667
122.596667	5.820000	72.183333
122.180000	5.820000	73.273333
121.983333	5.830000	72.620000
121.903333	5.830000	71.663333
122.410000	5.830000	74.056667
122.586667	5.830000	74.660000
121.706667	5.830000	72.990000
121.753333	5.830000	72.920000
125.260000	5.836667	77.220000
130.260000	5.830000	82.713333
134.466667	5.830000	85.543333
137.333333	5.830000	86.823333
138.793333	5.830000	84.833333
139.203333	5.826667	80.200000
138.993333	5.820000	75.923333
137.130000	5.820000	73.483333
134.403333	5.820000	72.633333
131.943333	5.820000	72.283333
129.796667	5.816667	71.540000
127.620000	5.810000	70.876667
125.723333	5.810000	71.823333
124.480000	5.810000	71.573333
124.320000	5.810000	72.396667
124.510000	5.803333	73.046667
124.086667	5.800000	72.196667
122.793333	5.800000	73.026667
123.586667	5.800000	75.680000
127.636667	5.796667	80.266667
131.290000	5.790000	85.216667
133.086667	5.786667	86.500000
133.596667	5.780000	83.590000
133.146667	5.780000	82.913333
132.346667	5.770000	80.550000
130.810000	5.770000	78.503333
128.303333	5.760000	76.876667
125.720000	5.760000	75.010000
124.156667	5.753333	75.216667
123.540000	5.750000	75.086667
123.483333	5.743333	75.036667
124.360000	5.740000	76.460000
125.316667	5.736667	76.270000
125.606667	5.730000	75.026667
125.560000	5.726667	74.353333
125.590000	5.720000	73.760000
128.003333	5.716667	76.496667
132.606667	5.710000	82.116667
136.140000	5.710000	82.483333
137.386667	5.700000	79.700000
137.343333	5.700000	76.683333
135.870000	5.693333	73.036667
134.113333	5.690000	70.773333
133.183333	5.683333	70.530000
132.023333	5.680000	71.063333
130.930000	5.676667	71.420000
129.416667	5.670000	71.580000
127.533333	5.670000	69.623333
125.530000	5.660000	69.216667
123.476667	5.660000	68.253333
121.876667	5.653333	67.686667
120.926667	5.650000	68.666667
120.703333	5.643333	69.816667
123.100000	5.640000	73.836667
128.663333	5.640000	79.140000
134.856667	5.640000	84.900000
139.916667	5.630000	85.706667
142.423333	5.630000	82.500000
142.573333	5.630000	77.916667
140.840000	5.630000	72.830000
138.013333	5.630000	69.546667
135.623333	5.630000	69.153333
134.030000	5.626667	70.230000
132.656667	5.620000	71.050000
131.310000	5.620000	70.710000
130.396667	5.620000	71.553333
130.476667	5.620000	74.523333
131.246667	5.620000	75.706667
132.583333	5.620000	76.416667
136.636667	5.610000	78.570000
142.016667	5.610000	81.243333
145.280000	5.610000	81.686667
146.666667	5.603333	80.206667
145.690000	5.600000	76.290000
141.770000	5.600000	72.370000
137.256667	5.590000	71.013333
133.936667	5.590000	70.656667
130.963333	5.586667	70.376667
128.026667	5.580000	71.246667
125.510000	5.580000	72.026667
123.730000	5.573333	71.390000
122.350000	5.570000	71.740000
121.480000	5.570000	71.783333
120.743333	5.560000	71.573333
123.760000	5.560000	75.103333
129.626667	5.560000	82.080000
134.533333	5.560000	87.690000
136.913333	5.560000	85.003333
137.803333	5.560000	80.103333
137.646667	5.560000	76.433333
136.420000	5.560000	72.436667
134.603333	5.560000	67.820000
132.076667	5.560000	66.496667
130.423333	5.560000	66.086667
128.576667	5.560000	66.213333
127.346667	5.560000	67.200000
127.176667	5.560000	69.513333
127.410000	5.560000	72.006667
128.103333	5.560000	72.280000
128.710000	5.560000	72.366667
129.370000	5.560000	73.196667
132.030000	5.563333	74.130000
138.343333	5.563333	79.776667
145.176667	5.560000	85.360000
151.630000	5.560000	85.746667
152.553333	5.560000	81.493333
148.123333	5.560000	74.620000
148.953333	5.560000	74.360000
146.833333	5.560000	75.476667
143.470000	5.560000	76.653333
141.286667	5.560000	77.930000
138.850000	5.560000	80.370000
135.503333	5.560000	79.140000
134.153333	5.563333	79.456667
136.220000	5.570000	82.273333
139.643333	5.570000	86.130000
142.003333	5.570000	87.486667
142.576667	5.570000	85.126667
141.750000	5.576667	82.526667
139.953333	5.580000	81.206667
136.620000	5.580000	80.710000
132.236667	5.580000	78.276667
127.630000	5.580000	75.310000
125.463333	5.586667	75.570000
127.803333	5.590000	79.186667
130.936667	5.600000	83.656667
132.496667	5.603333	83.800000
132.306667	5.610000	84.633333
130.216667	5.620000	82.466667
126.880000	5.623333	79.980000
126.933333	5.630000	81.126667
129.140000	5.636667	83.363333
130.973333	5.640000	87.080000
132.070000	5.650000	86.806667
131.763333	5.653333	83.340000
130.323333	5.660000	81.793333
128.360000	5.670000	78.103333
126.476667	5.673333	78.406667
123.566667	5.680000	77.293333
120.463333	5.686667	76.203333
119.996667	5.693333	79.343333
123.020000	5.703333	82.953333
126.090000	5.716667	85.936667
127.493333	5.726667	88.266667
127.316667	5.740000	87.566667
125.903333	5.753333	86.153333
125.246667	5.763333	83.906667
127.490000	5.776667	85.086667
130.396667	5.786667	87.633333
131.776667	5.796667	86.893333
133.213333	5.810000	87.310000
134.013333	5.823333	86.576667
133.786667	5.833333	84.643333
136.716667	5.843333	86.090000
140.496667	5.843333	88.233333
143.386667	5.833333	91.150000
144.533333	5.823333	88.043333
142.750000	5.813333	84.233333
139.993333	5.800000	82.580000
137.356667	5.790000	79.350000
134.306667	5.776667	78.930000
131.616667	5.766667	78.916667
131.120000	5.753333	81.630000
133.123333	5.743333	84.700000
137.536667	5.733333	87.840000
140.713333	5.720000	89.803333
142.160000	5.710000	89.673333
144.000000	5.696667	88.953333
145.400000	5.686667	87.680000
143.903333	5.676667	85.913333
142.300000	5.663333	84.106667
143.190000	5.653333	84.653333
143.153333	5.650000	86.193333
141.040000	5.650000	83.416667
138.280000	5.650000	81.026667
134.853333	5.650000	78.916667
130.856667	5.650000	76.773333
128.026667	5.650000	77.456667
128.123333	5.650000	80.560000
130.023333	5.650000	83.866667
131.610000	5.650000	86.463333
132.310000	5.650000	88.870000
131.413333	5.650000	88.696667
129.296667	5.650000	85.506667
126.993333	5.650000	84.806667
127.613333	5.660000	87.570000
129.820000	5.650000	92.333333
131.623333	5.643333	94.293333
134.230000	5.633333	94.093333
136.963333	5.626667	95.843333
136.996667	5.616667	92.660000
136.420000	5.606667	90.650000
135.973333	5.600000	88.270000
134.726667	5.590000	85.636667
132.323333	5.580000	83.083333
130.703333	5.573333	81.310000
132.970000	5.563333	83.526667
136.636667	5.553333	84.613333
138.760000	5.546667	84.496667
139.186667	5.536667	81.566667
138.013333	5.526667	76.720000
135.703333	5.520000	73.713333
133.096667	5.510000	71.940000
131.623333	5.500000	72.526667
132.080000	5.503333	74.890000
133.503333	5.520000	76.716667
134.370000	5.543333	77.973333
134.983333	5.563333	78.466667
134.740000	5.583333	77.566667
133.470000	5.603333	76.206667
132.446667	5.623333	75.323333
133.133333	5.640000	76.583333
133.970000	5.660000	79.586667
132.983333	5.680000	81.126667
131.763333	5.700000	81.436667
129.933333	5.720000	81.763333
128.036667	5.740000	80.610000
125.856667	5.756667	80.056667
128.113333	5.770000	85.806667
133.296667	5.770000	91.516667
137.300000	5.770000	94.243333
137.993333	5.770000	94.630000
136.840000	5.770000	91.503333
134.853333	5.770000	88.776667
133.573333	5.770000	88.750000
132.886667	5.770000	88.696667
133.440000	5.770000	89.813333
133.906667	5.770000	91.613333
134.126667	5.770000	91.076667
133.653333	5.770000	89.916667
133.170000	5.770000	88.953333
133.776667	5.770000	87.893333
134.330000	5.770000	88.103333
133.966667	5.770000	88.006667
133.283333	5.770000	87.763333
133.286667	5.770000	88.726667
133.880000	5.770000	88.750000
