0.483766	0.700000	0.512255
0.593301	0.691667	0.675348
0.687884	0.675000	0.718477
0.728383	0.650000	0.679236
0.714200	0.633333	0.620080
0.657297	0.616668	0.488098
0.601077	0.600000	0.412562
0.528794	0.575000	0.368489
0.463090	0.558333	0.337026
0.410373	0.541667	0.315461
0.367139	0.525000	0.344685
0.332963	0.500000	0.384398
0.339542	0.483332	0.378859
0.456254	0.475000	0.584256
0.629785	0.475000	0.785883
0.769566	0.483332	0.862833
0.765208	0.500000	0.665920
0.645762	0.500000	0.332312
0.641661	0.500000	0.257954
0.619874	0.500000	0.294367
0.561090	0.500000	0.318878
0.495044	0.516668	0.265378
0.422249	0.525000	0.220363
0.362782	0.525000	0.245110
0.318694	0.525000	0.305444
0.282297	0.525000	0.330662
0.295967	0.525000	0.382866
0.430537	0.525000	0.587438
0.580144	0.516668	0.765025
0.684040	0.500000	0.819350
0.663961	0.475000	0.606646
0.518541	0.458333	0.326891
0.449334	0.450000	0.234150
0.412423	0.425000	0.258779
0.335441	0.408332	0.286000
0.264439	0.391667	0.287532
0.213431	0.375000	0.268678
0.180622	0.358333	0.257012
0.140465	0.341667	0.288122
0.109535	0.325000	0.280815
0.105776	0.300000	0.333373
0.163534	0.300000	0.496465
0.266405	0.325000	0.705986
0.348684	0.341667	0.825595
0.373462	0.375000	0.766910
0.315619	0.400000	0.681240
0.247180	0.425000	0.587438
0.189081	0.441667	0.483738
0.184125	0.466667	0.535117
0.210612	0.491667	0.566816
0.225735	0.516668	0.564577
0.211722	0.541667	0.615838
0.174214	0.566667	0.607707
0.128759	0.591667	0.587438
0.084586	0.616668	0.568112
0.036483	0.641667	0.544308
0.000000	0.658333	0.535706
0.011193	0.683332	0.595333
0.089969	0.708332	0.730497
0.187372	0.733333	0.798609
0.232399	0.758333	0.721306
0.226931	0.783332	0.595569
0.200359	0.808332	0.484563
0.160031	0.833333	0.364011
0.101931	0.858333	0.242164
0.052546	0.875000	0.189842
0.078691	0.875000	0.258543
0.159091	0.858333	0.367900
0.270591	0.825000	0.518265
0.406955	0.791667	0.563163
0.502221	0.758333	0.466180
0.536996	0.733333	0.288829
0.534262	0.691667	0.130097
0.512133	0.666667	0.062691
0.470608	0.633333	0.094626
0.414046	0.600000	0.131746
0.384997	0.566667	0.188074
0.419686	0.541667	0.310158
0.422334	0.525000	0.297902
0.369190	0.525000	0.326066
0.322881	0.516668	0.311336
0.290414	0.500000	0.281169
0.267601	0.500000	0.356234
0.278195	0.491667	0.519562
0.341678	0.475000	0.661325
0.444122	0.475000	0.803323
0.534774	0.458333	0.819585
0.549299	0.450000	0.730733
0.531357	0.450000	0.694909
0.512133	0.433333	0.651779
0.487440	0.425000	0.630922
0.479836	0.425000	0.675701
0.544600	0.400000	0.752062
0.653025	0.400000	0.758308
0.742396	0.400000	0.745110
0.746839	0.400000	0.575536
0.693609	0.400000	0.414919
0.611500	0.400000	0.280108
0.523240	0.400000	0.152722
0.445232	0.400000	0.095451
0.348428	0.400000	0.119020
0.301863	0.400000	0.193259
0.365003	0.400000	0.365779
0.492054	0.400000	0.468419
0.618677	0.400000	0.507424
0.709074	0.400000	0.558214
0.718045	0.400000	0.476667
0.670284	0.425000	0.348456
0.617908	0.425000	0.264082
0.568780	0.425000	0.281994
0.503247	0.425000	0.213292
0.425923	0.425000	0.087085
0.347146	0.425000	0.029107
0.294515	0.425000	0.067405
0.335526	0.425000	0.082253
0.405759	0.425000	0.248998
0.439081	0.425000	0.372024
0.418575	0.450000	0.295428
0.388756	0.450000	0.262550
0.331254	0.450000	0.197030
0.262560	0.450000	0.142588
0.226504	0.450000	0.184775
0.234364	0.450000	0.212468
0.299385	0.450000	0.307565
0.397386	0.466667	0.439312
0.503930	0.475000	0.550554
0.587919	0.475000	0.635989
0.641405	0.475000	0.629507
0.648240	0.475000	0.572354
0.632262	0.475000	0.478789
0.615174	0.475000	0.387344
0.582280	0.483332	0.375442
0.538876	0.500000	0.324063
0.501794	0.500000	0.330309
0.514781	0.500000	0.351992
0.554853	0.500000	0.376620
0.562628	0.525000	0.411148
0.539645	0.525000	0.421046
0.491456	0.525000	0.413505
0.403025	0.541667	0.326656
0.325188	0.550000	0.302380
0.249829	0.550000	0.303794
0.242396	0.550000	0.352227
0.322454	0.575000	0.556917
0.442157	0.575000	0.764907
0.541695	0.575000	0.784233
0.583390	0.591667	0.709050
0.580058	0.600000	0.613599
0.556049	0.600000	0.515201
0.503332	0.608332	0.454867
0.429255	0.625000	0.359416
0.398325	0.625000	0.393589
0.405417	0.625000	0.509899
0.399436	0.641667	0.528518
0.387303	0.650000	0.514494
0.350649	0.650000	0.485270
0.303315	0.658333	0.470422
0.264012	0.675000	0.518972
0.254785	0.675000	0.594509
0.317242	0.675000	0.659910
0.451128	0.691667	0.789771
0.559894	0.700000	0.917747
0.599709	0.700000	0.871671
0.522898	0.716668	0.649776
0.501196	0.725000	0.524747
0.488978	0.725000	0.526396
0.463090	0.733333	0.549729
0.432074	0.750000	0.506599
0.448906	0.750000	0.583432
0.559467	0.750000	0.692435
0.765208	0.750000	0.856823
0.943267	0.750000	1.000000
1.000000	0.733333	0.979378
0.876623	0.725000	0.746170
0.668746	0.708332	0.448032
0.598428	0.700000	0.359062
0.503332	0.675000	0.378624
0.392772	0.675000	0.405845
0.329289	0.650000	0.359651
0.276059	0.641667	0.394650
0.228640	0.625000	0.432595
0.212919	0.616668	0.478435
0.266490	0.600000	0.602050
0.377307	0.600000	0.707636
0.480263	0.616668	0.801320
0.556733	0.625000	0.811690
0.587235	0.625000	0.723780
0.572539	0.625000	0.609003
0.537081	0.633333	0.515084
0.496924	0.650000	0.479024
0.450359	0.650000	0.435541
0.379187	0.650000	0.376149
0.309125	0.650000	0.269031
0.231630	0.675000	0.262314
0.230776	0.675000	0.358001
0.290328	0.675000	0.418807
0.357826	0.675000	0.568348
0.421394	0.675000	0.638581
0.455229	0.675000	0.600401
0.443182	0.675000	0.545251
0.400889	0.675000	0.460170
0.347146	0.675000	0.357648
0.281271	0.675000	0.311690
0.218558	0.675000	0.246759
0.156613	0.675000	0.181711
0.100649	0.658333	0.181004
0.100137	0.675000	0.250766
0.169600	0.700000	0.365897
0.264439	0.725000	0.475960
0.343814	0.750000	0.569291
0.411398	0.775000	0.622908
0.451982	0.800000	0.526986
0.460868	0.833333	0.453453
0.447454	0.858333	0.407495
0.427290	0.883332	0.305562
0.396787	0.908332	0.249823
0.347403	0.933332	0.193967
0.296138	0.958333	0.176880
0.304426	0.975000	0.260782
0.398411	0.975000	0.381923
0.486928	0.975000	0.534174
0.541012	0.975000	0.538888
0.560492	0.975000	0.525689
0.549641	0.983332	0.464176
0.520848	1.000000	0.399953
0.473086	1.000000	0.364601
0.413192	1.000000	0.358826
0.344839	1.000000	0.303323
0.282809	1.000000	0.329837
0.277512	1.000000	0.408084
0.371411	1.000000	0.497290
0.478896	1.000000	0.640702
0.546822	0.983332	0.744874
0.555793	0.975000	0.651072
0.494703	0.975000	0.419986
0.465653	0.975000	0.441786
0.414046	0.975000	0.397478
0.328008	0.958333	0.321589
0.236329	0.950000	0.300141
0.160458	0.950000	0.261843
0.091336	0.950000	0.185246
0.050410	0.950000	0.205633
0.122693	0.933332	0.427056
0.267943	0.925000	0.624087
0.405588	0.900000	0.805209
0.489747	0.883332	0.881098
0.507775	0.858333	0.757247
0.475478	0.841667	0.617016
0.426777	0.825000	0.540066
0.380981	0.800000	0.487155
0.328947	0.783332	0.412680
0.278195	0.758333	0.412915
0.220694	0.741667	0.432831
0.187457	0.725000	0.453571
0.276828	0.700000	0.637049
0.460526	0.716668	0.839029
0.626282	0.725000	0.937780
0.752905	0.750000	0.972189
0.817498	0.758333	0.884162
0.728896	0.775000	0.587909
0.755810	0.800000	0.513316
0.775632	0.800000	0.516498
0.714029	0.816668	0.488216
0.648753	0.825000	0.483738
0.587662	0.841667	0.428117
0.542464	0.850000	0.427410
0.493848	0.866667	0.486802
0.454204	0.875000	0.497761
0.534518	0.875000	0.628800
0.679084	0.858333	0.809215
0.808869	0.841667	0.854230
0.868421	0.816668	0.827598
0.848855	0.791667	0.740867
0.747351	0.775000	0.621259
0.696856	0.750000	0.463469
0.613209	0.725000	0.466887
0.537850	0.708332	0.525454
0.480349	0.683332	0.504007
0.411398	0.658333	0.439547
0.399436	0.641667	0.556328
0.524778	0.608332	0.746877
0.668746	0.566667	0.840443
0.772215	0.533333	0.933773
0.796651	0.491667	0.848574
0.795967	0.458333	0.748056
0.756921	0.416668	0.637874
0.670967	0.375000	0.565284
0.586381	0.333333	0.518855
0.534433	0.300000	0.482913
0.555707	0.333333	0.564813
0.574077	0.375000	0.639406
0.564593	0.425000	0.601343
0.527768	0.483332	0.493283
0.486073	0.533333	0.360947
0.432843	0.583332	0.305798
0.376111	0.625000	0.263728
0.315960	0.675000	0.233325
0.259997	0.725000	0.246406
0.197625	0.766667	0.220716
0.196514	0.816668	0.294956
0.298701	0.816668	0.442847
0.422249	0.766667	0.634575
0.502221	0.708332	0.674758
0.616285	0.650000	0.785411
0.718729	0.600000	0.757954
0.679170	0.533333	0.584846
0.620899	0.475000	0.435659
0.563568	0.425000	0.385694
0.489234	0.366667	0.388876
0.392943	0.308332	0.378034
0.289303	0.250000	0.323474
0.207109	0.200000	0.265378
0.150034	0.141667	0.247231
0.127307	0.083332	0.262786
0.161910	0.025000	0.247113
0.270249	0.000000	0.378741
0.409604	0.025000	0.514494
0.523582	0.041667	0.463705
0.577580	0.050000	0.323003
0.566473	0.075000	0.200330
0.517088	0.083332	0.117959
0.456511	0.100000	0.055267
0.389867	0.116668	0.064223
0.320660	0.125000	0.000118
0.274180	0.150000	0.000000
0.275291	0.158333	0.076361
0.318694	0.175000	0.177115
0.372949	0.191668	0.283408
0.424727	0.200000	0.342918
0.469925	0.225000	0.350342
0.485475	0.233333	0.297313
0.465909	0.250000	0.271270
0.395677	0.275000	0.206340
0.323308	0.283332	0.137638
0.263585	0.300000	0.146477
0.205144	0.316668	0.158143
0.159860	0.325000	0.155786
0.148325	0.350000	0.177587
0.168575	0.358333	0.211878
0.219668	0.375000	0.249234
0.264781	0.391667	0.330544
0.303999	0.400000	0.396535
0.386278	0.400000	0.479967
0.499915	0.425000	0.653193
0.546309	0.425000	0.651426
0.509569	0.425000	0.461348
0.445830	0.425000	0.291539
0.366541	0.425000	0.230733
0.292464	0.433333	0.220009
0.231972	0.450000	0.225312
0.175581	0.450000	0.240278
0.110731	0.450000	0.212585
0.062286	0.450000	0.220127
0.087491	0.450000	0.382866
0.203606	0.450000	0.646123
0.343216	0.475000	0.880627
0.438824	0.475000	0.941904
0.414303	0.475000	0.808272
0.356545	0.475000	0.653311
0.353725	0.475000	0.585199
0.299812	0.483332	0.560452
0.282126	0.500000	0.546312
0.366883	0.500000	0.661325
0.520079	0.516668	0.741574
0.655930	0.525000	0.711996
0.714029	0.550000	0.613010
0.684723	0.558333	0.423521
0.627990	0.575000	0.239100
0.581596	0.591667	0.170280
0.498291	0.600000	0.150601
0.400290	0.616668	0.137049
0.312884	0.625000	0.141763
0.293404	0.625000	0.180179
0.375342	0.625000	0.345157
0.494190	0.600000	0.545251
0.554511	0.575000	0.646123
0.551265	0.550000	0.652015
0.512474	0.533333	0.565048
0.461124	0.508332	0.498115
0.465055	0.483332	0.457459
0.547591	0.466667	0.598515
0.642430	0.441667	0.635635
0.712235	0.416668	0.557035
0.724368	0.400000	0.470540
0.682758	0.375000	0.286354
0.615687	0.350000	0.187367
0.543660	0.325000	0.184304
0.468387	0.308332	0.162032
0.389525	0.283332	0.096394
0.349368	0.258333	0.116191
0.401230	0.275000	0.257365
0.481203	0.283332	0.421518
0.558954	0.300000	0.507895
0.620643	0.325000	0.545251
0.632861	0.341667	0.540184
0.636705	0.358333	0.427999
0.623975	0.375000	0.367311
0.581681	0.400000	0.343271
0.527768	0.416668	0.265378
0.474624	0.425000	0.202333
0.434040	0.450000	0.234857
0.466165	0.466667	0.278812
0.507348	0.475000	0.349988
0.547163	0.500000	0.413505
0.543575	0.516668	0.388287
0.510680	0.533333	0.397243
0.467362	0.550000	0.308508
0.418062	0.575000	0.208107
0.355263	0.583332	0.223780
0.303571	0.600000	0.279755
0.289388	0.625000	0.283879
0.311688	0.633333	0.311336
0.339200	0.650000	0.411501
0.379528	0.675000	0.536177
0.491114	0.675000	0.627622
0.612697	0.675000	0.649658
0.699504	0.675000	0.699152
0.742994	0.675000	0.581664
0.738722	0.675000	0.414919
0.690533	0.675000	0.320764
0.605605	0.675000	0.269974
0.512133	0.675000	0.249116
0.422420	0.675000	0.227316
0.325871	0.675000	0.194791
0.265465	0.675000	0.209993
0.297078	0.675000	0.343153
0.318011	0.675000	0.489041
0.311774	0.675000	0.547019
0.319634	0.675000	0.574711
0.342960	0.675000	0.653783
0.389781	0.675000	0.753948
0.540157	0.658333	0.823474
0.715311	0.625000	0.910559
0.760936	0.583332	0.814754
0.546651	0.541667	0.472072
0.451213	0.508332	0.293189
0.423274	0.466667	0.245110
0.356887	0.433333	0.216474
0.304682	0.391667	0.193613
0.247608	0.358333	0.171577
0.192584	0.316668	0.183832
0.190020	0.283332	0.308626
0.270677	0.275000	0.513434
0.387389	0.275000	0.589441
0.495472	0.275000	0.736389
0.551606	0.275000	0.731440
0.510851	0.275000	0.617841
0.441217	0.275000	0.506363
0.372864	0.275000	0.414683
0.303571	0.275000	0.373085
0.244959	0.275000	0.393118
0.240260	0.300000	0.479613
0.327922	0.300000	0.645298
0.455571	0.316668	0.739218
0.555366	0.325000	0.836083
0.604921	0.350000	0.694674
0.588346	0.350000	0.582371
0.543575	0.375000	0.515201
0.519993	0.375000	0.503182
0.530759	0.400000	0.513670
0.540670	0.400000	0.516733
0.520164	0.425000	0.495051
0.480776	0.425000	0.379095
0.414815	0.450000	0.257129
0.345096	0.450000	0.220363
0.277256	0.475000	0.184304
0.199419	0.475000	0.087085
0.160031	0.500000	0.094509
0.184809	0.500000	0.214353
0.246155	0.475000	0.342446
0.311603	0.475000	0.456399
0.365943	0.458333	0.432006
0.372522	0.450000	0.356705
0.338431	0.450000	0.287532
0.303486	0.425000	0.211053
0.302375	0.425000	0.287650
0.366200	0.408332	0.423050
0.414303	0.400000	0.472072
0.433442	0.400000	0.395946
0.409945	0.375000	0.378270
0.382861	0.375000	0.299081
0.363807	0.358333	0.253830
0.317498	0.350000	0.270563
0.319036	0.350000	0.336554
0.437116	0.325000	0.418807
0.620643	0.308332	0.559981
0.749231	0.300000	0.525336
0.758971	0.275000	0.492576
0.682587	0.266667	0.396300
0.609364	0.250000	0.331487
0.539303	0.225000	0.281169
0.452837	0.216668	0.233797
0.376025	0.200000	0.290478
0.320232	0.175000	0.257365
0.355178	0.166667	0.351992
0.443780	0.158333	0.399717
0.541610	0.175000	0.479024
0.613893	0.175000	0.517087
0.641661	0.175000	0.469126
