100.53	5.20	59.28
101.70	5.20	62.47
102.52	5.20	64.27
103.05	5.20	64.95
103.35	5.20	64.75
103.49	5.20	63.91
103.53	5.20	62.69
103.54	5.20	61.33
103.57	5.20	60.08
103.79	5.20	59.61
104.26	5.20	60.26
104.83	5.20	61.16
105.46	5.20	62.18
106.14	5.20	62.99
106.84	5.19	63.45
107.52	5.19	63.78
108.18	5.19	63.95
108.73	5.19	64.05
109.18	5.19	64.01
109.56	5.18	63.72
109.88	5.18	63.12
110.11	5.18	61.42
110.28	5.18	59.41
110.40	5.18	57.62
110.48	5.17	56.39
110.61	5.17	57.83
110.71	5.17	59.91
110.75	5.17	62.07
110.71	5.17	63.89
110.55	5.17	63.28
110.28	5.16	62.00
109.92	5.16	60.38
109.44	5.16	58.67
108.76	5.16	57.80
107.98	5.16	57.23
107.14	5.15	56.86
106.27	5.15	56.68
105.45	5.15	56.79
104.74	5.15	57.20
104.04	5.15	57.71
103.36	5.14	58.23
102.69	5.14	58.70
101.96	5.14	58.77
101.18	5.14	58.44
100.44	5.14	58.03
99.76	5.13	57.58
99.17	5.13	57.17
98.77	5.13	57.02
98.56	5.13	57.12
98.46	5.13	57.30
98.46	5.12	57.55
98.55	5.12	57.85
98.71	5.12	58.14
98.92	5.12	58.39
99.20	5.12	58.67
99.54	5.11	58.96
99.93	5.11	59.27
100.38	5.11	59.65
100.87	5.11	60.05
101.37	5.11	60.45
101.86	5.11	60.81
102.30	5.10	61.15
102.66	5.10	61.44
103.01	5.10	61.62
103.34	5.10	61.67
103.64	5.10	61.38
103.93	5.09	60.67
104.24	5.09	59.99
104.62	5.09	59.48
105.17	5.09	59.63
105.87	5.09	60.36
106.58	5.08	61.31
107.26	5.08	62.34
107.76	5.08	63.34
108.16	5.08	64.22
108.48	5.07	64.87
108.76	5.07	65.08
109.05	5.07	64.43
109.25	5.07	63.54
109.33	5.06	62.59
109.24	5.06	61.95
108.92	5.06	61.84
108.45	5.06	61.87
107.87	5.06	61.95
107.15	5.05	61.98
106.31	5.05	61.86
105.41	5.05	61.68
104.48	5.05	61.43
103.54	5.04	61.09
102.74	5.04	60.47
102.00	5.04	59.75
101.29	5.04	59.02
100.61	5.03	58.34
99.95	5.03	57.75
99.28	5.03	57.68
98.62	5.03	57.82
98.00	5.03	58.00
97.43	5.02	58.18
96.92	5.02	58.27
96.52	5.02	57.72
96.19	5.02	56.94
95.92	5.01	56.21
95.71	5.01	55.64
95.54	5.01	55.33
95.43	5.01	56.36
95.34	5.00	57.80
95.29	5.00	59.22
95.25	5.00	60.42
95.22	5.00	61.00
95.17	4.99	59.54
95.13	4.99	57.78
95.09	4.99	56.00
95.07	4.99	54.47
95.02	4.99	54.39
94.98	4.98	55.43
94.98	4.98	56.70
95.04	4.98	57.99
95.16	4.98	58.75
95.34	4.97	58.28
95.66	4.97	57.75
96.16	4.97	57.37
96.90	4.96	57.55
98.05	4.96	58.96
99.36	4.96	60.67
100.75	4.95	62.49
102.17	4.95	64.21
103.54	4.95	65.66
104.85	4.94	66.80
106.02	4.94	67.50
106.97	4.93	67.18
107.70	4.93	66.25
108.21	4.93	65.02
108.48	4.92	63.69
108.36	4.92	62.78
108.04	4.92	61.91
107.55	4.91	61.05
106.94	4.91	60.15
106.32	4.91	59.07
105.63	4.90	58.01
104.90	4.90	57.05
104.13	4.90	56.24
103.36	4.89	55.78
102.63	4.89	56.01
101.91	4.88	56.41
101.18	4.88	56.91
100.47	4.88	57.43
99.77	4.87	57.90
99.08	4.87	57.92
98.41	4.87	57.75
97.76	4.86	57.45
97.15	4.86	57.04
96.58	4.86	56.51
96.06	4.85	55.68
95.60	4.85	54.66
95.18	4.84	53.68
94.80	4.84	52.81
94.46	4.84	52.14
94.14	4.83	52.10
93.86	4.83	52.52
93.61	4.83	53.12
93.39	4.82	53.80
93.20	4.82	54.51
93.05	4.82	55.13
92.92	4.81	55.63
92.81	4.81	55.97
92.71	4.81	56.07
92.52	4.81	55.32
92.32	4.81	54.22
92.19	4.82	53.21
92.16	4.82	52.53
92.37	4.83	53.22
92.76	4.83	54.66
93.22	4.84	56.20
93.73	4.84	57.58
94.25	4.84	57.62
94.75	4.85	57.30
95.23	4.85	56.90
95.64	4.86	56.78
95.96	4.86	57.42
96.21	4.86	58.08
96.38	4.87	58.59
96.45	4.87	58.32
96.42	4.88	57.36
96.33	4.88	56.29
96.20	4.89	55.32
96.05	4.89	55.25
95.88	4.90	55.75
95.67	4.90	56.44
95.43	4.90	57.20
95.13	4.91	57.76
94.77	4.91	57.92
94.39	4.92	57.95
94.01	4.92	57.88
93.64	4.93	57.69
93.32	4.93	57.20
93.03	4.93	56.63
92.79	4.94	56.10
92.61	4.94	55.70
92.50	4.95	55.55
92.52	4.95	56.37
92.60	4.95	57.33
92.73	4.96	58.30
92.91	4.96	59.16
93.10	4.97	59.51
93.31	4.97	59.23
93.54	4.97	58.75
93.82	4.98	58.13
94.14	4.98	57.42
94.54	4.98	56.64
94.95	4.99	55.94
95.37	4.99	55.40
95.77	5.00	55.22
96.10	5.00	55.98
96.39	5.01	56.84
96.66	5.01	57.61
96.88	5.01	57.92
97.07	5.01	56.91
97.21	5.02	55.68
97.32	5.01	54.46
97.36	5.01	53.60
97.28	5.01	53.96
97.19	5.00	54.57
97.16	5.00	55.25
97.23	5.00	55.72
97.55	4.99	55.39
97.95	4.99	55.07
98.43	4.98	54.91
98.95	4.98	55.47
99.49	4.97	56.90
100.04	4.97	58.39
100.58	4.97	59.68
101.01	4.96	59.75
101.40	4.96	59.16
101.80	4.95	58.44
102.24	4.95	57.84
102.89	4.94	58.18
103.54	4.94	58.74
104.14	4.94	59.45
104.56	4.93	60.23
104.72	4.93	61.02
104.75	4.92	61.67
104.66	4.92	62.09
104.49	4.91	61.81
104.23	4.91	60.76
103.92	4.91	59.52
103.54	4.90	58.28
103.14	4.90	57.30
102.70	4.89	57.69
102.26	4.89	58.27
101.82	4.89	58.86
101.40	4.88	59.30
101.06	4.88	58.79
100.79	4.87	57.25
100.57	4.87	55.55
100.37	4.86	53.89
100.20	4.86	52.45
99.98	4.86	52.24
99.77	4.85	52.73
99.61	4.85	53.42
99.51	4.84	54.17
99.52	4.84	54.69
99.70	4.83	54.36
99.97	4.83	54.00
100.30	4.82	53.73
100.68	4.82	53.69
101.17	4.82	54.86
101.67	4.82	56.31
102.13	4.82	57.71
102.51	4.82	58.83
102.61	4.82	58.59
102.54	4.83	57.62
102.39	4.83	56.48
102.21	4.83	55.38
102.06	4.83	54.96
101.96	4.83	55.14
101.89	4.83	55.59
101.90	4.83	56.29
102.03	4.84	57.31
102.29	4.84	58.55
102.61	4.84	59.76
102.99	4.84	60.83
103.40	4.84	61.20
103.82	4.84	61.08
104.26	4.84	60.89
104.68	4.85	60.76
105.08	4.85	61.36
105.44	4.85	62.25
105.72	4.85	63.12
105.92	4.85	63.81
105.96	4.85	63.73
105.89	4.86	63.40
105.71	4.86	62.87
105.41	4.86	62.25
104.95	4.86	61.69
104.42	4.86	61.06
103.84	4.86	60.37
103.26	4.87	59.61
102.74	4.87	58.96
102.26	4.87	58.23
101.84	4.87	57.33
101.50	4.87	56.21
101.28	4.87	54.59
101.32	4.87	51.46
101.42	4.88	48.40
101.56	4.88	45.77
101.70	4.88	43.90
101.74	4.88	44.28
101.65	4.88	46.93
101.53	4.88	50.22
101.41	4.88	53.76
101.30	4.89	56.98
101.25	4.89	58.98
101.21	4.89	60.54
101.17	4.89	61.62
101.13	4.89	62.14
101.08	4.89	61.69
101.02	4.89	60.88
100.93	4.89	59.87
100.83	4.89	58.81
100.69	4.89	58.59
100.52	4.89	58.47
100.31	4.89	58.31
100.06	4.89	58.02
99.72	4.89	57.09
99.28	4.89	55.52
98.83	4.89	53.87
98.40	4.89	52.29
98.03	4.89	50.94
97.78	4.89	50.25
97.63	4.89	50.02
97.57	4.89	50.22
97.61	4.89	50.89
97.79	4.89	52.42
98.07	4.89	54.48
98.46	4.89	56.76
98.95	4.89	59.08
99.59	4.89	61.08
100.31	4.89	62.86
101.05	4.89	64.39
101.77	4.89	65.56
102.41	4.89	66.18
102.99	4.89	66.50
103.50	4.89	66.60
103.94	4.89	66.64
104.28	4.89	66.59
104.50	4.89	66.37
104.61	4.89	65.97
104.47	4.89	65.21
104.21	4.89	64.29
103.87	4.89	63.28
103.47	4.89	62.24
103.13	4.88	61.32
102.78	4.88	60.46
102.43	4.88	59.68
102.07	4.88	58.98
101.71	4.88	58.43
101.35	4.88	58.06
101.00	4.88	57.81
100.66	4.88	57.69
100.35	4.88	57.69
100.04	4.88	57.92
99.77	4.88	58.28
99.54	4.88	58.69
99.37	4.88	59.11
99.27	4.88	59.49
99.29	4.88	59.68
99.37	4.88	59.80
99.53	4.88	59.83
99.74	4.88	59.78
100.04	4.88	59.53
100.40	4.88	59.13
100.80	4.88	58.73
101.21	4.88	58.39
101.62	4.88	58.31
102.03	4.88	58.70
102.40	4.88	59.12
102.69	4.88	59.46
102.87	4.88	59.56
102.82	4.88	59.05
102.70	4.88	58.37
102.56	4.88	57.59
102.46	4.88	56.77
102.52	4.88	55.96
102.60	4.88	55.27
102.70	4.88	54.76
102.78	4.88	54.58
102.76	4.88	55.04
102.76	4.87	55.72
102.81	4.87	56.52
102.96	4.87	57.31
103.27	4.87	57.89
103.66	4.87	58.49
104.12	4.87	59.11
104.63	4.86	59.88
105.18	4.86	60.77
105.76	4.86	61.62
106.35	4.86	62.39
106.97	4.86	62.87
107.56	4.85	63.19
108.12	4.85	63.41
108.62	4.85	63.57
109.06	4.85	63.70
109.37	4.85	63.70
109.51	4.84	63.53
109.34	4.84	63.05
108.93	4.84	62.34
108.36	4.84	61.44
107.65	4.84	60.40
106.84	4.84	59.00
105.94	4.83	57.56
104.98	4.83	56.19
104.00	4.83	55.01
103.05	4.83	54.64
102.15	4.83	54.94
101.27	4.82	55.42
100.41	4.82	55.97
99.58	4.82	56.44
98.81	4.82	56.18
98.09	4.82	55.39
97.40	4.81	54.47
96.75	4.81	53.49
96.13	4.81	52.55
95.52	4.81	51.91
94.92	4.81	51.58
94.37	4.81	51.39
93.86	4.80	51.31
93.40	4.80	51.35
93.01	4.80	51.53
92.70	4.80	51.84
92.44	4.80	52.20
92.24	4.79	52.60
92.08	4.79	53.01
91.97	4.79	53.33
91.89	4.79	53.53
91.86	4.79	53.70
91.85	4.78	53.87
91.87	4.78	54.05
91.89	4.78	54.28
91.93	4.78	54.56
91.98	4.78	54.85
92.06	4.78	55.12
92.17	4.77	55.37
92.30	4.77	55.57
92.46	4.77	55.75
92.64	4.77	55.91
92.83	4.77	56.06
92.98	4.76	56.19
93.18	4.76	56.33
93.48	4.76	56.50
93.91	4.76	56.71
94.59	4.76	56.96
95.39	4.76	57.29
96.27	4.77	57.75
97.23	4.77	58.47
98.22	4.77	59.47
99.20	4.78	60.48
100.12	4.78	61.41
100.82	4.78	61.91
101.41	4.78	62.23
101.94	4.79	62.46
102.43	4.79	62.69
102.92	4.79	62.99
103.39	4.80	63.28
103.85	4.80	63.55
104.34	4.80	63.91
104.82	4.80	64.25
105.26	4.81	64.47
105.63	4.81	64.51
105.83	4.81	63.84
105.92	4.82	62.94
105.92	4.82	62.06
105.85	4.82	61.37
105.69	4.82	61.65
105.47	4.83	62.40
105.19	4.83	63.30
104.87	4.83	64.23
104.50	4.84	64.77
104.08	4.84	64.89
103.67	4.84	64.90
103.28	4.84	64.84
102.95	4.85	64.74
102.79	4.85	65.02
102.70	4.85	65.24
102.67	4.85	65.34
102.70	4.86	65.25
102.77	4.86	64.60
102.88	4.86	63.24
103.02	4.86	61.83
103.20	4.87	60.56
103.41	4.87	59.60
103.66	4.87	59.89
103.93	4.87	60.56
104.21	4.88	61.48
104.47	4.88	62.55
104.66	4.88	63.60
104.83	4.88	64.59
104.99	4.89	65.45
105.16	4.89	66.12
105.40	4.89	66.17
105.66	4.89	65.96
105.90	4.90	65.62
106.11	4.90	65.24
106.30	4.91	65.09
106.41	4.92	64.90
106.41	4.93	64.62
106.20	4.94	64.16
105.81	4.95	63.53
105.30	4.96	62.78
104.69	4.97	61.86
103.94	4.98	60.61
103.20	4.99	59.45
102.57	5.00	58.55
102.31	5.01	58.51
102.35	5.02	59.14
102.47	5.03	60.04
102.59	5.04	61.06
102.45	5.05	61.85
102.26	5.06	62.57
102.04	5.07	63.18
101.85	5.08	63.53
101.68	5.09	63.63
101.48	5.10	63.62
101.25	5.11	63.55
100.91	5.12	63.58
100.52	5.13	63.62
100.07	5.14	63.63
99.60	5.15	63.62
99.14	5.16	63.64
98.63	5.17	63.56
98.04	5.18	63.35
97.36	5.19	62.92
96.41	5.20	61.74
95.39	5.21	60.46
94.33	5.22	59.24
93.25	5.23	58.23
92.25	5.24	58.15
91.33	5.25	58.71
90.47	5.26	59.51
89.67	5.27	60.45
88.97	5.28	61.37
88.41	5.29	61.73
87.94	5.30	62.06
87.56	5.31	62.40
87.28	5.32	62.79
87.08	5.33	63.34
86.94	5.33	64.10
86.92	5.34	64.95
87.02	5.35	65.89
87.25	5.36	66.91
87.72	5.37	68.20
88.32	5.38	69.46
89.01	5.39	70.61
89.80	5.40	71.57
90.71	5.41	71.85
91.65	5.42	71.88
92.57	5.43	71.82
93.43	5.44	71.75
94.06	5.45	72.30
94.58	5.46	72.88
95.02	5.47	73.26
95.40	5.48	73.25
95.72	5.49	71.87
96.00	5.50	70.24
96.26	5.51	68.59
96.51	5.52	67.23
96.87	5.53	67.35
97.19	5.54	67.72
97.46	5.55	68.13
97.65	5.56	68.40
97.56	5.56	67.33
97.38	5.57	65.99
97.14	5.58	64.68
96.89	5.58	63.58
96.71	5.59	63.63
96.57	5.59	64.28
96.49	5.59	65.15
96.46	5.59	66.10
96.54	5.59	66.69
96.72	5.59	66.99
96.95	5.59	67.23
97.21	5.59	67.42
97.47	5.59	67.61
97.73	5.59	67.83
98.00	5.59	68.09
98.29	5.59	68.45
98.56	5.59	69.06
98.86	5.59	69.80
99.19	5.59	70.56
99.58	5.59	71.29
100.16	5.59	72.04
100.76	5.59	72.58
101.33	5.59	72.80
101.78	5.59	72.28
102.06	5.59	70.71
102.21	5.59	69.00
102.25	5.59	67.43
102.14	5.59	66.99
101.88	5.59	67.79
101.53	5.59	68.94
101.11	5.59	70.21
100.64	5.59	71.22
100.13	5.59	71.21
99.62	5.59	70.98
99.11	5.59	70.60
98.64	5.59	70.12
98.27	5.59	69.76
98.02	5.59	69.57
97.83	5.59	69.39
97.68	5.59	69.21
97.57	5.59	69.02
97.42	5.59	68.72
97.22	5.59	68.30
97.07	5.59	67.90
97.02	5.59	67.57
97.08	5.59	67.35
97.43	5.59	67.33
98.03	5.59	67.53
98.72	5.59	67.91
99.46	5.59	68.49
100.19	5.59	69.28
100.81	5.59	70.83
101.35	5.59	72.53
101.81	5.59	74.10
102.18	5.59	75.35
102.35	5.59	75.55
102.35	5.59	74.74
102.27	5.59	73.64
102.15	5.59	72.43
102.03	5.59	71.47
101.94	5.59	71.11
101.89	5.59	70.96
101.89	5.59	71.03
101.96	5.60	71.30
102.24	5.60	72.07
102.58	5.60	72.95
102.95	5.61	73.85
103.31	5.61	74.64
103.57	5.61	74.73
103.78	5.61	74.59
103.97	5.62	74.49
104.13	5.62	74.56
104.23	5.62	75.53
104.33	5.63	76.81
104.46	5.63	78.17
104.66	5.63	79.45
105.12	5.63	80.15
105.63	5.64	80.63
106.12	5.64	80.95
106.50	5.64	81.15
106.63	5.65	81.42
106.64	5.65	81.49
106.52	5.65	81.28
106.28	5.65	80.54
105.89	5.66	79.04
105.42	5.66	77.35
104.87	5.66	75.63
104.25	5.67	74.27
103.57	5.67	73.55
102.88	5.67	73.05
102.20	5.68	72.73
101.57	5.68	72.55
101.10	5.68	72.30
100.74	5.69	72.10
100.44	5.69	72.02
100.22	5.69	72.09
100.06	5.69	72.32
99.91	5.70	73.06
99.81	5.70	74.04
99.79	5.70	75.05
99.86	5.71	75.97
100.03	5.71	76.72
100.42	5.71	76.47
100.90	5.71	76.00
101.45	5.72	75.54
102.04	5.72	75.22
102.65	5.72	75.53
103.28	5.73	76.87
103.86	5.73	78.34
104.36	5.73	79.75
104.74	5.73	80.94
104.79	5.74	81.00
104.70	5.74	80.60
104.52	5.74	79.97
104.31	5.75	79.18
104.18	5.75	78.49
104.13	5.75	77.92
104.07	5.75	77.34
104.00	5.76	76.77
103.87	5.76	76.18
103.59	5.76	75.43
103.29	5.76	74.77
103.01	5.76	74.26
102.79	5.77	73.98
102.72	5.77	74.30
102.76	5.77	74.96
102.88	5.77	75.76
103.08	5.77	76.64
103.43	5.77	77.43
103.84	5.77	78.14
104.26	5.77	78.75
104.65	5.77	79.23
104.84	5.77	79.33
104.95	5.77	79.28
105.02	5.77	79.16
105.06	5.77	79.04
105.13	5.77	79.12
105.21	5.77	79.25
105.29	5.77	79.43
105.41	5.78	79.70
105.68	5.78	80.30
105.92	5.78	80.83
106.09	5.78	81.15
106.11	5.78	81.10
105.75	5.78	79.85
105.25	5.78	78.33
104.63	5.78	76.70
103.93	5.78	75.12
103.20	5.78	74.39
102.47	5.78	73.97
101.73	5.78	73.79
101.03	5.78	73.82
100.38	5.78	74.01
99.93	5.79	74.32
99.55	5.79	74.75
99.24	5.79	75.28
99.00	5.79	75.89
98.82	5.79	76.56
98.60	5.79	77.16
98.46	5.79	77.80
98.42	5.79	78.50
98.50	5.79	79.27
98.74	5.79	80.14
99.39	5.79	81.38
100.16	5.79	82.64
101.01	5.79	83.85
101.88	5.79	84.96
102.71	5.79	85.86
103.42	5.79	86.48
104.05	5.79	86.81
104.59	5.80	86.82
105.02	5.80	86.46
105.13	5.80	84.94
105.12	5.80	83.05
105.05	5.80	81.17
104.96	5.80	79.53
104.99	5.80	78.98
105.22	5.80	79.86
105.45	5.80	81.05
105.66	5.80	82.32
105.83	5.80	83.45
105.74	5.80	83.27
105.58	5.80	82.75
105.42	5.81	82.10
105.27	5.81	81.43
105.25	5.81	81.20
105.32	5.81	81.21
105.46	5.81	81.25
105.67	5.81	81.25
105.99	5.81	80.86
106.39	5.82	80.25
106.82	5.82	79.73
107.24	5.82	79.42
107.58	5.82	80.01
107.87	5.82	81.00
108.12	5.82	82.01
108.33	5.83	82.85
108.52	5.83	82.67
108.67	5.83	82.16
108.76	5.83	81.51
108.79	5.83	80.83
108.75	5.83	80.73
108.62	5.83	80.66
108.39	5.84	80.55
108.06	5.84	80.30
107.50	5.84	79.48
106.85	5.84	78.56
106.15	5.84	77.59
105.44	5.84	76.67
104.84	5.85	76.20
104.29	5.85	75.91
103.76	5.85	75.70
103.24	5.85	75.55
102.73	5.85	75.40
102.16	5.85	75.14
101.61	5.86	74.84
101.09	5.86	74.49
100.61	5.86	74.06
100.20	5.86	73.54
99.90	5.86	72.34
99.68	5.86	71.17
99.53	5.86	70.14
99.47	5.87	69.39
99.49	5.87	69.04
99.70	5.87	70.27
99.98	5.87	71.98
100.30	5.87	73.88
100.64	5.87	75.78
100.95	5.87	77.45
101.16	5.88	78.13
101.34	5.88	78.58
101.49	5.88	78.84
101.62	5.88	78.97
101.74	5.88	79.17
101.84	5.88	79.34
101.92	5.88	79.39
101.96	5.89	79.27
101.92	5.89	78.74
101.82	5.89	77.86
101.73	5.89	76.99
101.67	5.89	76.28
101.72	5.89	76.18
101.88	5.89	76.70
102.10	5.89	77.40
102.37	5.89	78.19
102.70	5.89	78.79
103.06	5.90	79.21
103.43	5.90	79.56
103.79	5.90	79.84
104.09	5.90	80.01
104.34	5.90	80.11
104.55	5.90	80.18
104.72	5.90	80.22
104.81	5.90	80.31
104.86	5.90	80.42
104.88	5.90	80.55
104.90	5.90	80.68
104.98	5.90	80.88
105.07	5.90	81.09
105.15	5.90	81.27
105.20	5.91	81.39
105.19	5.91	81.35
105.12	5.91	81.17
105.00	5.91	80.93
104.81	5.91	80.65
104.54	5.91	80.37
104.14	5.91	80.15
103.69	5.91	79.93
103.21	5.91	79.69
102.73	5.91	79.44
102.27	5.91	79.12
101.86	5.91	78.74
101.48	5.91	78.37
101.16	5.92	78.02
100.90	5.92	77.70
100.74	5.92	77.43
100.69	5.92	77.23
100.71	5.92	77.12
100.81	5.92	77.12
100.98	5.92	77.25
101.24	5.92	77.66
101.57	5.92	78.30
101.96	5.92	79.04
102.40	5.92	79.83
102.89	5.92	80.62
103.44	5.92	81.19
104.02	5.92	81.69
104.61	5.93	82.18
105.20	5.93	82.70
105.76	5.93	83.33
106.26	5.93	84.42
106.71	5.93	85.43
107.12	5.93	86.26
107.46	5.93	86.78
107.72	5.93	86.18
107.90	5.93	85.01
108.01	5.93	83.73
108.04	5.94	82.54
107.94	5.94	82.09
107.72	5.94	82.49
107.46	5.94	83.09
107.21	5.95	83.79
107.02	5.95	84.39
106.98	5.95	84.65
107.00	5.95	84.74
107.06	5.96	84.64
107.18	5.96	84.22
107.34	5.96	83.07
107.53	5.96	81.93
107.73	5.97	81.00
107.91	5.97	80.82
108.06	5.97	82.08
108.18	5.97	83.54
108.28	5.98	84.89
108.34	5.98	85.35
108.37	5.98	84.53
108.35	5.98	83.39
108.30	5.99	82.10
108.25	5.99	81.22
108.18	5.99	80.83
108.04	6.00	80.48
107.81	6.00	80.09
107.40	6.00	79.28
106.79	6.01	78.01
106.10	6.01	76.73
105.36	6.01	75.56
104.60	6.01	74.63
103.94	6.02	74.84
103.31	6.02	75.40
102.74	6.02	76.19
102.24	6.02	77.12
101.83	6.03	78.09
101.61	6.03	78.68
101.48	6.03	79.22
101.43	6.03	79.70
101.46	6.04	80.12
101.56	6.04	80.48
101.59	6.04	80.58
101.71	6.04	80.65
101.94	6.05	80.75
102.31	6.05	80.92
102.96	6.05	81.34
103.91	6.05	82.03
104.94	6.06	82.77
105.99	6.06	83.52
106.98	6.06	84.21
107.80	6.06	84.79
108.50	6.07	85.23
109.07	6.07	85.49
109.46	6.07	85.49
109.51	6.08	85.03
109.44	6.08	84.36
109.29	6.08	83.54
109.11	6.08	82.63
108.99	6.08	81.50
108.92	6.08	80.42
108.92	6.08	79.54
109.03	6.08	78.96
109.43	6.08	79.35
110.03	6.08	80.48
110.69	6.08	81.76
111.34	6.08	83.03
111.83	6.08	83.72
112.14	6.08	83.70
112.35	6.07	83.52
112.48	6.07	83.26
112.61	6.07	83.24
112.74	6.07	83.54
112.71	6.07	83.81
112.47	6.07	83.96
111.76	6.07	83.70
110.52	6.07	82.96
109.11	6.07	82.05
107.64	6.06	81.06
106.34	6.06	80.11
105.62	6.06	79.38
105.07	6.06	78.76
104.68	6.06	78.29
104.41	6.06	78.00
104.25	6.06	77.92
104.12	6.06	78.35
103.99	6.06	79.41
103.93	6.05	80.51
103.95	6.05	81.56
104.04	6.05	82.42
104.24	6.05	82.63
104.57	6.05	81.72
104.95	6.05	80.69
105.36	6.05	79.70
105.78	6.05	78.94
106.19	6.05	79.29
106.58	6.04	80.51
106.91	6.04	81.86
107.17	6.04	83.13
107.30	6.04	83.92
107.11	6.04	83.30
106.89	6.04	82.52
106.72	6.04	81.82
106.65	6.04	81.41
107.02	6.04	82.73
107.54	6.04	84.31
108.15	6.04	85.85
108.83	6.04	87.03
109.53	6.04	86.74
110.22	6.04	86.03
110.89	6.04	85.07
111.49	6.04	84.00
111.96	6.04	83.01
112.34	6.04	82.15
112.63	6.04	81.51
112.79	6.04	81.51
112.82	6.04	82.42
112.75	6.04	83.43
112.59	6.04	84.31
112.37	6.04	84.40
112.10	6.04	83.06
111.76	6.04	81.41
111.35	6.05	79.65
110.86	6.05	78.01
110.20	6.05	77.58
109.47	6.05	77.69
108.71	6.05	78.02
107.95	6.05	78.48
107.21	6.05	78.98
106.62	6.05	78.95
106.09	6.05	78.85
105.63	6.05	78.75
105.23	6.05	78.65
104.90	6.05	78.61
104.65	6.05	78.76
104.48	6.05	79.00
104.37	6.05	79.32
104.32	6.05	79.70
104.33	6.05	80.14
104.39	6.05	80.89
104.51	6.05	81.65
104.67	6.06	82.30
104.87	6.06	82.72
105.11	6.06	82.64
105.37	6.06	81.58
105.66	6.06	80.40
105.99	6.06	79.28
106.36	6.06	78.39
106.77	6.06	78.55
107.21	6.06	79.14
107.69	6.06	80.00
108.21	6.06	81.05
108.78	6.06	82.30
109.38	6.06	83.58
110.01	6.06	84.74
110.64	6.06	85.65
111.28	6.07	85.59
111.92	6.07	85.17
112.54	6.07	84.68
113.15	6.07	84.32
113.73	6.07	84.98
114.28	6.07	85.81
114.78	6.07	86.66
115.23	6.07	87.35
115.62	6.08	87.43
115.93	6.08	87.32
116.15	6.08	87.04
116.27	6.08	86.66
116.24	6.08	86.24
116.11	6.08	85.75
115.85	6.08	85.23
115.47	6.08	84.69
114.89	6.09	84.26
114.21	6.09	83.82
113.46	6.09	83.36
112.66	6.09	82.86
111.86	6.09	82.23
111.08	6.09	81.49
110.32	6.09	80.72
109.57	6.09	79.96
108.85	6.10	79.24
108.20	6.10	78.61
107.61	6.10	78.09
107.07	6.10	77.67
106.59	6.10	77.38
106.16	6.10	77.25
105.80	6.10	77.41
105.50	6.10	77.85
105.27	6.11	78.42
105.12	6.11	79.06
105.07	6.11	79.74
105.16	6.11	80.38
105.39	6.11	80.94
105.68	6.11	81.47
106.00	6.11	81.94
106.35	6.11	82.33
106.66	6.11	82.59
106.94	6.12	82.74
107.19	6.12	82.81
107.39	6.12	82.80
107.50	6.12	82.74
107.49	6.12	82.66
107.42	6.12	82.48
107.31	6.12	82.16
107.17	6.12	81.67
106.97	6.12	80.46
106.76	6.13	79.17
106.58	6.13	78.02
106.45	6.13	77.19
106.42	6.12	77.43
106.51	6.12	78.50
106.67	6.12	79.80
106.89	6.12	81.16
107.23	6.12	82.05
107.65	6.12	82.54
108.08	6.12	82.90
108.50	6.12	83.18
108.87	6.11	83.65
109.17	6.11	84.16
109.37	6.11	84.49
109.44	6.11	84.52
109.26	6.11	83.72
108.88	6.11	82.39
108.42	6.10	80.87
107.90	6.10	79.30
107.44	6.10	78.12
107.04	6.10	77.37
106.65	6.10	76.79
106.26	6.10	76.36
105.87	6.10	76.09
105.42	6.09	75.96
104.95	6.09	75.94
104.49	6.09	76.02
104.06	6.09	76.16
103.67	6.09	76.36
103.42	6.09	76.59
103.24	6.09	76.83
103.10	6.08	77.07
102.99	6.08	77.27
102.88	6.08	77.43
102.74	6.08	77.33
102.57	6.08	77.12
102.40	6.08	76.93
102.23	6.08	76.81
102.06	6.07	76.82
101.74	6.07	77.24
101.49	6.07	77.81
101.35	6.07	78.51
101.38	6.07	79.32
101.78	6.07	80.24
102.49	6.07	81.24
103.36	6.07	82.26
104.36	6.07	83.29
105.49	6.07	84.31
106.68	6.07	85.26
107.85	6.07	86.10
108.95	6.07	86.78
109.81	6.07	87.23
110.50	6.07	87.43
111.03	6.07	87.35
111.39	6.07	86.98
111.51	6.07	85.79
111.47	6.07	84.38
111.30	6.07	82.93
111.03	6.07	81.59
110.69	6.07	81.32
110.29	6.07	81.58
109.86	6.07	81.99
109.41	6.07	82.41
108.95	6.07	82.70
108.63	6.07	81.72
108.35	6.07	80.21
108.08	6.07	78.64
107.80	6.07	77.16
107.51	6.07	75.93
107.18	6.07	75.64
106.79	6.07	76.58
106.36	6.07	77.78
105.88	6.07	79.08
105.34	6.07	80.34
104.63	6.07	81.01
103.75	6.07	80.92
102.87	6.07	80.69
102.07	6.07	80.42
101.37	6.07	80.20
101.03	6.07	80.50
100.93	6.06	81.10
100.97	6.06	81.71
101.11	6.05	82.25
101.32	6.04	82.42
101.56	6.02	82.06
101.85	6.01	81.72
102.18	6.00	81.57
102.56	5.98	82.12
102.99	5.97	83.46
103.39	5.95	84.92
103.75	5.94	86.28
104.00	5.92	87.02
104.12	5.91	87.10
104.14	5.90	86.85
104.05	5.88	86.32
103.79	5.87	85.42
103.40	5.85	84.28
102.94	5.84	83.08
102.43	5.83	81.93
101.92	5.81	81.03
101.48	5.80	80.94
101.07	5.78	81.07
100.69	5.77	81.33
100.35	5.76	81.67
100.07	5.74	82.02
99.92	5.73	82.02
99.81	5.71	81.98
99.73	5.70	81.89
99.68	5.69	81.78
99.63	5.67	81.65
99.51	5.66	81.66
99.38	5.64	81.62
99.27	5.63	81.48
99.16	5.62	81.22
99.07	5.60	80.68
99.05	5.59	79.56
99.03	5.57	78.37
99.01	5.56	77.21
98.96	5.55	76.19
98.83	5.53	75.75
98.61	5.52	75.86
98.41	5.50	76.12
98.23	5.49	76.45
98.12	5.48	76.75
98.14	5.46	76.63
98.24	5.45	76.47
98.44	5.43	76.32
98.72	5.42	76.21
99.12	5.42	76.29
99.60	5.42	76.46
100.17	5.42	76.71
100.84	5.42	77.06
101.68	5.42	77.69
102.53	5.42	78.27
103.32	5.42	78.68
103.93	5.42	78.58
104.28	5.41	77.82
104.51	5.41	76.93
104.64	5.41	76.08
104.74	5.41	75.93
104.78	5.41	76.18
104.72	5.41	76.50
104.53	5.41	76.79
104.10	5.41	76.59
103.49	5.41	76.05
102.79	5.41	75.34
102.04	5.40	74.52
101.29	5.40	73.61
100.66	5.40	72.58
100.05	5.40	71.58
99.48	5.40	70.65
98.96	5.40	69.88
98.50	5.40	69.32
98.13	5.40	69.57
97.82	5.40	70.06
97.57	5.39	70.69
97.39	5.39	71.40
97.26	5.39	72.11
97.20	5.39	72.54
97.20	5.39	72.86
97.25	5.39	73.12
97.34	5.39	73.33
97.47	5.39	73.49
97.62	5.39	73.62
97.81	5.38	73.71
98.02	5.38	73.73
98.25	5.38	73.69
98.50	5.38	73.54
98.76	5.38	73.31
99.03	5.38	73.05
99.30	5.38	72.78
99.54	5.38	72.63
99.76	5.38	72.55
100.01	5.38	72.40
100.29	5.37	72.14
100.66	5.37	71.27
101.10	5.37	70.25
101.59	5.37	69.45
102.15	5.36	69.14
102.79	5.36	70.37
103.48	5.35	71.90
104.18	5.35	73.45
104.91	5.35	74.41
105.64	5.34	74.59
106.29	5.34	74.47
106.81	5.34	74.11
107.13	5.33	73.77
107.23	5.33	73.30
107.09	5.32	72.61
106.66	5.32	71.68
105.64	5.32	70.09
104.38	5.31	68.31
102.95	5.31	66.48
101.45	5.31	64.71
100.17	5.30	63.66
99.00	5.30	62.99
97.89	5.29	62.50
96.86	5.29	62.16
95.89	5.29	61.91
95.03	5.28	61.55
94.30	5.28	60.86
93.65	5.28	60.23
93.09	5.27	59.70
92.60	5.27	59.32
92.19	5.26	59.12
91.84	5.26	59.51
91.55	5.26	60.23
91.34	5.25	61.09
91.21	5.25	62.03
91.17	5.25	62.98
91.22	5.24	63.77
91.38	5.24	64.35
91.62	5.23	64.87
91.94	5.23	65.33
92.34	5.23	65.75
92.83	5.22	66.14
93.40	5.22	66.51
94.02	5.22	66.82
94.68	5.21	67.07
95.37	5.21	67.26
96.10	5.20	67.42
96.82	5.20	67.49
97.49	5.20	67.44
98.11	5.19	67.26
98.44	5.19	66.67
98.73	5.19	66.00
99.03	5.18	65.35
99.39	5.18	64.83
99.94	5.17	64.77
100.62	5.17	64.86
101.44	5.17	65.08
102.47	5.16	65.41
103.80	5.16	65.82
105.18	5.16	66.22
106.52	5.15	66.55
107.62	5.15	66.63
108.53	5.15	66.53
109.31	5.14	66.34
109.96	5.14	66.09
110.52	5.14	65.86
110.93	5.13	65.56
111.14	5.13	65.15
111.03	5.13	64.48
110.61	5.12	63.58
110.06	5.12	62.66
109.42	5.12	61.80
108.86	5.12	61.28
108.44	5.11	61.16
108.04	5.11	61.19
107.67	5.11	61.30
107.32	5.10	61.46
106.99	5.10	61.48
106.68	5.10	61.41
106.38	5.09	61.32
106.11	5.09	61.21
105.84	5.09	61.08
105.61	5.08	60.97
105.39	5.08	60.85
105.17	5.08	60.70
104.95	5.07	60.52
104.71	5.07	60.29
104.43	5.07	59.93
104.14	5.06	59.56
103.83	5.06	59.19
103.51	5.06	58.86
103.12	5.05	58.61
102.69	5.05	58.45
102.30	5.05	58.37
101.98	5.05	58.38
101.80	5.04	58.52
101.81	5.04	58.82
101.94	5.04	59.21
102.19	5.04	59.67
102.57	5.04	60.20
103.09	5.04	60.79
103.69	5.04	61.38
104.35	5.04	61.95
105.04	5.05	62.45
105.74	5.05	62.86
106.40	5.05	63.16
107.01	5.05	63.35
107.51	5.05	63.31
107.89	5.05	63.12
108.15	5.06	62.83
108.26	5.06	62.46
108.15	5.06	62.06
107.91	5.06	61.60
107.56	5.06	61.10
107.14	5.06	60.56
106.69	5.07	59.95
106.20	5.07	59.34
105.68	5.07	58.77
105.15	5.07	58.26
104.65	5.07	57.94
104.18	5.07	57.75
103.72	5.07	57.63
103.30	5.08	57.58
102.92	5.08	57.57
102.59	5.08	57.56
102.31	5.08	57.59
102.06	5.08	57.67
101.86	5.08	57.79
101.70	5.08	58.03
101.57	5.09	58.32
101.48	5.09	58.62
101.44	5.09	58.89
101.45	5.09	59.06
101.52	5.09	59.10
101.62	5.09	59.10
101.72	5.09	59.07
101.82	5.10	59.04
101.88	5.10	59.01
101.95	5.10	59.00
102.03	5.10	59.02
102.09	5.10	59.05
102.13	5.10	59.12
102.25	5.10	59.28
102.50	5.11	59.57
103.03	5.11	60.11
103.83	5.11	60.88
104.75	5.11	61.74
105.75	5.11	62.63
106.79	5.11	63.46
107.83	5.11	64.22
108.81	5.10	64.88
109.64	5.10	65.37
110.24	5.10	65.63
110.73	5.10	65.76
111.17	5.10	65.79
111.68	5.10	65.78
112.15	5.10	65.69
112.51	5.10	65.48
112.67	5.10	65.06
112.57	5.10	64.40
112.32	5.10	63.64
111.92	5.10	62.84
111.39	5.10	62.12
110.75	5.10	61.47
110.03	5.10	60.87
109.24	5.10	60.33
108.42	5.10	59.85
107.59	5.10	59.45
106.75	5.10	59.12
105.93	5.10	58.86
105.15	5.10	58.68
104.47	5.10	58.65
103.85	5.10	58.69
103.28	5.10	58.76
102.75	5.10	58.84
102.26	5.10	58.86
101.80	5.10	58.80
101.40	5.10	58.74
101.05	5.10	58.69
100.75	5.10	58.69
100.51	5.10	58.78
100.33	5.10	58.93
100.23	5.09	59.13
100.20	5.09	59.39
100.30	5.09	59.72
100.50	5.09	60.13
100.76	5.09	60.55
101.06	5.09	60.98
101.35	5.09	61.42
101.63	5.09	61.82
101.92	5.09	62.16
102.22	5.09	62.40
102.50	5.09	62.35
102.80	5.09	62.12
103.15	5.09	61.89
103.57	5.09	61.72
104.33	5.09	62.09
105.10	5.09	62.49
105.74	5.09	62.76
105.93	5.09	62.48
105.71	5.09	61.70
105.37	5.09	60.81
105.08	5.09	60.03
105.09	5.09	59.69
105.16	5.09	59.48
105.30	5.09	59.38
105.48	5.09	59.28
105.67	5.09	59.24
105.86	5.09	59.30
106.03	5.09	59.53
106.16	5.09	59.98
106.24	5.09	60.45
106.26	5.09	60.87
106.15	5.09	60.97
105.96	5.09	60.92
105.70	5.09	60.82
105.46	5.09	60.79
105.25	5.09	60.90
104.91	5.09	60.94
104.39	5.09	60.83
103.36	5.09	60.18
102.02	5.09	59.27
100.56	5.09	58.31
99.08	5.09	57.44
97.95	5.09	57.24
96.97	5.09	57.32
96.06	5.09	57.57
95.20	5.09	57.92
94.38	5.09	58.30
93.51	5.09	58.51
92.66	5.09	58.72
91.86	5.09	58.93
91.09	5.09	59.12
90.40	5.09	59.28
89.77	5.09	59.40
89.19	5.09	59.52
88.64	5.09	59.64
88.13	5.09	59.78
87.64	5.09	60.01
87.17	5.09	60.30
86.72	5.09	60.61
86.30	5.09	60.90
85.92	5.09	61.17
85.57	5.09	61.41
85.26	5.09	61.58
84.99	5.09	61.68
84.76	5.09	61.70