0.420762	0.410465	0.382599
0.416218	0.412209	0.382305
0.432751	0.412791	0.414932
0.457288	0.413953	0.450644
0.482419	0.415698	0.474893
0.501783	0.416860	0.481948
0.494547	0.418023	0.445402
0.469731	0.419186	0.390291
0.442817	0.420930	0.345270
0.430898	0.422093	0.334836
0.424747	0.422674	0.339539
0.420552	0.424419	0.347916
0.438413	0.424419	0.382550
0.468158	0.424419	0.421545
0.491681	0.424419	0.433547
0.517511	0.423256	0.444080
0.543202	0.422093	0.446970
0.562775	0.420930	0.438936
0.569521	0.419186	0.426689
0.548200	0.418023	0.379611
0.514505	0.417442	0.334591
0.486508	0.415698	0.327193
0.468333	0.414535	0.338314
0.460503	0.413372	0.359673
0.453058	0.412209	0.381718
0.447746	0.410465	0.401068
0.451800	0.409302	0.417528
0.457253	0.408721	0.430412
0.463649	0.411046	0.444080
0.482873	0.413953	0.467594
0.508703	0.419186	0.461079
0.535477	0.423256	0.477882
0.546068	0.428488	0.504972
0.524013	0.434884	0.448440
0.507375	0.438953	0.416646
0.497518	0.443023	0.413119
0.486788	0.447093	0.416156
0.473681	0.451163	0.404595
0.457567	0.455814	0.369372
0.442118	0.459884	0.365306
0.427962	0.464535	0.383481
0.414086	0.468605	0.380248
0.405173	0.473256	0.371332
0.402517	0.476744	0.367560
0.395107	0.481395	0.362318
0.392974	0.485465	0.367462
0.407934	0.489535	0.393132
0.421111	0.494186	0.407877
0.429640	0.498837	0.406065
0.435337	0.502907	0.394748
0.435792	0.507558	0.391074
0.434533	0.511628	0.393573
0.433834	0.516279	0.392446
0.428417	0.520349	0.364719
0.419259	0.525000	0.356489
0.409542	0.529070	0.393622
0.404823	0.531977	0.414736
0.411569	0.532558	0.438201
0.434359	0.532558	0.476461
0.473611	0.532558	0.522167
0.521880	0.532558	0.575565
0.550996	0.532558	0.574977
0.562391	0.532558	0.550483
0.563859	0.532558	0.535394
0.554282	0.532558	0.517072
0.541839	0.532558	0.505070
0.526564	0.532558	0.494881
0.504194	0.532558	0.473228
0.485634	0.532558	0.459609
0.475463	0.532558	0.462205
0.462111	0.532558	0.464018
0.447676	0.532558	0.464067
0.438448	0.532558	0.465635
0.442363	0.532558	0.472052
0.457043	0.532558	0.482830
0.468298	0.532558	0.492284
0.477805	0.532558	0.475334
0.484691	0.534302	0.454220
0.486543	0.534302	0.474600
0.484726	0.534302	0.480037
0.477700	0.534302	0.475873
0.463684	0.534302	0.476608
0.444600	0.534302	0.423309
0.425830	0.534302	0.387106
0.412408	0.534302	0.426836
0.405488	0.531977	0.460344
0.410835	0.529651	0.463969
0.428871	0.526744	0.485377
0.451416	0.523256	0.575467
0.467249	0.520930	0.563807
0.464138	0.517442	0.545682
0.451206	0.514535	0.544408
0.444670	0.511628	0.523980
0.433799	0.508721	0.505609
0.416043	0.505232	0.489198
0.394687	0.502326	0.451036
0.377980	0.499419	0.426101
0.372912	0.496512	0.443786
0.374345	0.493605	0.452555
0.380077	0.490116	0.461765
0.389339	0.487209	0.519620
0.403006	0.484302	0.557194
0.415799	0.481977	0.556704
0.423104	0.484302	0.547298
0.438029	0.486046	0.551511
0.457952	0.488372	0.567726
0.474065	0.490116	0.563269
0.476092	0.491860	0.506099
0.457497	0.494767	0.405232
0.438413	0.496512	0.400382
0.427403	0.498256	0.461128
0.426145	0.500000	0.449860
0.432017	0.501744	0.456376
0.443097	0.503488	0.523245
0.459350	0.505232	0.554940
0.475778	0.506977	0.544604
0.484586	0.508721	0.510900
0.476931	0.511047	0.484985
0.470220	0.512791	0.488071
0.463964	0.513372	0.500955
0.450821	0.513372	0.486504
0.449528	0.511628	0.444031
0.458022	0.509884	0.424533
0.469556	0.508140	0.454024
0.479797	0.506395	0.499437
0.487697	0.504651	0.496252
0.492415	0.503488	0.480674
0.484306	0.501744	0.490374
0.462775	0.500000	0.516142
0.444949	0.498256	0.494685
0.431248	0.496512	0.460736
0.422719	0.494767	0.442512
0.422684	0.493023	0.458188
0.431003	0.491279	0.484495
0.445963	0.489535	0.498310
0.462251	0.487791	0.505021
0.474310	0.486046	0.483466
0.478958	0.484884	0.438838
0.477840	0.483140	0.428110
0.470779	0.481395	0.416695
0.465746	0.480233	0.407877
0.472073	0.481977	0.424484
0.484656	0.483140	0.451134
0.499091	0.484302	0.475775
0.504264	0.486046	0.462695
0.494023	0.487209	0.409200
0.478888	0.488953	0.395826
0.460958	0.490116	0.404546
0.443691	0.491860	0.420761
0.432296	0.492442	0.435605
0.429081	0.494186	0.452996
0.435093	0.495349	0.473914
0.449528	0.496512	0.487336
0.464663	0.497674	0.479841
0.471863	0.499419	0.447705
0.467669	0.500581	0.428942
0.458826	0.501163	0.421986
0.450996	0.501163	0.417185
0.443411	0.500000	0.409935
0.446033	0.496512	0.421790
0.456239	0.493023	0.445157
0.464034	0.490116	0.459070
0.463929	0.486628	0.462793
0.449214	0.483721	0.455494
0.426040	0.480814	0.443198
0.403670	0.477325	0.430706
0.389969	0.474419	0.416450
0.386368	0.470930	0.406555
0.392625	0.467442	0.408269
0.402307	0.464535	0.410278
0.413876	0.461628	0.416352
0.430374	0.458139	0.442610
0.444250	0.455233	0.425317
0.447501	0.451744	0.383432
0.436491	0.448256	0.368393
0.421111	0.445349	0.346495
0.416847	0.443023	0.342674
0.425725	0.441860	0.364523
0.436491	0.441860	0.391270
0.444460	0.441860	0.411551
0.442922	0.441860	0.412384
0.433310	0.441860	0.386861
0.420412	0.441860	0.348405
0.406781	0.440116	0.347818
0.395211	0.440116	0.356880
0.388291	0.440116	0.350022
0.387871	0.440116	0.334738
0.391996	0.440116	0.334199
0.397029	0.440116	0.367658
0.396295	0.439535	0.382354
0.395421	0.439535	0.382501
0.404020	0.440116	0.392495
0.411499	0.442442	0.369470
0.424712	0.445930	0.370891
0.449423	0.448256	0.418802
0.479553	0.451163	0.449468
0.505767	0.454651	0.472346
0.502587	0.458139	0.442904
0.483083	0.461628	0.402244
0.464663	0.465116	0.384461
0.449458	0.467442	0.361632
0.435197	0.470930	0.351884
0.419399	0.473837	0.371381
0.404474	0.476744	0.382060
0.392625	0.479651	0.378141
0.386858	0.482558	0.379170
0.382628	0.485465	0.367021
0.376267	0.488372	0.333464
0.366340	0.491279	0.320433
0.367878	0.493605	0.331211
0.394757	0.497093	0.357027
0.422684	0.500000	0.394063
0.444075	0.502907	0.411307
0.458057	0.505814	0.392936
0.466131	0.508721	0.366874
0.470325	0.512209	0.347916
0.471339	0.514535	0.336354
0.467109	0.518023	0.325332
0.448864	0.519767	0.311125
0.431213	0.520349	0.304218
0.424572	0.520930	0.310586
0.428452	0.522093	0.328173
0.443237	0.522093	0.367609
0.464593	0.523837	0.410180
0.488675	0.523837	0.440259
0.509297	0.524419	0.453779
0.511360	0.525581	0.438495
0.504404	0.526163	0.426199
0.494023	0.527326	0.418116
0.482698	0.527326	0.404693
0.470814	0.528488	0.391123
0.459070	0.529070	0.376525
0.447781	0.529651	0.359232
0.432052	0.530814	0.344829
0.416463	0.530814	0.333611
0.412548	0.531977	0.322882
0.421426	0.532558	0.344731
0.438693	0.533139	0.389507
0.453792	0.534302	0.402391
0.466271	0.534302	0.407583
0.477036	0.535465	0.414540
0.485809	0.536046	0.418214
0.483502	0.536628	0.405869
0.473681	0.537791	0.380297
0.461447	0.537791	0.357370
0.445753	0.539535	0.371038
0.431947	0.539535	0.383873
0.426250	0.539535	0.389654
