0.459830	0.136187	0.510987
0.443330	0.147860	0.510242
0.503363	0.151751	0.592924
0.592461	0.159533	0.683426
0.683716	0.171207	0.744879
0.754030	0.178989	0.762756
0.727757	0.186770	0.670143
0.637644	0.194553	0.530478
0.539916	0.206226	0.416387
0.496637	0.214008	0.389944
0.474299	0.217899	0.401862
0.459068	0.229572	0.423091
0.523924	0.229572	0.510863
0.631933	0.229572	0.609683
0.717350	0.229572	0.640099
0.811144	0.221790	0.666791
0.904429	0.214008	0.674115
0.975504	0.206226	0.653755
1.000000	0.194553	0.622719
0.922579	0.186770	0.503414
0.800228	0.182880	0.389323
0.698566	0.171207	0.370577
0.632568	0.163424	0.398759
0.604138	0.155643	0.452886
0.577104	0.147860	0.508752
0.557812	0.136187	0.557790
0.572535	0.128405	0.599503
0.592334	0.124514	0.632154
0.615560	0.140078	0.666791
0.685366	0.159533	0.726381
0.779160	0.194553	0.709870
0.876380	0.221790	0.752452
0.914837	0.256809	0.821105
0.834751	0.299611	0.677840
0.774337	0.326848	0.597269
0.738545	0.354086	0.588330
0.699581	0.381323	0.596027
0.651986	0.408560	0.566729
0.593476	0.439689	0.477467
0.537378	0.466926	0.467163
0.485975	0.498055	0.513222
0.435588	0.525292	0.505028
0.403224	0.556420	0.482433
0.393578	0.579767	0.472874
0.366671	0.610895	0.459590
0.358929	0.638132	0.472626
0.413250	0.665369	0.537678
0.461099	0.696498	0.575047
0.492068	0.727627	0.570453
0.512755	0.754864	0.541775
0.514405	0.785993	0.532464
0.509836	0.813230	0.538796
0.507298	0.844358	0.535940
0.487625	0.871595	0.465673
0.454372	0.902724	0.444817
0.419089	0.929961	0.538920
0.401955	0.949417	0.592427
0.426450	0.953307	0.651893
0.509202	0.953307	0.748852
0.651732	0.953307	0.864680
0.827008	0.953307	1.000000
0.932733	0.953307	0.998510
0.974108	0.953307	0.936437
0.979439	0.953307	0.898200
0.944663	0.953307	0.851769
0.899480	0.953307	0.821353
0.844016	0.953307	0.795531
0.762787	0.953307	0.740658
0.695393	0.953307	0.706145
0.658459	0.953307	0.712725
0.609976	0.953307	0.717318
0.557558	0.953307	0.717443
0.524051	0.953307	0.721415
0.538266	0.953307	0.737678
0.591573	0.953307	0.764991
0.632441	0.953307	0.788951
0.666963	0.953307	0.745996
0.691966	0.964981	0.692489
0.698693	0.964981	0.744134
0.692093	0.964981	0.757914
0.666582	0.964981	0.747362
0.615687	0.964981	0.749224
0.546389	0.964981	0.614153
0.478233	0.964981	0.522408
0.429496	0.964981	0.623091
0.404366	0.949417	0.708007
0.423785	0.933852	0.717194
0.489275	0.914397	0.771446
0.571138	0.891051	0.999752
0.628633	0.875486	0.970205
0.617337	0.852140	0.924271
0.570377	0.832685	0.921043
0.546643	0.813230	0.869274
0.507171	0.793774	0.822719
0.442696	0.770428	0.781130
0.365148	0.750973	0.684420
0.304480	0.731518	0.621229
0.286077	0.712062	0.666046
0.291281	0.692608	0.688268
0.312095	0.669261	0.711608
0.345729	0.649806	0.858225
0.395355	0.630350	0.953445
0.441807	0.614786	0.952204
0.468334	0.630350	0.928367
0.522528	0.642023	0.939044
0.594872	0.657588	0.980137
0.653382	0.669261	0.968839
0.660744	0.680934	0.823960
0.593222	0.700389	0.568343
0.523924	0.712062	0.556052
0.483945	0.723735	0.709994
0.479376	0.735408	0.681440
0.500698	0.747081	0.697952
0.540932	0.758755	0.867412
0.599949	0.770428	0.947734
0.659601	0.782101	0.921539
0.691585	0.793774	0.836127
0.663790	0.809339	0.770453
0.639421	0.821012	0.778274
0.616703	0.824903	0.810925
0.568981	0.824903	0.774302
0.564285	0.813230	0.666667
0.595126	0.801556	0.617256
0.637010	0.789883	0.691993
0.674197	0.778210	0.807076
0.702881	0.766537	0.799007
0.720015	0.758755	0.759528
0.690570	0.747081	0.784109
0.612387	0.735408	0.849410
0.547658	0.723735	0.795034
0.497906	0.712062	0.709001
0.466937	0.700389	0.662818
0.466810	0.688716	0.702545
0.497017	0.677043	0.769212
0.551339	0.665369	0.804221
0.610484	0.653696	0.821229
0.654271	0.642023	0.766605
0.671151	0.634242	0.653507
0.667090	0.622569	0.626319
0.641452	0.610895	0.597393
0.623176	0.603113	0.575047
0.646148	0.614786	0.617132
0.691839	0.622569	0.684668
0.744257	0.630350	0.747114
0.763041	0.642023	0.713966
0.725854	0.649806	0.578399
0.670897	0.661479	0.544507
0.605788	0.669261	0.566605
0.543089	0.680934	0.607697
0.501713	0.684825	0.645313
0.490037	0.696498	0.689385
0.511867	0.704281	0.742396
0.564285	0.712062	0.776412
0.619241	0.719844	0.757418
0.645386	0.731518	0.675978
0.630156	0.739300	0.628430
0.598045	0.743191	0.610801
0.569615	0.743191	0.598634
0.542074	0.735408	0.580261
0.551593	0.712062	0.610304
0.588653	0.688716	0.669522
0.616956	0.669261	0.704780
0.616576	0.645915	0.714215
0.563143	0.626459	0.695717
0.478995	0.607004	0.664556
0.397766	0.583657	0.632899
0.348014	0.564203	0.596772
0.334941	0.540857	0.571695
0.357660	0.517510	0.576040
0.392816	0.498055	0.581130
0.434827	0.478599	0.596524
0.494733	0.455253	0.663066
0.545120	0.435798	0.619243
0.556923	0.412452	0.513097
0.516944	0.389106	0.474984
0.461099	0.369650	0.419491
0.445615	0.354086	0.409808
0.477853	0.346304	0.465177
0.516944	0.346304	0.532961
0.545881	0.346304	0.584358
0.540297	0.346304	0.586468
0.505394	0.346304	0.521788
0.458561	0.346304	0.424333
0.409062	0.334631	0.422843
0.367052	0.334631	0.445810
0.341922	0.334631	0.428430
0.340399	0.334631	0.389696
0.355375	0.334631	0.388330
0.373651	0.334631	0.473122
0.370986	0.330740	0.510366
0.367813	0.330740	0.510739
0.399035	0.334631	0.536065
0.426196	0.350194	0.477716
0.474172	0.373541	0.481316
0.563904	0.389106	0.602731
0.673309	0.408560	0.680447
0.768499	0.431906	0.738423
0.756949	0.455253	0.663811
0.686128	0.478599	0.560770
0.619241	0.501945	0.515705
0.564031	0.517510	0.457852
0.512248	0.540857	0.433147
0.454880	0.560311	0.482557
0.400685	0.579767	0.509621
0.357660	0.599222	0.499690
0.336718	0.618677	0.502297
0.321361	0.638132	0.471508
0.298261	0.657588	0.386468
0.262216	0.677043	0.353445
0.267801	0.692608	0.380757
0.365402	0.715954	0.446182
0.466810	0.735408	0.540037
0.544485	0.754864	0.583737
0.595253	0.774320	0.537182
0.624572	0.793774	0.471136
0.639802	0.817120	0.423091
0.643483	0.832685	0.393793
0.628125	0.856032	0.365860
0.561873	0.867705	0.329857
0.497779	0.871595	0.312353
0.473664	0.875486	0.328492
0.487752	0.883269	0.373060
0.541439	0.883269	0.472998
0.618987	0.894942	0.580881
0.706435	0.894942	0.657107
0.781317	0.898832	0.691372
0.788806	0.906615	0.652638
0.763549	0.910505	0.621477
0.725854	0.918288	0.600993
0.684732	0.918288	0.566977
0.641579	0.926070	0.532588
0.598934	0.929961	0.495593
0.557939	0.933852	0.451769
0.500825	0.941634	0.415270
0.444219	0.941634	0.386840
0.430004	0.949417	0.359652
0.462241	0.953307	0.415022
0.524940	0.957198	0.528492
0.579769	0.964981	0.561142
0.625079	0.964981	0.574302
0.664171	0.972763	0.591930
0.696027	0.976654	0.601241
0.687651	0.980544	0.569957
0.651986	0.988327	0.505152
0.607564	0.988327	0.447052
0.550577	1.000000	0.481688
0.500444	1.000000	0.514215
0.479756	1.000000	0.528864
0.511486	0.984436	0.634637
0.625333	0.968871	0.765487
0.754918	0.949417	0.800869
0.849981	0.929961	0.797393
0.910775	0.910505	0.906518
0.894403	0.891051	0.894475
0.858611	0.871595	0.872005
0.823074	0.852140	0.876350
0.767483	0.832685	0.851024
0.691712	0.813230	0.811297
0.599568	0.793774	0.771943
0.511486	0.774320	0.738423
0.431019	0.754864	0.708876
0.354360	0.735408	0.675853
0.301815	0.715954	0.675605
0.280619	0.696498	0.705773
0.269070	0.677043	0.655618
0.269831	0.657588	0.627933
0.287219	0.638132	0.691124
0.316918	0.618677	0.701304
0.343698	0.603113	0.711235
0.359944	0.595331	0.722905
0.365021	0.591440	0.677840
0.343318	0.591440	0.638982
0.316538	0.591440	0.592427
0.319330	0.583657	0.533582
0.364513	0.579767	0.666418
0.439269	0.579767	0.745003
0.515421	0.579767	0.710242
0.563396	0.579767	0.763749
0.563904	0.568094	0.907138
0.512375	0.568094	0.801738
0.429115	0.568094	0.577902
0.343572	0.568094	0.580385
0.260185	0.564203	0.606580
0.184795	0.556420	0.590937
0.122224	0.556420	0.625326
0.079706	0.556420	0.679702
0.065237	0.556420	0.693482
0.090874	0.544747	0.687151
0.158523	0.544747	0.696958
0.244828	0.544747	0.809808
0.326691	0.544747	0.827436
0.419216	0.544747	0.765239
0.562762	0.544747	0.898448
0.680036	0.544747	0.934451
0.752760	0.544747	0.822346
0.782840	0.544747	0.730602
0.771291	0.544747	0.758659
0.715827	0.544747	0.684295
0.635360	0.544747	0.627933
0.547278	0.540857	0.617380
0.464780	0.533074	0.529857
0.395609	0.533074	0.471633
0.346618	0.533074	0.539168
0.332403	0.533074	0.579888
0.341922	0.533074	0.554935
0.320345	0.533074	0.556052
0.288869	0.533074	0.571943
0.280239	0.533074	0.574550
0.299150	0.533074	0.533457
0.337987	0.529183	0.497083
0.380886	0.513618	0.537927
0.423023	0.494164	0.602483
0.474426	0.478599	0.643700
0.510979	0.459145	0.663191
0.492575	0.443580	0.680199
0.431654	0.424125	0.637368
0.359563	0.408560	0.585351
0.304734	0.389106	0.572812
0.273639	0.373541	0.538175
0.265135	0.354086	0.507883
0.270720	0.338521	0.559032
0.299023	0.319067	0.610801
0.353598	0.303502	0.636747
0.426196	0.284047	0.711111
0.461607	0.268482	0.719926
0.482929	0.260701	0.686530
0.546389	0.252919	0.676971
0.638660	0.241245	0.613035
0.700723	0.237355	0.584606
0.725980	0.229572	0.513842
0.708719	0.221790	0.380012
0.639421	0.217899	0.268405
0.550070	0.206226	0.253631
0.450946	0.198444	0.313470
0.349791	0.194553	0.398883
0.259043	0.182880	0.376288
0.188476	0.178989	0.258845
0.147608	0.171207	0.275978
0.140500	0.163424	0.399379
0.170834	0.155643	0.542272
0.226044	0.147860	0.545872
0.284935	0.147860	0.400869
0.306003	0.155643	0.430664
0.324407	0.167316	0.526133
0.373651	0.186770	0.569460
0.451707	0.198444	0.553321
0.500952	0.214008	0.624084
0.528620	0.233463	0.657604
0.540424	0.249028	0.623960
0.535220	0.264592	0.555680
0.512121	0.280156	0.470143
0.455895	0.295721	0.443700
0.371621	0.315175	0.428305
0.278969	0.330740	0.273743
0.203833	0.346304	0.208069
0.165884	0.361868	0.363625
0.155604	0.373541	0.403228
0.177434	0.389106	0.314339
0.251936	0.400779	0.400621
0.342810	0.420233	0.475481
0.409951	0.431906	0.390689
0.430004	0.447471	0.380137
0.456530	0.451362	0.448914
0.525194	0.451362	0.533582
0.602868	0.443580	0.547983
0.657444	0.439689	0.422471
0.686635	0.428016	0.363128
0.701612	0.424125	0.429174
0.705419	0.416343	0.465922
0.677243	0.408560	0.381999
0.608326	0.404669	0.328616
0.515040	0.392996	0.354687
0.432161	0.389106	0.384358
0.349410	0.381323	0.396276
0.272877	0.377433	0.377778
0.240640	0.369650	0.319801
0.247240	0.361868	0.284420
0.278462	0.357977	0.349596
0.328976	0.346304	0.470267
0.382917	0.342413	0.557418
0.419089	0.334631	0.509621
0.453992	0.326848	0.559528
0.513898	0.322957	0.555804
0.588526	0.311284	0.499690
0.634091	0.303502	0.601862
0.651859	0.295721	0.532464
0.619368	0.287938	0.548976
0.543216	0.276265	0.549845
0.445996	0.272374	0.392924
0.354994	0.264592	0.240223
0.274400	0.252919	0.193172
0.205483	0.245136	0.303911
0.157000	0.237355	0.277219
0.130093	0.229572	0.129609
0.119051	0.221790	0.174053
0.114862	0.214008	0.245686
0.110166	0.206226	0.213656
0.106232	0.194553	0.205214
0.118924	0.186770	0.260459
0.176545	0.175097	0.399131
0.315395	0.163424	0.603973
0.467572	0.151751	0.624705
0.582054	0.140078	0.637989
0.618860	0.124514	0.656238
0.567204	0.112841	0.481813
0.490291	0.101168	0.277095
0.405381	0.089495	0.199503
0.322757	0.077821	0.312601
0.241909	0.062258	0.369584
0.169311	0.050584	0.311608
0.118416	0.038911	0.158411
0.080467	0.027238	0.049286
0.045945	0.011673	0.116574
0.028938	0.003892	0.216263
0.017261	0.000000	0.280571
0.000000	0.011673	0.296834
0.032745	0.027238	0.325760
0.094047	0.042802	0.370453
0.143546	0.058366	0.409311
0.160426	0.070039	0.380633
0.154080	0.085604	0.239354
0.135677	0.105058	0.292862
0.101409	0.116731	0.380012
0.056099	0.132296	0.354190
0.026653	0.147860	0.366605
0.015992	0.159533	0.367970
0.023353	0.175097	0.321664
0.050895	0.186770	0.320795
0.088717	0.202335	0.310490
0.127427	0.214008	0.268281
0.164869	0.229572	0.323650
0.192156	0.241245	0.333333
0.198375	0.229572	0.280695
0.193426	0.214008	0.202483
0.229852	0.198444	0.077095
0.291408	0.186770	0.258970
0.346745	0.171207	0.470888
0.400812	0.155643	0.520422
0.465034	0.140078	0.546741
0.479502	0.128405	0.520919
0.449549	0.108950	0.442334
0.399797	0.097277	0.389323
0.354360	0.081712	0.408318
0.324153	0.070039	0.325388
0.301434	0.050584	0.280571
0.278589	0.038911	0.426567
0.292550	0.023346	0.386716
0.338368	0.007782	0.295965
0.386724	0.011673	0.391061
0.389263	0.019456	0.447052
0.373271	0.019456	0.385227
0.375428	0.031129	0.319926
0.411727	0.031129	0.464929
0.458053	0.038911	0.537058
0.499175	0.042802	0.564370
0.519863	0.050584	0.581006
0.504125	0.054475	0.529733
0.448407	0.062258	0.390441
0.390532	0.066148	0.281068
0.356137	0.070039	0.196896
0.358040	0.077821	0.008194
0.358421	0.077821	0.000000
0.345095	0.089495	0.234885
0.344206	0.089495	0.441589
0.338368	0.093385	0.516325
0.323137	0.093385	0.467784
0.300673	0.089495	0.364122
0.259678	0.089495	0.245810
0.219190	0.089495	0.213284
0.206118	0.089495	0.318187
0.238990	0.089495	0.382123
0.304480	0.089495	0.507014
0.379490	0.089495	0.652390
0.440665	0.089495	0.686282
0.468968	0.089495	0.636127
0.447646	0.089495	0.464432
0.407285	0.089495	0.391682
0.366036	0.089495	0.439354
0.325803	0.089495	0.443700
0.291661	0.085604	0.393048
0.271989	0.077821	0.333954
0.278969	0.077821	0.375791
0.311334	0.077821	0.405462
0.358040	0.077821	0.366605
0.394466	0.077821	0.303538
0.400685	0.077821	0.298572
0.394974	0.077821	0.323526
0.399543	0.077821	0.323153
0.407285	0.077821	0.314711
0.433938	0.077821	0.362880
0.487752	0.077821	0.455990
0.558447	0.077821	0.537182
0.620256	0.077821	0.567598
0.655540	0.077821	0.561639
0.619876	0.077821	0.490006
0.531032	0.077821	0.345996
0.459449	0.077821	0.212415
