0.140091	0.541860	0.449224
0.152534	0.544767	0.492970
0.157148	0.547674	0.492382
0.152429	0.551163	0.464606
0.144635	0.554070	0.450252
0.144041	0.556977	0.470925
0.160643	0.562209	0.505168
0.174834	0.567442	0.513398
0.178609	0.572674	0.496644
0.175009	0.577907	0.477882
0.174589	0.583721	0.481654
0.180461	0.590116	0.498555
0.183677	0.595930	0.498653
0.174449	0.602326	0.461324
0.168053	0.605814	0.451575
0.165467	0.605233	0.471513
0.161762	0.600581	0.499388
0.169242	0.595349	0.554010
0.193988	0.590116	0.632881
0.226075	0.584884	0.683486
0.242992	0.579651	0.691128
0.253548	0.573256	0.690736
0.275918	0.568023	0.721795
0.289479	0.569186	0.740655
0.292275	0.574419	0.736491
0.293534	0.577907	0.722089
0.306956	0.583140	0.736883
0.359560	0.589535	0.682065
0.421077	0.595349	0.568412
0.400350	0.600581	0.554010
0.343621	0.604651	0.594964
0.292380	0.608139	0.651595
0.274205	0.609302	0.687405
0.299860	0.607558	0.681575
0.311884	0.604070	0.664136
0.306711	0.598837	0.648263
0.298672	0.593605	0.644932
0.290388	0.588372	0.657032
0.285110	0.583140	0.685739
0.289479	0.577907	0.719737
0.302062	0.572674	0.743007
0.305103	0.570930	0.719541
0.300804	0.570930	0.675011
0.294303	0.570930	0.639298
0.286403	0.569767	0.616715
0.280077	0.569186	0.611816
0.284830	0.569186	0.629599
0.297868	0.570930	0.648802
0.302726	0.573256	0.606819
0.303006	0.575000	0.556361
0.304089	0.576163	0.550336
0.305977	0.577907	0.555381
0.308878	0.578488	0.555577
0.312303	0.579070	0.546465
0.315274	0.577907	0.528830
0.315904	0.577326	0.513594
0.313107	0.575581	0.502376
0.304509	0.574419	0.494783
0.294582	0.572674	0.494881
0.288710	0.571512	0.510410
0.288850	0.570349	0.532014
0.297868	0.569186	0.548229
0.302901	0.568605	0.547445
0.296470	0.567442	0.527801
0.290947	0.567442	0.528144
0.289514	0.567442	0.552687
0.291332	0.567442	0.590261
0.300524	0.566279	0.635477
0.323034	0.565698	0.683388
0.334289	0.563953	0.679224
0.329256	0.562209	0.630579
0.326180	0.560465	0.623818
0.327368	0.558140	0.646402
0.336770	0.556395	0.683437
0.347606	0.554651	0.704796
0.350891	0.553488	0.672807
0.346732	0.552325	0.623818
0.336700	0.551163	0.589183
0.328731	0.550000	0.581590
0.327787	0.548837	0.608289
0.334079	0.548256	0.633910
0.345683	0.546512	0.640768
0.349598	0.546512	0.620242
0.352220	0.544767	0.604664
0.364348	0.544767	0.639641
0.378050	0.544767	0.664332
0.386438	0.544767	0.638858
0.377735	0.546512	0.585803
0.374100	0.549419	0.541420
0.380007	0.552907	0.504384
0.357882	0.556977	0.413609
0.331562	0.561046	0.347965
0.311884	0.563372	0.334689
0.293813	0.566279	0.338510
0.276826	0.568605	0.345515
0.263160	0.570930	0.366531
0.254981	0.572674	0.401803
0.262600	0.573837	0.447019
0.278120	0.574419	0.485818
0.274100	0.575000	0.485475
0.298812	0.576163	0.472346
0.365362	0.576163	0.471268
0.372527	0.576163	0.496448
0.318106	0.577907	0.552589
0.272247	0.577907	0.631411
0.293499	0.577326	0.689218
0.342468	0.576163	0.690687
0.335372	0.576163	0.611571
0.322789	0.576163	0.555969
0.323348	0.576163	0.554794
0.325446	0.576163	0.561260
0.324886	0.576163	0.554598
0.321671	0.576163	0.546123
0.315170	0.576163	0.536227
0.310311	0.576163	0.528879
0.308913	0.576163	0.521922
0.308214	0.574419	0.491745
0.306676	0.572093	0.451428
0.302726	0.569767	0.428159
0.295211	0.566279	0.414736
0.283922	0.562791	0.407632
0.274589	0.559302	0.414197
0.271129	0.555814	0.438103
0.276407	0.554651	0.479449
0.289444	0.558721	0.527997
0.296889	0.562209	0.537599
0.299196	0.567442	0.524470
0.299336	0.571512	0.519571
0.300070	0.573837	0.527605
0.303216	0.576163	0.550923
0.301922	0.576163	0.547641
0.296330	0.574419	0.516191
0.294582	0.572674	0.501102
0.295386	0.570349	0.501053
0.294338	0.568605	0.511096
0.295701	0.566860	0.529858
0.310101	0.565116	0.566257
0.325830	0.562791	0.581541
0.321461	0.561046	0.510557
0.310661	0.558140	0.454759
0.304789	0.555814	0.487483
0.307235	0.554070	0.546172
0.318805	0.551163	0.596042
0.325096	0.548256	0.591388
0.325306	0.541860	0.567139
0.323418	0.536046	0.586489
0.327962	0.531395	0.607652
0.342398	0.530814	0.611669
0.360783	0.533139	0.614216
0.369381	0.537791	0.592809
0.362356	0.542442	0.543428
0.354841	0.545930	0.519816
0.352884	0.548256	0.512027
0.359909	0.548256	0.498359
0.360329	0.548256	0.468721
0.350542	0.548256	0.428599
0.339287	0.548256	0.405624
0.330269	0.548256	0.399745
0.326879	0.548256	0.406359
0.334743	0.547093	0.424141
0.349808	0.544186	0.442757
0.340895	0.540698	0.424239
0.321776	0.536046	0.396855
0.309263	0.530814	0.391221
0.301538	0.527907	0.397982
0.299825	0.525581	0.415030
0.307410	0.526163	0.448146
0.325131	0.528488	0.496546
0.334568	0.531395	0.509283
0.333135	0.534884	0.485818
0.332436	0.536628	0.478617
0.334883	0.538954	0.488659
0.342992	0.540698	0.510508
0.353093	0.541279	0.523931
0.360573	0.540698	0.506589
0.367040	0.539535	0.503650
0.372702	0.537791	0.527213
0.375533	0.536628	0.542106
0.375568	0.534884	0.538823
0.376896	0.533721	0.536472
0.380776	0.531977	0.540244
0.384027	0.530814	0.544506
0.384796	0.529651	0.546123
0.380391	0.529070	0.538774
0.372247	0.529070	0.524421
0.362181	0.529070	0.504825
0.353023	0.528488	0.490227
0.348095	0.527326	0.493705
0.349423	0.527326	0.507128
0.357253	0.527326	0.520747
0.349528	0.527326	0.497330
0.344600	0.526744	0.445011
0.403041	0.525581	0.400186
0.461447	0.525581	0.381228
0.436246	0.525581	0.410131
0.371269	0.526163	0.472395
0.309857	0.527907	0.546025
0.299336	0.529651	0.561456
0.322125	0.530814	0.530789
0.324292	0.532558	0.502278
0.315973	0.534302	0.490227
0.313422	0.535465	0.509822
0.319888	0.536628	0.534414
0.335302	0.538372	0.545241
0.339951	0.540698	0.540195
0.335477	0.542442	0.523588
0.331772	0.544186	0.501837
0.330968	0.545349	0.505364
0.335512	0.546512	0.556214
0.349388	0.544767	0.595062
0.370849	0.539535	0.621271
0.392031	0.531977	0.667320
0.399266	0.523837	0.668789
0.392835	0.518605	0.617695
0.381195	0.520349	0.545584
0.365956	0.527907	0.483711
0.349074	0.534884	0.439083
0.332576	0.541279	0.411600
0.317057	0.544767	0.400627
0.303880	0.549419	0.405673
0.302761	0.551744	0.423309
0.316987	0.551744	0.446235
0.324048	0.551744	0.434380
0.320063	0.550581	0.405624
0.307829	0.550000	0.402538
0.299511	0.550000	0.411405
0.304229	0.550000	0.429285
0.326389	0.548837	0.473571
0.341839	0.547674	0.490129
0.338134	0.545930	0.458384
0.326354	0.544186	0.418116
0.313562	0.541860	0.392789
0.306571	0.540116	0.392789
0.313771	0.539535	0.404595
0.320168	0.541860	0.399745
0.312268	0.544186	0.363592
0.297134	0.546512	0.339490
0.281790	0.548256	0.334983
0.275253	0.550000	0.351051
0.278993	0.549419	0.381032
0.293988	0.547093	0.417332
0.299825	0.543023	0.426248
0.291367	0.538372	0.405330
0.286963	0.534302	0.406996
0.290003	0.529070	0.427375
0.301887	0.524419	0.452359
0.315239	0.526163	0.464704
0.322964	0.536628	0.454808
0.317616	0.545349	0.422084
0.310136	0.551744	0.394895
0.311185	0.556395	0.401068
0.321042	0.558721	0.419439
0.342118	0.558721	0.436487
0.359664	0.556395	0.458482
0.366166	0.554070	0.486259
0.372597	0.551163	0.510851
0.380287	0.548837	0.522510
0.382314	0.545930	0.500220
0.377525	0.544767	0.460393
0.365851	0.544767	0.432078
0.353722	0.544767	0.418655
0.348794	0.544767	0.429579
0.345299	0.544767	0.439671
0.338833	0.543605	0.425660
0.331213	0.541860	0.405477
0.323279	0.537791	0.391907
0.313037	0.533721	0.385539
0.299581	0.529651	0.388919
0.289584	0.525581	0.404203
0.287382	0.520930	0.432861
0.297973	0.519186	0.475677
0.316917	0.522093	0.517905
0.313841	0.525581	0.495126
0.300559	0.528488	0.453437
0.295945	0.530814	0.457160
0.296575	0.532558	0.463234
0.300454	0.532558	0.448881
0.299965	0.530814	0.432029
0.295142	0.529651	0.421055
0.289934	0.528488	0.426640
0.288396	0.527326	0.448783
0.299650	0.525581	0.484691
0.315729	0.524419	0.512712
0.318840	0.523837	0.496938
0.319259	0.523837	0.474404
0.324502	0.523837	0.469505
0.334778	0.523837	0.472248
0.347291	0.524419	0.472150
0.350437	0.526744	0.438495
0.347850	0.529651	0.391515
0.347431	0.531395	0.365159
0.345474	0.533139	0.353402
0.337644	0.535465	0.354382
0.330444	0.537209	0.361926
0.331912	0.537791	0.368442
0.336386	0.537791	0.375104
0.337365	0.535465	0.383971
0.330094	0.531977	0.382746
0.316428	0.527907	0.366874
0.338029	0.525000	0.369225
0.407725	0.523256	0.402391
0.434394	0.523837	0.412972
0.386054	0.527326	0.388576
0.319224	0.533721	0.388968
0.261132	0.542442	0.421202
0.240440	0.546512	0.436291
0.246312	0.548256	0.452310
0.263404	0.548256	0.502866
0.284935	0.548256	0.569882
0.307410	0.545930	0.606966
0.330269	0.544186	0.628227
0.352639	0.541860	0.642679
0.372877	0.538954	0.646059
0.388151	0.540116	0.634498
0.390458	0.545349	0.585117
0.370919	0.552325	0.473865
0.352115	0.558140	0.409641
0.338972	0.561628	0.403615
0.326949	0.565116	0.418704
0.317476	0.568023	0.440161
0.318909	0.569186	0.464067
0.326879	0.568023	0.482340
0.326704	0.564535	0.485769
0.317581	0.560465	0.480772
0.301643	0.556977	0.475677
0.290283	0.553488	0.477098
0.290423	0.550000	0.496742
0.309088	0.547093	0.559153
0.317511	0.545349	0.583550
0.300419	0.544767	0.532357
0.288466	0.544767	0.509920
0.286998	0.544186	0.512908
0.297903	0.543023	0.525351
0.317476	0.543023	0.539068
0.331178	0.542442	0.534267
0.323174	0.541279	0.492627
0.312338	0.541279	0.447264
0.306536	0.540116	0.411551
0.307934	0.539535	0.388331
0.301818	0.538372	0.356733
0.286368	0.535465	0.319257
0.269102	0.533139	0.299025
0.253233	0.530814	0.297506
0.241105	0.531977	0.315044
0.237609	0.534884	0.348601
0.250472	0.539535	0.397345
0.265117	0.545930	0.432127
0.269032	0.552325	0.431539
0.268752	0.558721	0.422917
0.268403	0.563372	0.418067
0.272387	0.566279	0.425611
0.283502	0.567442	0.449615
0.305592	0.567442	0.495420
0.317966	0.567442	0.508597
0.311395	0.565698	0.468329
0.304089	0.565698	0.444962
0.302656	0.564535	0.448881
0.314156	0.563953	0.473277
0.328137	0.562791	0.493362
0.329151	0.561046	0.477245
0.325690	0.559302	0.458090
0.324048	0.557558	0.458482
0.325446	0.555233	0.469946
0.332296	0.553488	0.490864
0.340650	0.551744	0.506785
0.348060	0.551744	0.506344
0.346557	0.551744	0.485034
0.334498	0.551744	0.445892
0.324152	0.551744	0.418312
0.321356	0.551744	0.414589
0.326145	0.551744	0.421643
0.336001	0.551744	0.429481
0.335232	0.551744	0.406996
0.326005	0.551744	0.371038
0.315065	0.551163	0.356586
0.307725	0.550000	0.363886
0.311010	0.550000	0.398570
0.318595	0.550000	0.430167
0.324467	0.548837	0.431686
0.324152	0.547093	0.423260
0.318245	0.545349	0.417332
0.315589	0.542442	0.429285
0.319539	0.540698	0.458188
0.330619	0.538954	0.480870
0.344390	0.537209	0.488463
0.345963	0.536046	0.477245
0.339811	0.536046	0.459315
0.334254	0.534884	0.452310
0.331982	0.534302	0.454171
0.337365	0.534302	0.465782
0.344635	0.532558	0.476069
0.348270	0.532558	0.473571
0.346312	0.532558	0.469946
0.337155	0.532558	0.473963
0.330304	0.532558	0.484887
0.334603	0.532558	0.505658
0.341209	0.533139	0.517317
0.344355	0.534884	0.505315
0.341139	0.536046	0.483417
0.332261	0.537791	0.461961
0.327123	0.537791	0.457062
0.329990	0.539535	0.471415
0.340266	0.540698	0.477343
0.354491	0.542442	0.468280
0.356204	0.544186	0.460148
0.350786	0.545349	0.458335
0.350507	0.546512	0.470338
0.354736	0.546512	0.483662
0.363125	0.546512	0.483956
0.367704	0.545930	0.474159
0.362531	0.543605	0.457405
0.355610	0.541860	0.445696
0.351625	0.539535	0.446725
0.350577	0.537209	0.451379
0.352080	0.536046	0.454367
0.349074	0.534302	0.442414
0.342573	0.532558	0.424190
0.336036	0.531977	0.426346
0.335652	0.530233	0.446529
0.349948	0.529070	0.474453
0.366725	0.526744	0.496546
0.375498	0.525000	0.503503
0.368822	0.522674	0.492774
0.367389	0.520930	0.489688
0.386298	0.520349	0.510067
0.399965	0.521512	0.516534
0.450052	0.524419	0.451624
0.524117	0.526163	0.336991
0.508144	0.527326	0.319159
0.439706	0.527326	0.341596
0.364768	0.526744	0.343556
0.308004	0.523256	0.353794
0.278015	0.518605	0.375447
0.264069	0.512209	0.392544
0.261272	0.506395	0.397786
0.267214	0.503488	0.415275
0.278224	0.501163	0.452702
0.283992	0.503488	0.465586
0.283502	0.506395	0.457796
0.281056	0.509302	0.467447
0.283328	0.511047	0.486063
0.298602	0.513372	0.502229
0.307165	0.515698	0.496105
0.298532	0.518023	0.461471
0.289584	0.520349	0.441483
0.287906	0.522093	0.446186
0.302342	0.522093	0.475285
0.325690	0.521512	0.509577
0.341629	0.519186	0.516730
0.351660	0.515698	0.503307
0.357952	0.512791	0.478764
0.366166	0.509302	0.462352
0.373051	0.506977	0.449664
0.372108	0.506395	0.428061
0.363789	0.506395	0.395875
0.349353	0.508140	0.353794
0.334533	0.508140	0.325969
0.324432	0.508140	0.334444
0.321077	0.508140	0.360897
0.327753	0.508140	0.394944
0.329011	0.508140	0.407289
0.318840	0.508140	0.390486
0.309158	0.508140	0.394944
0.304963	0.508140	0.416205
0.311290	0.508140	0.430069
0.313492	0.506395	0.433743
0.301573	0.504070	0.427130
0.288256	0.501744	0.416401
0.280007	0.498837	0.409347
0.283362	0.497674	0.425562
0.296365	0.499419	0.461569
0.299965	0.501163	0.473718
0.296400	0.502907	0.468868
0.292974	0.504651	0.465635
0.294268	0.506395	0.473620
0.303460	0.508721	0.497232
0.317197	0.511047	0.510753
0.329116	0.513953	0.506687
0.328591	0.516279	0.487483
0.324607	0.518023	0.470533
0.326075	0.519767	0.472983
0.332995	0.521512	0.491060
0.345194	0.522674	0.519375
0.355086	0.523837	0.519473
0.359874	0.525000	0.494881
0.357777	0.526163	0.470582
0.354247	0.527326	0.452359
0.356833	0.527907	0.446921
0.356379	0.529070	0.431294
0.347780	0.529070	0.392789
0.344949	0.529070	0.375594
0.349843	0.529070	0.388184
0.357672	0.529070	0.421202
0.365047	0.527907	0.461912
0.368123	0.527326	0.479498
0.365030	0.527326	0.460393
