102.60	5.44	56.52
101.53	5.44	56.51
100.59	5.44	56.01
99.77	5.44	55.12
99.06	5.44	53.93
98.44	5.44	52.54
97.90	5.44	51.04
97.41	5.44	49.55
96.97	5.44	48.14
96.49	5.44	47.03
95.90	5.44	46.44
95.38	5.44	46.11
94.96	5.44	46.03
94.67	5.44	46.19
94.72	5.44	46.70
95.17	5.44	47.56
95.67	5.44	48.50
96.17	5.44	49.43
96.53	5.44	50.22
96.47	5.43	50.58
96.26	5.43	50.75
95.93	5.42	50.73
95.50	5.41	50.51
94.96	5.41	49.86
94.36	5.40	48.98
93.72	5.39	48.05
93.08	5.39	47.17
92.46	5.38	46.46
91.87	5.37	46.27
91.36	5.36	46.31
90.99	5.36	46.59
90.77	5.35	47.09
90.98	5.35	48.04
91.53	5.36	49.31
92.15	5.36	50.63
92.75	5.37	51.86
93.12	5.38	52.72
93.04	5.38	52.91
92.84	5.39	52.88
92.54	5.40	52.72
92.20	5.41	52.48
91.94	5.41	52.49
91.72	5.42	52.59
91.53	5.43	52.71
91.38	5.43	52.83
91.27	5.44	52.95
91.21	5.44	52.90
91.20	5.44	52.67
91.29	5.45	52.55
91.50	5.45	52.64
91.86	5.45	53.01
92.61	5.45	54.46
93.52	5.45	56.30
94.47	5.45	58.10
95.39	5.45	59.66
96.06	5.45	60.13
96.49	5.45	59.64
96.79	5.45	58.75
96.96	5.45	57.59
97.00	5.45	56.30
96.82	5.45	55.33
96.56	5.45	54.39
96.24	5.45	53.53
95.90	5.45	52.76
95.57	5.45	52.14
95.41	5.45	51.97
95.30	5.45	51.96
95.25	5.45	52.10
95.26	5.45	52.35
95.31	5.45	52.70
95.42	5.45	53.10
95.58	5.45	53.52
95.81	5.45	53.98
96.12	5.45	54.48
96.52	5.45	55.01
97.06	5.45	55.55
97.78	5.45	56.08
98.55	5.45	56.62
99.34	5.46	57.18
100.13	5.46	57.73
100.89	5.46	58.44
101.58	5.47	59.13
102.18	5.47	59.75
102.63	5.47	60.25
102.92	5.47	60.59
102.74	5.48	60.39
102.32	5.48	59.94
101.78	5.48	59.37
101.15	5.49	58.75
100.47	5.49	58.11
99.90	5.49	57.68
99.41	5.50	57.40
98.96	5.50	57.20
98.55	5.50	57.09
98.19	5.50	57.09
97.89	5.50	57.20
97.65	5.50	57.42
97.49	5.51	57.77
97.43	5.51	58.26
97.48	5.51	58.88
97.67	5.51	59.65
98.02	5.51	60.61
98.76	5.51	62.14
99.59	5.51	63.68
100.47	5.52	65.16
101.37	5.52	66.45
102.25	5.52	67.34
103.06	5.52	67.66
103.76	5.52	67.67
104.30	5.52	67.36
104.62	5.53	66.76
104.31	5.53	65.51
103.72	5.53	63.98
102.97	5.53	62.37
102.16	5.53	60.78
101.34	5.54	59.34
100.95	5.54	59.02
100.74	5.54	59.16
100.64	5.54	59.55
100.65	5.54	60.11
100.77	5.54	60.79
100.99	5.54	61.51
101.43	5.55	62.11
102.11	5.55	62.51
102.78	5.55	62.83
103.37	5.55	63.05
103.84	5.55	63.14
104.02	5.55	62.99
103.67	5.55	62.48
103.17	5.54	61.88
102.58	5.54	61.25
101.93	5.54	60.64
101.48	5.54	60.40
101.17	5.53	60.40
100.90	5.53	60.52
100.68	5.53	60.73
100.50	5.52	61.02
100.36	5.52	61.37
100.25	5.52	61.74
100.12	5.52	61.98
100.02	5.51	62.21
99.96	5.51	62.48
99.94	5.51	62.76
99.98	5.50	63.08
100.07	5.50	63.42
100.24	5.50	63.88
100.48	5.50	64.39
100.78	5.49	64.91
101.14	5.49	65.43
101.56	5.49	65.91
102.03	5.48	66.36
102.74	5.48	66.80
103.44	5.48	67.15
104.08	5.48	67.38
104.63	5.47	67.46
104.94	5.47	67.27
104.83	5.47	66.64
104.56	5.46	65.86
104.19	5.46	64.98
103.75	5.46	64.05
103.27	5.46	63.14
102.99	5.45	62.53
102.75	5.45	62.02
102.52	5.45	61.61
102.31	5.44	61.31
102.13	5.44	61.11
101.96	5.44	61.03
101.80	5.43	61.14
101.64	5.43	61.50
101.50	5.43	61.95
101.41	5.42	62.46
101.37	5.42	63.02
101.38	5.42	63.61
101.54	5.42	64.17
101.83	5.42	64.71
102.14	5.43	65.20
102.45	5.43	65.63
102.75	5.44	65.99
102.94	5.44	66.19
103.00	5.45	66.19
103.01	5.45	66.10
102.98	5.46	65.96
102.93	5.47	65.79
102.84	5.47	65.61
102.73	5.48	65.47
102.61	5.48	65.34
102.51	5.48	65.24
102.43	5.49	65.18
102.39	5.49	65.17
102.43	5.49	65.30
102.57	5.50	65.58
102.75	5.50	65.87
102.99	5.50	66.15
103.28	5.50	66.40
103.70	5.51	66.57
104.24	5.51	66.63
104.74	5.51	66.60
105.14	5.50	66.46
105.41	5.50	66.21
105.08	5.50	65.58
104.59	5.50	64.85
103.97	5.50	64.07
103.28	5.50	63.29
102.56	5.50	62.56
102.07	5.50	62.23
101.71	5.50	62.15
101.41	5.50	62.17
101.17	5.50	62.30
100.99	5.50	62.51
100.87	5.50	62.78
100.82	5.50	63.09
100.55	5.50	63.50
100.42	5.50	63.90
100.48	5.50	64.26
100.77	5.49	64.55
101.37	5.49	64.74
102.85	5.49	64.68
104.98	5.49	64.39
107.20	5.49	64.00
109.36	5.48	63.51
111.28	5.48	62.95
111.97	5.48	62.21
111.38	5.47	61.33
110.32	5.47	60.46
108.88	5.47	59.65
107.18	5.46	58.97
105.31	5.46	58.47
103.39	5.46	58.20
101.74	5.45	58.65
100.33	5.45	59.63
99.04	5.45	60.74
97.91	5.44	61.89
96.97	5.44	63.01
96.43	5.44	63.90
96.45	5.43	64.37
96.66	5.43	64.70
96.99	5.43	64.89
97.40	5.42	64.97
97.81	5.42	64.94
97.80	5.42	64.76
97.65	5.41	64.50
97.44	5.41	64.16
97.21	5.41	63.79
96.96	5.40	63.38
96.71	5.40	62.97
96.54	5.39	62.59
96.42	5.39	62.24
96.34	5.39	61.94
96.29	5.38	61.69
96.27	5.38	61.51
96.28	5.38	61.41
96.33	5.37	61.49
96.41	5.37	61.80
96.54	5.37	62.18
96.72	5.37	62.61
96.96	5.37	63.07
97.26	5.38	63.53
97.74	5.38	64.00
98.37	5.39	64.45
98.99	5.39	64.82
99.57	5.40	65.08
100.06	5.41	65.18
100.27	5.42	64.90
100.24	5.43	64.29
100.11	5.44	63.59
99.91	5.45	62.84
99.68	5.46	62.12
99.55	5.47	61.81
99.46	5.48	61.69
99.40	5.49	61.68
99.35	5.50	61.74
99.33	5.50	61.87
99.33	5.51	62.04
99.37	5.52	62.16
99.46	5.52	62.11
99.58	5.53	62.09
99.73	5.54	62.14
99.92	5.54	62.27
100.15	5.55	62.50
100.43	5.56	62.92
100.85	5.56	63.90
101.27	5.57	64.90
101.68	5.57	65.83
102.05	5.57	66.61
102.37	5.57	67.15
102.50	5.57	66.82
102.54	5.57	66.21
102.52	5.57	65.45
102.43	5.57	64.62
102.28	5.56	63.87
102.03	5.56	63.54
101.74	5.55	63.31
101.43	5.54	63.17
101.11	5.54	63.11
100.79	5.53	63.12
100.50	5.52	63.21
100.31	5.52	63.31
100.17	5.51	63.48
100.07	5.50	63.70
100.01	5.50	63.98
100.00	5.49	64.32
100.05	5.48	64.72
100.23	5.48	65.24
100.44	5.47	65.79
100.66	5.47	66.36
100.86	5.46	66.93
101.03	5.46	67.47
101.06	5.46	67.93
101.05	5.45	68.36
100.99	5.45	68.73
100.91	5.45	69.05
100.79	5.44	69.30
100.60	5.44	69.44
100.37	5.44	69.50
100.17	5.43	69.51
99.99	5.43	69.49
99.88	5.43	69.44
99.99	5.43	69.46
100.24	5.43	69.51
100.50	5.43	69.50
100.73	5.44	69.42
100.88	5.44	69.21
100.71	5.45	68.63
100.46	5.45	67.98
100.15	5.46	67.32
99.82	5.47	66.69
99.52	5.48	66.27
99.30	5.48	66.18
99.11	5.49	66.23
98.97	5.49	66.39
98.88	5.50	66.67
98.85	5.50	67.05
98.96	5.50	67.61
99.17	5.51	68.26
99.42	5.51	68.92
99.69	5.52	69.53
99.97	5.52	70.05
100.25	5.53	70.28
100.52	5.53	70.30
100.73	5.54	70.23
100.88	5.54	70.09
100.93	5.55	70.05
100.86	5.55	70.10
100.68	5.56	70.01
100.38	5.56	69.69
99.89	5.57	68.86
99.19	5.57	67.36
98.40	5.58	65.67
97.53	5.59	63.94
96.66	5.59	62.44
95.82	5.60	61.55
95.00	5.60	60.87
94.21	5.61	60.40
93.46	5.61	60.12
92.77	5.62	60.01
92.14	5.62	59.99
91.59	5.62	60.09
91.14	5.63	60.36
90.81	5.63	60.78
90.61	5.63	61.37
90.55	5.64	62.13
90.73	5.64	63.08
91.06	5.64	64.20
91.53	5.64	65.48
92.13	5.64	66.90
92.96	5.64	68.76
93.96	5.63	70.91
94.97	5.63	72.87
95.90	5.63	74.44
96.55	5.63	74.91
96.87	5.62	74.19
97.05	5.62	73.03
97.15	5.62	71.62
97.22	5.62	70.32
97.32	5.61	69.44
97.41	5.61	68.65
97.53	5.61	67.95
97.68	5.61	67.35
97.87	5.60	66.94
98.13	5.60	66.64
98.50	5.60	66.43
98.98	5.60	66.31
99.80	5.60	66.44
100.80	5.60	66.65
101.79	5.60	66.74
102.67	5.61	66.61
103.14	5.61	65.73
103.29	5.61	64.37
103.22	5.62	62.81
102.96	5.62	61.17
102.43	5.62	59.70
101.66	5.63	58.48
100.81	5.63	57.41
99.91	5.64	56.52
99.04	5.64	55.83
98.41	5.64	55.55
97.98	5.64	55.59
97.67	5.64	55.83
97.49	5.65	56.21
97.44	5.65	56.71
97.66	5.64	57.29
98.09	5.64	57.92
98.54	5.64	58.54
98.94	5.64	59.11
99.19	5.63	59.58
99.05	5.63	59.85
98.77	5.62	59.98
98.41	5.62	59.96
97.99	5.61	59.78
97.53	5.61	59.14
97.07	5.60	58.30
96.65	5.59	57.44
96.30	5.59	56.66
96.09	5.58	56.15
96.12	5.58	56.24
96.27	5.57	56.52
96.52	5.57	56.95
96.86	5.56	57.49
97.56	5.56	58.40
98.24	5.55	59.24
98.75	5.55	59.81
98.97	5.55	59.97
98.23	5.54	58.67
97.11	5.54	56.86
95.78	5.53	54.83
94.35	5.53	52.78
93.44	5.53	51.96
92.81	5.52	51.84
92.30	5.52	52.07
91.89	5.52	52.58
91.55	5.51	53.30
91.28	5.51	54.17
91.04	5.50	55.11
90.69	5.50	55.67
90.33	5.50	56.13
89.99	5.49	56.60
89.67	5.49	57.07
89.37	5.48	57.56
89.10	5.48	58.05
88.85	5.48	58.53
88.61	5.47	58.99
88.41	5.47	59.46
88.26	5.46	59.97
88.14	5.46	60.52
88.08	5.46	61.11
88.07	5.45	61.82
88.10	5.45	62.69
88.21	5.44	63.59
88.40	5.44	64.48
88.69	5.43	65.35
89.09	5.43	66.17
89.90	5.44	67.06
90.76	5.44	67.81
91.58	5.45	68.36
92.29	5.46	68.65
92.66	5.47	68.40
92.59	5.49	67.48
92.35	5.50	66.33
92.02	5.52	65.03
91.62	5.53	63.69
91.49	5.54	62.90
91.44	5.55	62.33
91.42	5.56	61.88
91.41	5.57	61.51
91.39	5.58	61.23
91.37	5.59	61.00
91.31	5.59	60.78
91.10	5.60	60.39
90.87	5.61	60.04
90.62	5.62	59.74
90.37	5.63	59.50
90.12	5.64	59.35
89.88	5.65	59.29
89.71	5.65	59.55
89.58	5.66	60.01
89.46	5.67	60.51
89.37	5.67	61.02
89.29	5.68	61.50
89.22	5.68	61.92
89.16	5.69	62.02
89.11	5.69	61.89
89.07	5.69	61.71
89.04	5.70	61.50
89.01	5.70	61.27
88.98	5.70	61.09
88.94	5.71	61.03
88.91	5.71	61.02
88.88	5.72	61.09
88.87	5.72	61.24
88.87	5.72	61.49
88.89	5.72	61.85
88.84	5.73	62.53
88.83	5.73	63.33
88.87	5.73	64.19
88.98	5.73	65.10
89.19	5.73	66.04
89.53	5.73	66.98
90.26	5.73	68.01
91.04	5.73	68.94
91.83	5.73	69.75
92.57	5.73	70.37
93.17	5.72	70.70
93.35	5.72	70.31
93.43	5.72	69.73
93.42	5.71	69.04
93.38	5.71	68.30
93.31	5.70	67.61
93.26	5.70	67.40
93.25	5.70	67.31
93.31	5.69	67.36
93.47	5.69	67.53
93.77	5.68	67.82
94.24	5.68	68.23
95.34	5.67	69.16
96.53	5.67	70.09
97.74	5.66	70.93
98.90	5.65	71.59
99.90	5.64	71.92
100.49	5.63	71.40
100.91	5.62	70.63
101.19	5.60	69.70
101.32	5.58	68.67
101.22	5.57	67.68
100.93	5.55	66.79
100.61	5.54	65.97
100.32	5.52	65.26
100.12	5.51	64.68
100.53	5.49	64.59
101.00	5.48	64.60
101.45	5.46	64.64
101.79	5.45	64.64
101.54	5.45	64.25
101.00	5.44	63.68
100.33	5.44	63.04
99.58	5.44	62.38
98.83	5.44	61.74
98.33	5.44	61.25
97.89	5.43	60.85
97.52	5.43	60.54
97.24	5.43	60.33
97.04	5.43	60.25
96.96	5.43	60.35
97.03	5.43	60.65
97.19	5.44	61.09
97.44	5.44	61.66
97.77	5.45	62.33
98.22	5.47	63.20
98.74	5.48	64.15
99.30	5.50	65.13
99.89	5.52	66.09
100.49	5.54	67.06
101.08	5.55	67.96
101.64	5.57	68.65
102.17	5.58	69.06
102.64	5.60	69.10
103.17	5.61	68.17
103.57	5.63	66.90
103.77	5.65	65.39
103.72	5.66	63.74
102.97	5.68	62.10
101.91	5.71	60.49
100.72	5.73	59.00
99.53	5.75	57.68
98.85	5.76	57.02
98.48	5.77	56.80
98.22	5.78	56.77
98.03	5.78	56.85
97.86	5.78	56.98
97.56	5.78	56.89
97.12	5.78	56.55
96.65	5.77	56.16
96.16	5.76	55.74
95.66	5.74	55.31
95.13	5.73	54.77
94.61	5.72	54.24
94.11	5.70	53.76
93.62	5.68	53.36
93.18	5.67	53.09
92.78	5.65	52.96
91.96	5.64	53.29
91.34	5.62	53.78
91.02	5.60	54.40
91.11	5.59	55.14
91.71	5.57	55.97
93.84	5.56	57.07
96.53	5.55	58.18
99.40	5.54	59.21
102.23	5.53	60.07
104.54	5.52	60.42
106.27	5.51	60.33
107.57	5.51	60.02
108.39	5.50	59.55
108.68	5.50	58.98
107.92	5.49	58.28
106.60	5.48	57.60
104.84	5.48	57.02
102.72	5.47	56.62
100.28	5.46	56.59
97.46	5.46	57.39
94.62	5.45	58.37
91.91	5.44	59.38
89.48	5.44	60.33
88.33	5.43	60.47
87.83	5.43	60.25
87.70	5.43	59.88
87.83	5.42	59.41
88.12	5.42	58.91
88.21	5.41	58.55
87.83	5.41	58.46
87.47	5.41	58.47
87.16	5.40	58.60
86.94	5.40	58.86
86.84	5.40	59.25
87.09	5.39	60.00
87.52	5.39	60.90
88.05	5.38	61.85
88.66	5.38	62.81
89.31	5.38	63.70
89.98	5.38	64.39
90.64	5.38	64.98
91.28	5.38	65.45
91.86	5.38	65.79
92.27	5.38	65.93
92.51	5.37	65.89
92.69	5.37	65.72
92.83	5.37	65.45
92.96	5.37	65.09
93.11	5.37	64.60
93.29	5.37	64.07
93.51	5.37	63.51
93.80	5.37	62.97
94.24	5.37	62.56
94.99	5.37	62.47
95.73	5.37	62.33
96.40	5.37	62.08
96.91	5.37	61.64
96.80	5.37	60.43
96.43	5.37	58.92
95.91	5.37	57.28
95.30	5.37	55.60
94.69	5.37	54.04
94.21	5.37	52.84
93.78	5.37	51.81
93.42	5.37	50.97
93.15	5.37	50.33
93.01	5.37	49.91
93.35	5.38	50.20
93.79	5.38	50.65
94.22	5.38	51.11
94.55	5.39	51.48
94.64	5.39	51.50
94.12	5.39	50.62
93.44	5.40	49.57
92.68	5.40	48.44
91.87	5.40	47.35
91.15	5.40	46.56
90.61	5.41	46.32
90.18	5.41	46.31
89.86	5.41	46.52
89.68	5.41	46.96
89.66	5.42	47.61
89.98	5.42	48.67
90.59	5.42	50.05
91.28	5.42	51.48
92.02	5.42	52.87
92.76	5.42	54.13
93.32	5.41	54.90
93.78	5.41	55.35
94.18	5.41	55.60
94.51	5.41	55.66
94.76	5.41	55.54
94.89	5.41	55.18
94.98	5.41	54.73
95.05	5.41	54.23
95.12	5.40	53.73
95.25	5.40	53.41
95.43	5.40	53.22
95.66	5.40	53.05
95.95	5.40	52.90
96.40	5.41	52.73
97.04	5.42	52.51
97.68	5.43	52.28
98.25	5.45	52.03
98.62	5.46	51.73
98.55	5.48	51.32
98.30	5.49	50.92
97.92	5.50	50.55
97.43	5.51	50.24
96.86	5.53	50.05
96.29	5.54	50.26
95.70	5.54	50.58
95.10	5.55	50.98
94.52	5.56	51.43
93.98	5.56	51.90
93.51	5.57	52.36
93.31	5.57	52.61
93.17	5.57	52.84
93.06	5.57	53.05
92.96	5.56	53.26
92.87	5.56	53.47
92.67	5.56	53.72
92.36	5.55	54.01
92.03	5.55	54.31
91.71	5.54	54.60
91.39	5.53	54.90
91.10	5.53	55.18
90.83	5.52	55.29
90.61	5.52	55.35
90.46	5.51	55.48
90.40	5.51	55.72
90.45	5.50	56.11
90.72	5.49	56.94
91.23	5.49	58.26
91.81	5.48	59.63
92.41	5.48	60.95
92.99	5.47	62.12
93.37	5.47	62.57
93.66	5.47	62.67
93.88	5.47	62.58
94.06	5.47	62.34
94.20	5.46	62.01
94.28	5.46	61.78
94.34	5.46	61.55
94.38	5.46	61.30
94.43	5.46	61.07
94.50	5.45	60.84
94.69	5.46	60.71
94.99	5.46	60.67
95.28	5.46	60.63
95.54	5.47	60.57
95.72	5.47	60.48
95.70	5.48	60.26
95.47	5.49	59.92
95.16	5.49	59.54
94.77	5.50	59.11
94.33	5.51	58.67
93.86	5.51	58.19
93.38	5.52	57.65
92.90	5.52	57.12
92.44	5.53	56.66
92.00	5.53	56.27
91.62	5.54	56.00
91.29	5.54	55.87
91.09	5.55	56.10
91.01	5.55	56.56
90.99	5.55	57.17
91.06	5.55	57.89
91.21	5.55	58.72
91.44	5.55	59.65
91.89	5.54	60.88
92.37	5.53	62.09
92.87	5.52	63.22
93.33	5.51	64.20
93.70	5.50	64.88
93.81	5.49	64.86
93.86	5.48	64.63
93.86	5.47	64.22
93.85	5.46	63.69
93.87	5.45	63.16
94.02	5.44	62.78
94.17	5.42	62.37
94.31	5.41	61.92
94.40	5.40	61.42
94.39	5.40	60.83
94.28	5.40	60.13
94.11	5.40	59.41
93.89	5.40	58.69
93.63	5.41	58.00
93.30	5.41	57.38
92.94	5.41	56.85
92.58	5.42	56.39
92.21	5.42	56.01
91.87	5.43	55.73
91.57	5.43	55.57
91.32	5.43	55.55
91.14	5.44	55.76
91.03	5.44	56.09
91.04	5.44	56.53
91.16	5.44	57.07
91.43	5.44	57.69
91.91	5.44	58.46
92.83	5.44	59.54
93.83	5.44	60.57
94.83	5.44	61.48
95.78	5.44	62.18
96.49	5.44	62.33
96.87	5.44	61.80
97.15	5.44	61.06
97.35	5.43	60.20
97.51	5.43	59.31
97.78	5.43	58.88
98.12	5.43	58.78
98.45	5.43	58.72
98.76	5.43	58.62
99.02	5.43	58.43
99.17	5.42	57.86
99.19	5.42	56.74
99.16	5.42	55.56
99.11	5.42	54.39
99.04	5.42	53.32
99.02	5.41	52.71
99.10	5.41	52.87
99.20	5.40	53.27
99.30	5.40	53.85
99.40	5.39	54.56
99.50	5.39	55.33
99.57	5.38	56.12
99.59	5.37	56.72
99.57	5.37	57.22
99.53	5.36	57.62
99.47	5.36	57.92
99.39	5.35	58.08
99.31	5.34	57.93
99.22	5.34	57.51
99.10	5.33	57.00
98.93	5.32	56.45
98.70	5.31	55.91
98.26	5.31	55.55
97.72	5.30	55.31
97.14	5.29	55.14
96.55	5.28	55.07
95.98	5.27	55.09
95.44	5.27	55.22
95.06	5.26	55.50
94.76	5.25	55.89
94.54	5.24	56.38
94.39	5.23	56.98
94.33	5.22	57.67
94.41	5.22	58.52
94.75	5.22	59.69
95.12	5.22	60.85
95.48	5.22	61.93
95.77	5.22	62.86
95.90	5.22	63.44
95.59	5.22	63.24
95.19	5.22	62.83
94.71	5.22	62.29
94.21	5.23	61.69
93.72	5.23	61.10
93.33	5.23	60.86
93.02	5.23	60.79
92.81	5.23	60.83
92.72	5.23	60.98
92.77	5.23	61.26
93.22	5.24	61.93
93.95	5.24	62.83
94.66	5.25	63.61
95.28	5.25	64.14
95.57	5.25	64.06
95.22	5.26	62.86
94.68	5.26	61.35
94.00	5.27	59.66
93.24	5.27	57.93
92.62	5.28	56.79
92.15	5.28	56.23
91.73	5.28	55.86
91.36	5.29	55.65
91.04	5.29	55.57
90.78	5.29	55.58
90.67	5.30	55.53
90.65	5.30	55.49
90.66	5.30	55.52
90.69	5.31	55.64
90.71	5.31	55.84
90.68	5.32	56.27
90.60	5.32	56.85
90.49	5.33	57.42
90.35	5.34	57.95
90.17	5.34	58.39
89.86	5.35	58.16
89.52	5.35	57.75
89.16	5.36	57.27
88.82	5.36	56.78
88.49	5.37	56.33
88.21	5.37	56.00
88.02	5.37	56.27
87.91	5.38	56.71
87.87	5.38	57.27
87.94	5.38	57.94
88.11	5.38	58.70
88.52	5.39	59.56
89.13	5.39	60.50
89.80	5.39	61.42
90.47	5.39	62.28
91.11	5.39	63.04
91.48	5.39	63.52
91.72	5.39	63.81
91.91	5.39	63.94
92.07	5.39	63.93
92.23	5.39	63.77
92.39	5.39	63.29
92.58	5.39	62.69
92.86	5.39	62.05
93.24	5.40	61.46
93.75	5.40	60.97
94.76	5.40	61.10
95.84	5.40	61.30
96.93	5.41	61.49
97.96	5.41	61.56
98.63	5.41	61.16
99.04	5.42	60.40
99.30	5.42	59.52
99.46	5.43	58.57
99.53	5.43	57.64
99.59	5.43	56.94
99.60	5.43	56.32
99.56	5.44	55.79
99.50	5.44	55.37
99.41	5.44	55.06
99.43	5.45	55.13
99.43	5.45	55.30
99.38	5.46	55.50
99.27	5.46	55.68
99.08	5.46	55.80
98.65	5.47	55.49
98.15	5.47	55.11
97.60	5.48	54.70
97.02	5.48	54.31
96.46	5.49	54.03
95.97	5.49	54.00
95.48	5.50	54.02
95.00	5.50	54.08
94.54	5.51	54.15
94.09	5.51	54.18
93.66	5.52	54.15
93.22	5.52	54.10
92.77	5.53	54.01
92.30	5.54	53.87
91.73	5.54	53.52
91.11	5.55	53.10
90.49	5.55	52.69
89.86	5.55	52.34
89.25	5.56	52.07
88.65	5.56	51.99
88.03	5.57	52.20
87.49	5.57	52.56
87.06	5.58	53.07
86.75	5.58	53.73
86.64	5.58	54.58
86.87	5.58	55.65
87.24	5.58	56.84
87.71	5.58	58.12
88.26	5.58	59.46
88.92	5.57	61.06
89.59	5.57	62.67
90.20	5.56	64.10
90.69	5.55	65.22
90.69	5.54	65.48
90.20	5.53	64.80
89.66	5.52	63.86
89.22	5.52	62.82
89.01	5.51	61.86
89.97	5.50	62.06
91.43	5.49	62.67
93.14	5.48	63.47
95.02	5.47	64.37
96.97	5.47	65.29
98.61	5.46	66.03
99.82	5.45	66.48
101.00	5.45	66.80
102.20	5.45	66.95
103.45	5.45	66.92
104.80	5.45	66.65
107.27	5.45	65.64
109.57	5.45	64.53
111.48	5.45	63.45
112.80	5.46	62.50
112.79	5.46	62.00
111.18	5.47	62.08
108.93	5.47	62.37
106.23	5.48	62.84
103.28	5.48	63.41
100.31	5.48	64.01
97.41	5.49	64.64
94.77	5.49	65.29
92.54	5.49	65.92
91.54	5.49	66.50
91.92	5.50	67.01
92.76	5.50	67.42
93.87	5.50	67.71
95.09	5.50	67.86
96.02	5.50	67.76
96.10	5.50	67.25
96.04	5.50	66.62
95.89	5.50	65.95
95.68	5.50	65.26
95.47	5.50	64.75
95.32	5.51	64.48
95.19	5.51	64.30
95.11	5.51	64.18
95.10	5.51	64.11
95.17	5.51	64.09
95.60	5.51	64.13
96.09	5.51	64.18
96.56	5.51	64.22
96.98	5.51	64.24
97.19	5.51	64.17
97.05	5.50	63.93
96.81	5.50	63.67
96.53	5.49	63.41
96.24	5.48	63.18
96.09	5.48	63.11
96.05	5.47	63.14
96.08	5.46	63.26
96.19	5.45	63.45
96.38	5.45	63.72
96.66	5.44	64.07
96.90	5.43	64.29
97.23	5.42	64.56
97.77	5.42	65.05
98.57	5.41	65.83
99.72	5.41	67.01
102.98	5.41	71.05
106.00	5.41	74.65
108.25	5.41	77.05
109.20	5.42	77.52
106.80	5.42	73.02
102.78	5.43	66.17
98.27	5.44	58.64
95.95	5.45	54.55
95.17	5.45	52.87
95.18	5.45	52.47
95.79	5.45	53.05
96.82	5.46	54.33
98.08	5.46	56.02
99.33	5.46	57.74
99.70	5.45	58.06
100.01	5.45	58.37
100.24	5.45	58.65
100.36	5.45	58.89
100.29	5.45	59.04
99.78	5.44	58.94
99.15	5.43	58.78
98.43	5.43	58.55
97.66	5.42	58.30
96.88	5.41	58.02
96.18	5.40	57.76
95.81	5.39	57.55
95.51	5.38	57.38
95.28	5.38	57.24
95.10	5.37	57.16
94.98	5.36	57.13
94.91	5.36	57.17
94.97	5.35	57.47
95.04	5.35	57.83
95.11	5.34	58.18
95.13	5.34	58.48
95.08	5.34	58.70
94.68	5.33	58.47
94.21	5.33	58.14
93.69	5.33	57.78
93.17	5.33	57.42
92.67	5.33	57.11
92.26	5.33	56.99
92.06	5.33	57.29
91.93	5.33	57.66
91.86	5.32	58.07
91.86	5.32	58.46
91.92	5.32	58.82
92.17	5.32	59.02
92.43	5.32	59.12
92.66	5.32	59.12
92.81	5.31	59.00
92.67	5.31	58.64
92.18	5.31	57.98
91.57	5.31	57.24
90.87	5.30	56.46
90.14	5.30	55.71
89.40	5.30	55.03
88.86	5.30	54.77
88.40	5.29	54.68
88.00	5.29	54.71
87.68	5.29	54.87
87.44	5.29	55.15
87.29	5.29	55.54
87.39	5.29	56.16
87.59	5.30	56.87
87.84	5.30	57.61
88.10	5.31	58.36
88.36	5.31	59.08
88.47	5.32	59.58
88.41	5.32	59.80
88.32	5.32	59.98
88.24	5.33	60.18
88.19	5.33	60.43
88.19	5.34	60.77
88.43	5.34	61.83
88.74	5.34	63.00
89.09	5.35	64.06
89.47	5.35	64.89
89.84	5.35	65.38
90.18	5.36	64.69
90.49	5.36	63.63
90.76	5.36	62.36
90.96	5.37	60.98
91.00	5.37	59.89
90.87	5.37	59.16
90.67	5.38	58.55
90.42	5.38	58.06
90.12	5.38	57.68
89.81	5.38	57.42
89.49	5.38	57.27
89.21	5.39	57.27
88.96	5.39	57.35
88.75	5.39	57.51
88.61	5.39	57.74
88.55	5.39	58.03
88.66	5.40	58.40
89.02	5.40	58.87
89.43	5.40	59.32
89.86	5.40	59.72
90.27	5.41	60.02
90.59	5.41	60.13
90.61	5.41	59.77
90.58	5.41	59.28
90.50	5.42	58.70
90.42	5.42	58.06
90.34	5.42	57.41
90.30	5.42	56.85
90.31	5.42	56.40
90.40	5.42	56.01
90.57	5.43	55.69
90.84	5.43	55.46
91.29	5.43	55.37
92.13	5.42	55.60
93.00	5.42	55.84
93.86	5.42	56.05
94.63	5.42	56.15
95.04	5.41	55.85
95.10	5.41	55.15
95.04	5.40	54.35
94.88	5.40	53.51
94.67	5.39	52.71
94.49	5.39	52.17
94.36	5.38	51.88
94.28	5.38	51.72
94.27	5.37	51.69
94.35	5.37	51.79
94.73	5.37	52.16
95.36	5.37	52.74
95.98	5.38	53.31
96.53	5.39	53.82
96.90	5.39	54.14
96.66	5.41	53.81
96.26	5.42	53.32
95.74	5.43	52.75
95.16	5.44	52.16
94.64	5.46	51.76
94.35	5.47	51.76
94.10	5.48	51.87
93.89	5.49	52.06
93.72	5.49	52.31
93.57	5.50	52.58
93.47	5.50	52.84
93.45	5.51	52.99
93.44	5.51	53.14
93.41	5.51	53.27
93.36	5.51	53.39
93.27	5.50	53.51
93.05	5.50	53.59
92.70	5.49	53.65
92.31	5.49	53.70
91.88	5.48	53.75
91.43	5.47	53.81
90.96	5.47	53.88
90.48	5.46	53.96
90.01	5.45	54.07
89.55	5.45	54.19
89.13	5.44	54.36
88.74	5.44	54.55
88.41	5.43	54.80
88.30	5.42	55.25
88.23	5.42	55.73
88.19	5.41	56.21
88.16	5.40	56.65
88.12	5.40	57.04
87.96	5.39	57.17
87.62	5.39	56.98
87.26	5.38	56.74
86.91	5.37	56.48
86.59	5.37	56.26
86.32	5.36	56.13
86.16	5.35	56.20
86.15	5.35	56.58
86.23	5.34	57.11
86.40	5.34	57.77
86.67	5.33	58.58
87.04	5.33	59.53
87.69	5.33	61.01
88.42	5.33	62.58
89.17	5.34	64.06
89.88	5.34	65.34
90.50	5.35	66.26
90.74	5.35	65.98
90.89	5.35	65.38
90.97	5.36	64.57
91.01	5.36	63.66
91.04	5.36	62.76
91.11	5.37	62.44
91.22	5.37	62.24
91.39	5.37	62.11
91.63	5.38	62.05
91.97	5.38	62.04
92.71	5.38	62.14
93.54	5.38	62.24
94.38	5.39	62.31
95.16	5.39	62.31
95.81	5.39	62.19
95.89	5.39	61.56
95.78	5.39	60.79
95.54	5.40	59.98
95.22	5.40	59.18
94.86	5.40	58.46
94.55	5.40	58.06
94.29	5.40	57.96
94.08	5.41	57.98
93.92	5.41	58.11
93.83	5.41	58.32
93.90	5.41	58.62
94.26	5.41	59.01
94.65	5.40	59.40
95.03	5.40	59.76
95.34	5.40	60.06
95.37	5.39	60.14
95.04	5.39	59.97
94.64	5.38	59.71
94.20	5.38	59.40
93.77	5.37	59.06
93.48	5.37	58.74
93.48	5.36	58.51
93.53	5.36	58.31
93.61	5.35	58.13
93.71	5.34	58.01
93.77	5.34	58.03
93.79	5.33	58.16
93.76	5.33	58.26
93.68	5.32	58.30
93.52	5.32	58.23
93.11	5.31	57.56
92.60	5.31	56.70
92.04	5.30	55.76
91.45	5.29	54.81
90.88	5.29	53.91
90.34	5.28	53.14
89.93	5.28	52.77
89.59	5.27	52.58
89.34	5.26	52.58
89.19	5.26	52.79
89.18	5.25	53.21
89.43	5.25	54.14
89.97	5.26	55.57
90.57	5.27	57.03
91.16	5.28	58.38
91.69	5.29	59.53
91.90	5.30	59.76
91.86	5.31	59.28
91.72	5.32	58.56
91.53	5.33	57.69
91.32	5.34	56.77
91.15	5.35	56.17
91.07	5.36	56.01
91.04	5.37	55.98
91.07	5.38	56.09
91.16	5.38	56.32
91.34	5.39	56.66
91.71	5.39	57.26
92.27	5.39	58.08
92.87	5.39	58.88
93.47	5.39	59.59
94.05	5.39	60.14
94.46	5.38	60.04
94.74	5.38	59.48
94.97	5.37	58.78
95.14	5.37	58.01
95.26	5.36	57.26
95.37	5.36	56.87
95.48	5.35	57.01
95.56	5.35	57.19
95.60	5.34	57.34
95.60	5.34	57.39
95.57	5.34	57.09
95.48	5.33	56.18
95.36	5.33	55.15
95.19	5.32	54.08
94.98	5.32	53.05
94.70	5.32	52.40
94.34	5.32	52.21
93.96	5.32	52.19
93.55	5.32	52.31
93.15	5.32	52.54
92.76	5.32	52.86
92.39	5.32	53.23
92.06	5.32	53.47
91.79	5.32	53.75
91.58	5.32	54.06
91.44	5.32	54.39
91.40	5.32	54.75
91.46	5.32	55.14
91.90	5.31	55.63
92.39	5.31	56.12
92.89	5.30	56.57
93.35	5.30	56.98
93.72	5.29	57.30
93.65	5.28	57.31
93.50	5.27	57.27
93.29	5.26	57.18
93.05	5.25	57.09
92.81	5.24	57.02
92.74	5.23	57.24
92.74	5.21	57.55
92.79	5.20	57.86
92.90	5.19	58.14
93.05	5.19	58.35
93.33	5.19	58.39
93.70	5.20	58.26
94.08	5.21	58.03
94.44	5.23	57.72
94.76	5.24	57.33
94.85	5.25	56.80
94.82	5.27	56.21
94.74	5.28	55.58
94.62	5.29	54.94
94.46	5.30	54.30
94.31	5.31	53.71
94.24	5.32	53.32
94.18	5.32	52.97
94.12	5.33	52.66
94.07	5.34	52.36
94.02	5.34	52.09
93.99	5.35	51.79
93.99	5.35	51.44
93.98	5.35	51.11
93.95	5.35	50.82
93.88	5.35	50.56
93.76	5.35	50.36
93.12	5.35	50.38
92.45	5.35	50.45
91.84	5.35	50.57
91.36	5.35	50.72
91.07	5.35	50.89
91.06	5.36	51.06
92.18	5.36	51.03
94.29	5.36	50.85
96.44	5.36	50.72
98.47	5.36	50.71
100.18	5.36	50.84
101.41	5.36	51.16
100.92	5.36	52.12
99.53	5.35	53.37
97.79	5.35	54.70
95.85	5.35	56.02
93.84	5.35	57.24
92.24	5.34	57.70
90.84	5.34	57.96
89.69	5.33	58.14
88.85	5.33	58.30
88.39	5.33	58.49
88.68	5.32	59.02
90.03	5.32	60.10
91.58	5.32	61.15
93.19	5.31	62.05
94.69	5.31	62.71
95.44	5.31	62.61
95.69	5.30	61.99
95.72	5.30	61.15
95.57	5.30	60.16
95.31	5.29	59.16
95.05	5.29	58.37
94.74	5.28	57.65
94.39	5.28	57.00
94.03	5.28	56.47
93.67	5.27	56.08
93.38	5.27	56.00
93.18	5.27	56.27
93.03	5.26	56.66
92.94	5.26	57.15
92.92	5.26	57.70
92.97	5.25	58.28
93.26	5.25	58.87
93.66	5.25	59.42
94.05	5.24	59.88
94.41	5.24	60.20
94.68	5.24	60.33
94.58	5.24	59.84
94.38	5.24	59.18
94.10	5.24	58.43
93.77	5.24	57.63
93.40	5.24	56.87
93.00	5.24	56.42
92.62	5.23	56.06
92.30	5.23	55.82
92.06	5.24	55.71
91.98	5.24	55.79
92.27	5.25	56.30
92.63	5.26	56.83
93.02	5.27	57.31
93.37	5.28	57.62
93.47	5.29	57.28
93.41	5.30	56.53
93.28	5.31	55.63
93.09	5.32	54.65
92.87	5.33	53.71
92.65	5.34	53.16
92.43	5.35	52.71
92.21	5.35	52.36
91.99	5.36	52.12
91.79	5.37	51.97
91.57	5.37	51.88
91.39	5.38	51.89
91.28	5.38	52.04
91.27	5.39	52.33
91.39	5.39	52.79
91.97	5.39	53.90
92.64	5.39	55.07
93.32	5.39	56.18
93.94	5.38	57.11
94.29	5.38	57.41
94.24	5.38	56.88
94.09	5.38	56.12
93.87	5.37	55.25
93.63	5.37	54.39
93.55	5.37	54.03
93.59	5.37	54.07
93.65	5.36	54.25
93.72	5.36	54.55
93.79	5.36	54.93
93.84	5.36	55.35
93.89	5.36	55.77
93.87	5.36	56.20
93.78	5.36	56.62
93.60	5.37	57.01
93.10	5.37	57.21
92.41	5.37	57.32
91.67	5.37	57.41
90.90	5.38	57.50
90.16	5.38	57.63
89.58	5.38	57.87
89.22	5.38	58.29
88.98	5.38	58.77
88.84	5.38	59.32
88.81	5.38	59.91
88.89	5.38	60.55
89.23	5.39	61.36
89.64	5.38	62.16
90.09	5.38	62.90
90.52	5.38	63.54
90.86	5.38	63.87
91.05	5.38	63.85
91.17	5.38	63.71
91.22	5.38	63.51
91.20	5.38	63.32
91.06	5.38	63.26
90.79	5.38	63.47
90.48	5.38	63.74
90.16	5.38	64.08
89.86	5.38	64.47
89.63	5.38	64.90
89.55	5.38	65.37
89.53	5.38	65.85
89.56	5.38	66.34
89.65	5.38	66.80
89.91	5.38	67.31
90.20	5.38	67.75
90.45	5.38	68.07
90.61	5.37	68.24
90.43	5.37	67.95
90.00	5.37	67.32
89.48	5.37	66.58
88.91	5.37	65.82
88.35	5.37	65.11
87.91	5.37	64.86
87.57	5.37	64.81
87.33	5.37	64.88
87.20	5.37	65.06
87.22	5.37	65.34
87.58	5.37	65.83
88.15	5.37	66.40
88.79	5.36	66.90
89.45	5.36	67.25
90.02	5.36	67.22
90.40	5.36	66.55
90.70	5.36	65.70
90.91	5.36	64.75
91.02	5.36	63.79
90.89	5.36	63.05
90.63	5.36	62.50
90.35	5.35	62.10
90.09	5.35	61.90
89.90	5.35	61.92
89.83	5.35	62.20
89.92	5.35	62.75
90.23	5.35	63.63
90.80	5.35	64.85