0.345351	0.423333	0.530339
0.333952	0.536667	0.498515
0.319670	0.634444	0.488999
0.307973	0.707778	0.497031
0.307973	0.740000	0.521926
0.315727	0.737778	0.547088
0.308105	0.732222	0.529006
0.294817	0.728889	0.508146
0.288588	0.724444	0.526989
0.293956	0.720000	0.558165
0.309895	0.716667	0.581081
0.301511	0.715555	0.548306
0.278779	0.717778	0.492539
0.267944	0.717778	0.477351
0.263868	0.717778	0.490636
0.263371	0.717778	0.528930
0.270628	0.717778	0.557518
0.284777	0.716667	0.554701
0.281231	0.713333	0.541568
0.267016	0.710000	0.531405
0.259858	0.706667	0.536506
0.264994	0.704444	0.553407
0.283518	0.705555	0.575752
0.287362	0.707778	0.565702
0.276625	0.711111	0.541378
0.262244	0.714444	0.539208
0.263934	0.714444	0.561096
0.287030	0.711111	0.594633
0.314733	0.694444	0.601561
0.331964	0.674444	0.597678
0.327424	0.654444	0.578226
0.301842	0.634444	0.533346
0.285771	0.617778	0.521774
0.281728	0.597778	0.514655
0.281662	0.574444	0.477008
0.264000	0.548889	0.430072
0.238319	0.521111	0.398325
0.220856	0.494444	0.406509
0.219564	0.468889	0.425771
0.235138	0.447778	0.436924
0.237789	0.432222	0.431671
0.230201	0.421111	0.425466
0.223540	0.407778	0.434374
0.233514	0.395555	0.441378
0.249188	0.384444	0.432014
0.246835	0.378889	0.396498
0.238750	0.372222	0.374534
0.234078	0.365555	0.379558
0.243555	0.365555	0.387248
0.259759	0.373333	0.384850
0.262145	0.381111	0.359840
0.258997	0.388889	0.335554
0.258367	0.395555	0.327979
0.272583	0.397778	0.328512
0.291206	0.397778	0.319185
0.282689	0.393333	0.266882
0.266287	0.388889	0.218234
0.257572	0.385555	0.207385
0.254192	0.380000	0.214161
0.256412	0.376667	0.230415
0.257174	0.372222	0.245641
0.257671	0.368889	0.257099
0.271655	0.365555	0.274458
0.291007	0.362222	0.286867
0.293757	0.358889	0.269928
0.289516	0.355555	0.249448
0.287428	0.351111	0.246555
0.295116	0.352222	0.253750
0.311518	0.360000	0.265093
0.311485	0.367778	0.262581
0.301909	0.375555	0.254435
0.298728	0.382222	0.258470
0.300119	0.384444	0.259802
0.303731	0.382222	0.248116
0.300782	0.374444	0.235211
0.294287	0.368889	0.228169
0.296905	0.368889	0.237457
0.309298	0.381111	0.254968
0.328385	0.410000	0.265284
0.340215	0.441111	0.267187
0.342203	0.466667	0.260335
0.345782	0.488889	0.243434
0.349626	0.512222	0.223487
0.350288	0.536667	0.209098
0.347637	0.561111	0.204606
0.341971	0.576667	0.210506
0.334979	0.587778	0.212562
0.327855	0.596667	0.206509
0.321923	0.601111	0.208260
0.316655	0.604444	0.218767
0.309961	0.607778	0.235516
0.305984	0.611111	0.255691
0.309630	0.620000	0.276551
0.305487	0.631111	0.278302
0.293194	0.641111	0.256566
0.313805	0.651111	0.238180
0.363311	0.656667	0.237115
0.416959	0.662222	0.274572
0.449433	0.666667	0.326266
0.416794	0.672222	0.298592
0.349559	0.675555	0.257099
0.284943	0.680000	0.288694
0.245709	0.684444	0.333498
0.247598	0.684444	0.348991
0.257340	0.684444	0.354777
0.259129	0.682222	0.358356
0.258897	0.681111	0.360411
0.259129	0.677778	0.366159
0.263536	0.675555	0.387667
0.273974	0.674444	0.414922
0.292929	0.672222	0.428816
0.313871	0.671111	0.447697
0.330241	0.671111	0.483822
0.341606	0.671111	0.492958
0.346179	0.671111	0.467377
0.341275	0.677778	0.434564
0.329313	0.687778	0.396650
0.313473	0.697778	0.354777
0.294884	0.707778	0.334526
0.275863	0.714444	0.343586
0.261151	0.718889	0.361134
0.254391	0.721111	0.374876
0.256810	0.721111	0.383784
0.266486	0.721111	0.387514
0.266883	0.718889	0.400114
0.261018	0.716667	0.412752
0.257505	0.714444	0.409897
0.266651	0.714444	0.434183
0.286467	0.718889	0.483441
0.288521	0.725555	0.464979
0.279276	0.730000	0.427408
0.268341	0.735555	0.425809
0.259328	0.738889	0.439513
0.256346	0.741111	0.459840
0.261979	0.741111	0.477617
0.275797	0.741111	0.484241
0.277487	0.740000	0.468976
0.268905	0.737778	0.443434
0.260653	0.737778	0.431252
0.256081	0.734444	0.433003
0.260057	0.734444	0.454587
0.268109	0.734444	0.470689
0.276029	0.736667	0.456909
0.279840	0.737778	0.435402
0.278249	0.740000	0.419947
0.277752	0.741111	0.416026
0.281994	0.741111	0.427636
0.288555	0.741111	0.433270
0.295977	0.738889	0.423106
0.295182	0.736667	0.412676
0.287494	0.733333	0.408869
0.285274	0.730000	0.420289
0.290742	0.726667	0.443510
0.298297	0.724444	0.458546
0.304096	0.722222	0.460792
0.299854	0.721111	0.456490
0.290311	0.717778	0.452227
0.286500	0.716667	0.462885
0.286368	0.714444	0.477274
0.284943	0.714444	0.473278
0.280767	0.714444	0.465626
0.272550	0.714444	0.475181
0.264000	0.714444	0.486791
0.258698	0.714444	0.486943
0.254324	0.714444	0.478683
0.249420	0.711111	0.463913
0.243157	0.711111	0.462581
0.235635	0.708889	0.487933
0.239048	0.710000	0.521317
0.257406	0.712222	0.549600
0.261946	0.716667	0.543852
0.255451	0.720000	0.523182
0.254192	0.722222	0.532775
0.264033	0.724444	0.560069
0.291272	0.727778	0.595051
0.303930	0.732222	0.588999
0.297104	0.736667	0.546631
0.294950	0.740000	0.538599
0.295812	0.742222	0.545641
0.297965	0.744444	0.541226
0.300716	0.744444	0.525581
0.304328	0.741111	0.502322
0.306018	0.736667	0.478455
0.298694	0.732222	0.465969
0.288323	0.728889	0.464065
0.287063	0.724444	0.470841
0.294122	0.720000	0.481500
0.299423	0.716667	0.484164
0.303930	0.712222	0.486182
0.314699	0.706667	0.512524
0.325303	0.704444	0.533765
0.327987	0.706667	0.511877
0.333157	0.712222	0.508451
0.340215	0.721111	0.534031
0.323812	0.734444	0.486182
0.298363	0.747778	0.426228
0.278945	0.754444	0.414008
0.264630	0.760000	0.423449
0.257671	0.761111	0.445375
0.253264	0.761111	0.455539
0.248194	0.758889	0.436962
0.238717	0.756667	0.431785
0.226788	0.753333	0.451275
0.220525	0.751111	0.478264
0.229372	0.747778	0.508298
0.266486	0.745555	0.541759
0.291802	0.743333	0.559041
0.291007	0.741111	0.556528
0.286633	0.740000	0.551313
0.294817	0.737778	0.566768
0.318146	0.735555	0.602246
0.315992	0.734444	0.576285
0.300186	0.731111	0.535630
0.293028	0.731111	0.550438
0.293757	0.727778	0.570651
0.304560	0.725555	0.557975
0.309298	0.720000	0.543091
0.302306	0.715555	0.541454
0.300782	0.708889	0.559878
0.305521	0.704444	0.579216
0.308039	0.706667	0.554815
0.305289	0.712222	0.526951
0.297535	0.715555	0.524515
0.294552	0.717778	0.535287
0.298032	0.717778	0.548420
0.294486	0.721111	0.535287
0.300152	0.721111	0.505063
0.355756	0.721111	0.489227
0.406389	0.721111	0.485306
0.382464	0.724444	0.491930
0.327026	0.728889	0.505710
0.279210	0.734444	0.523906
0.263669	0.740000	0.529730
0.283849	0.744444	0.519985
0.299655	0.748889	0.515645
0.297468	0.753333	0.525504
0.298032	0.757778	0.550895
0.305653	0.760000	0.584507
0.311651	0.761111	0.579368
0.315064	0.757778	0.546517
0.318311	0.755555	0.547050
0.321227	0.752222	0.568367
0.321294	0.751111	0.594785
0.327258	0.751111	0.625010
0.357744	0.752222	0.670499
0.369607	0.755555	0.656262
0.326496	0.762222	0.528359
0.289946	0.765555	0.459840
0.272682	0.767778	0.467568
0.268441	0.771111	0.496041
0.272450	0.771111	0.516368
0.270363	0.772222	0.506281
0.260587	0.774444	0.474381
0.247796	0.774444	0.459459
0.236364	0.776667	0.462733
0.229903	0.777778	0.485954
0.237126	0.777778	0.520289
0.267016	0.777778	0.556604
0.281596	0.777778	0.546174
0.274902	0.774444	0.503045
0.271887	0.774444	0.511153
0.278017	0.774444	0.547392
0.302406	0.774444	0.590560
0.325502	0.776667	0.607385
0.332328	0.780000	0.578949
0.332626	0.783333	0.560487
0.330704	0.784444	0.560678
0.331964	0.787778	0.577579
0.336305	0.787778	0.600723
0.338127	0.786667	0.602703
0.335377	0.780000	0.582528
0.326297	0.771111	0.571869
0.315197	0.760000	0.575295
0.310060	0.747778	0.603426
0.308205	0.737778	0.632014
0.305024	0.732222	0.619147
0.299390	0.728889	0.594861
0.289847	0.727778	0.602132
0.291073	0.724444	0.622840
0.311684	0.724444	0.642406
0.319604	0.721111	0.634793
0.313507	0.720000	0.617853
0.306713	0.717778	0.627370
0.314865	0.721111	0.642025
0.330373	0.731111	0.642710
0.328981	0.744444	0.614922
0.321294	0.754444	0.584241
0.313606	0.762222	0.563304
0.307774	0.766667	0.557823
0.313175	0.772222	0.561782
0.336537	0.774444	0.567149
0.350885	0.777778	0.575371
0.350553	0.781111	0.569166
0.339353	0.784444	0.539817
0.322321	0.787778	0.529045
0.313308	0.790000	0.544195
0.322420	0.790000	0.576703
0.325303	0.786667	0.575485
0.316157	0.780000	0.544309
0.297369	0.775555	0.506547
0.278117	0.770000	0.492653
0.265922	0.763333	0.511153
0.271688	0.758889	0.557823
0.288886	0.754444	0.601637
0.303665	0.751111	0.603997
0.306614	0.748889	0.595813
0.305454	0.745555	0.600152
0.312943	0.742222	0.629692
0.310425	0.738889	0.602589
0.296673	0.735555	0.532661
0.286732	0.730000	0.534716
0.281231	0.725555	0.565436
0.281629	0.722222	0.572402
0.286765	0.714444	0.577046
0.295348	0.704444	0.600990
0.299523	0.694444	0.614199
0.297568	0.684444	0.609250
0.298595	0.675555	0.620061
0.306482	0.681111	0.613361
0.311187	0.703333	0.575371
0.292895	0.721111	0.532166
0.271456	0.734444	0.513818
0.260355	0.742222	0.527826
0.267082	0.744444	0.537000
0.280900	0.742222	0.526266
0.274902	0.741111	0.488390
0.263934	0.737778	0.471755
0.261184	0.735555	0.501523
0.281364	0.734444	0.541606
0.312877	0.734444	0.564560
0.314799	0.734444	0.536696
0.308138	0.735555	0.520061
0.308503	0.737778	0.543776
0.321459	0.737778	0.569433
0.343230	0.740000	0.578074
0.343959	0.742222	0.553331
0.330042	0.744444	0.514846
0.316721	0.745555	0.495584
0.308934	0.747778	0.494709
0.315727	0.747778	0.520784
0.329246	0.750000	0.546974
0.340579	0.751111	0.541949
0.343462	0.754444	0.520746
0.335642	0.754444	0.499048
0.330207	0.757778	0.501256
0.334118	0.757778	0.536277
0.344754	0.757778	0.552265
0.359335	0.756667	0.533612
0.363974	0.754444	0.514808
0.361886	0.753333	0.506167
0.357446	0.751111	0.522573
0.370237	0.750000	0.541987
0.433395	0.747778	0.531976
0.487474	0.743333	0.508222
0.464146	0.736667	0.490445
0.409106	0.730000	0.488352
0.358506	0.726667	0.521850
0.324740	0.715555	0.549600
0.320001	0.686667	0.530719
0.315163	0.647778	0.525162
0.300683	0.607778	0.556262
0.307012	0.564444	0.582718
0.325568	0.524444	0.593072
0.331102	0.484444	0.588276
0.332361	0.444444	0.585154
0.353966	0.401111	0.607918
0.425774	0.361111	0.678074
0.369938	0.321111	0.582490
0.303963	0.281111	0.488238
0.323613	0.237778	0.518729
0.339419	0.197778	0.550019
0.335377	0.156667	0.536087
0.329412	0.114444	0.468862
0.342899	0.092222	0.457861
0.362416	0.094444	0.485954
0.353370	0.113333	0.448420
0.358307	0.134444	0.402931
0.360229	0.158889	0.340160
0.328054	0.191111	0.239056
0.305255	0.214444	0.185421
0.295580	0.227778	0.174267
0.293724	0.235555	0.176818
0.294387	0.237778	0.174419
0.291835	0.234444	0.151960
0.284678	0.228889	0.134412
0.275200	0.223333	0.128664
0.268540	0.216667	0.128283
0.268871	0.214444	0.135249
0.277387	0.216667	0.149067
0.277189	0.222222	0.147887
0.270528	0.226667	0.141112
0.266883	0.230000	0.151427
0.279011	0.238889	0.171146
0.308635	0.253333	0.191930
0.323149	0.268889	0.200799
0.319637	0.283333	0.188428
0.307144	0.295555	0.162657
0.311452	0.311111	0.178645
0.338061	0.328889	0.217016
0.375472	0.344444	0.241606
0.367188	0.364444	0.225010
0.340546	0.384444	0.183784
0.325005	0.402222	0.144081
0.309762	0.418889	0.126304
0.306780	0.428889	0.135402
0.319902	0.428889	0.163190
0.318344	0.423333	0.166007
0.304460	0.416667	0.150780
0.286600	0.410000	0.133270
0.269965	0.402222	0.122269
0.269070	0.398889	0.143015
0.286301	0.404444	0.196231
0.285440	0.412222	0.205672
0.275896	0.420000	0.197982
0.270097	0.425555	0.202018
0.269534	0.430000	0.210011
0.279442	0.431111	0.227674
0.304692	0.431111	0.262429
0.322586	0.431111	0.262847
0.326198	0.431111	0.234031
0.318643	0.431111	0.210925
0.311121	0.431111	0.198363
0.310060	0.431111	0.198858
0.314169	0.431111	0.210278
0.325038	0.431111	0.227826
0.345450	0.433333	0.243586
0.367453	0.436667	0.266197
0.382398	0.438889	0.292082
0.377692	0.442222	0.285268
0.360925	0.445555	0.260868
0.346478	0.447778	0.250514
0.336106	0.450000	0.251922
0.331931	0.451111	0.263989
0.339983	0.451111	0.295470
0.363874	0.454444	0.349182
0.389158	0.454444	0.381157
0.400954	0.457778	0.371793
0.383955	0.458889	0.316863
0.365863	0.461111	0.274001
0.364272	0.462222	0.276094
0.373915	0.464444	0.294557
0.391378	0.464444	0.314846
0.391245	0.463333	0.312295
0.375141	0.461111	0.293148
0.365597	0.457778	0.293034
0.360494	0.455555	0.302322
0.357015	0.452222	0.306738
0.356750	0.448889	0.311534
0.363013	0.446667	0.329425
0.375307	0.443333	0.352646
0.394062	0.441111	0.366997
0.405362	0.437778	0.362733
0.396945	0.434444	0.334298
0.385579	0.431111	0.309517
0.379316	0.428889	0.302398
0.374379	0.425555	0.305634
0.370667	0.421111	0.317282
0.372921	0.421111	0.330301
0.381934	0.425555	0.340236
0.386904	0.432222	0.347545
0.386308	0.436667	0.350742
0.383193	0.442222	0.345489
0.381337	0.445555	0.339779
0.385281	0.447778	0.344880
0.395553	0.451111	0.352722
0.407946	0.450000	0.354473
0.400358	0.447778	0.335896
0.381503	0.447778	0.311153
0.370469	0.447778	0.306738
0.365299	0.447778	0.313742
0.361488	0.447778	0.327598
0.376831	0.446667	0.333574
0.436013	0.443333	0.313514
0.472463	0.440000	0.291435
0.438399	0.436667	0.286106
0.384883	0.433333	0.294062
0.343098	0.431111	0.316064
0.320366	0.427778	0.335973
0.327192	0.423333	0.341911
0.334615	0.420000	0.338485
0.329147	0.416667	0.328321
0.322752	0.413333	0.316673
0.319836	0.408889	0.307461
0.320034	0.406667	0.304911
0.324508	0.405555	0.312295
0.336470	0.408889	0.330529
0.354828	0.417778	0.354473
0.359832	0.427778	0.343396
0.354198	0.437778	0.311572
0.350818	0.445555	0.301332
0.349990	0.452222	0.303426
0.352508	0.458889	0.308641
0.358937	0.465555	0.320632
0.371396	0.470000	0.347545
0.382464	0.474444	0.368100
0.383988	0.474444	0.359231
